{"prediction": [[[0.8982204795031052, 0.03340037556935817, 0.012887746169772256, 0.013845261697722565, 0.02795110020703933, 0.013695036853002069], [0.8982204795031052, 0.03340037556935817, 0.012887746169772256, 0.013845261697722565, 0.02795110020703933, 0.013695036853002069], [0.8982204795031052, 0.03340037556935817, 0.012887746169772256, 0.013845261697722565, 0.02795110020703933, 0.013695036853002069], [0.8982204795031052, 0.03340037556935817, 0.012887746169772256, 0.013845261697722565, 0.02795110020703933, 0.013695036853002069], [0.8982204795031052, 0.03340037556935817, 0.012887746169772256, 0.013845261697722565, 0.02795110020703933, 0.013695036853002069], [0.8982204795031052, 0.03340037556935817, 0.012887746169772256, 0.013845261697722565, 0.02795110020703933, 0.013695036853002069], [0.8982204795031052, 0.03340037556935817, 0.012887746169772256, 0.013845261697722565, 0.02795110020703933, 0.013695036853002069], [0.8982441112484547, 0.03333115245158632, 0.012919945199835187, 0.01387272641120725, 0.027908820354346928, 0.013723244334569427], [0.8983235928289275, 0.033098331611465616, 0.013028241466626152, 0.013965099564468755, 0.027766618859515854, 0.013818115668996253], [0.9092712523887204, 0.027934423056008698, 0.012541585333644061, 0.01326011248349258, 0.023845244154431754, 0.013147382583702322], [0.9091918877128393, 0.027826417241908263, 0.012628380733241294, 0.013337814695505445, 0.023788988188372447, 0.01322651142813315], [0.9091691756075196, 0.02779550878801773, 0.012653219318355495, 0.013360051046920373, 0.023772889194559076, 0.013249156044627848], [0.9091691756075196, 0.02779550878801773, 0.012653219318355495, 0.013360051046920373, 0.023772889194559076, 0.013249156044627848], [0.9091691756075196, 0.02779550878801773, 0.012653219318355495, 0.013360051046920373, 0.023772889194559076, 0.013249156044627848], [0.9091691756075196, 0.02779550878801773, 0.012653219318355495, 0.013360051046920373, 0.023772889194559076, 0.013249156044627848], [0.9091691756075196, 0.02779550878801773, 0.012653219318355495, 0.013360051046920373, 0.023772889194559076, 0.013249156044627848], [0.9091691756075196, 0.02779550878801773, 0.012653219318355495, 0.013360051046920373, 0.023772889194559076, 0.013249156044627848], [0.9091691756075196, 0.02779550878801773, 0.012653219318355495, 0.013360051046920373, 0.023772889194559076, 0.013249156044627848], [0.9091691756075196, 0.02779550878801773, 0.012653219318355495, 0.013360051046920373, 0.023772889194559076, 0.013249156044627848], [0.906581166260361, 0.028923454249959374, 0.012821390216154721, 0.01357302356574029, 0.02464586608158622, 0.013455099626198603], [0.9091691756075196, 0.02779550878801773, 0.012653219318355495, 0.013360051046920373, 0.023772889194559076, 0.013249156044627848], [0.9091691756075196, 0.02779550878801773, 0.012653219318355495, 0.013360051046920373, 0.023772889194559076, 0.013249156044627848], [0.9091691756075196, 0.02779550878801773, 0.012653219318355495, 0.013360051046920373, 0.023772889194559076, 0.013249156044627848], [0.9091691756075196, 0.02779550878801773, 0.012653219318355495, 0.013360051046920373, 0.023772889194559076, 0.013249156044627848], [0.9091691756075196, 0.02779550878801773, 0.012653219318355495, 0.013360051046920373, 0.023772889194559076, 0.013249156044627848], [0.9091691756075196, 0.02779550878801773, 0.012653219318355495, 0.013360051046920373, 0.023772889194559076, 0.013249156044627848], [0.9091691756075196, 0.02779550878801773, 0.012653219318355495, 0.013360051046920373, 0.023772889194559076, 0.013249156044627848], [0.906581166260361, 0.028923454249959374, 0.012821390216154721, 0.01357302356574029, 0.02464586608158622, 0.013455099626198603], [0.9091691756075196, 0.02779550878801773, 0.012653219318355495, 0.013360051046920373, 0.023772889194559076, 0.013249156044627848], [0.9091691756075196, 0.02779550878801773, 0.012653219318355495, 0.013360051046920373, 0.023772889194559076, 0.013249156044627848], [0.9091691756075196, 0.02779550878801773, 0.012653219318355495, 0.013360051046920373, 0.023772889194559076, 0.013249156044627848], [0.9091691756075196, 0.02779550878801773, 0.012653219318355495, 0.013360051046920373, 0.023772889194559076, 0.013249156044627848], [0.9091691756075196, 0.02779550878801773, 0.012653219318355495, 0.013360051046920373, 0.023772889194559076, 0.013249156044627848], [0.9091691756075196, 0.02779550878801773, 0.012653219318355495, 0.013360051046920373, 0.023772889194559076, 0.013249156044627848], [0.9091691756075196, 0.02779550878801773, 0.012653219318355495, 0.013360051046920373, 0.023772889194559076, 0.013249156044627848], [0.9091691756075196, 0.02779550878801773, 0.012653219318355495, 0.013360051046920373, 0.023772889194559076, 0.013249156044627848], [0.9091691756075196, 0.02779550878801773, 0.012653219318355495, 0.013360051046920373, 0.023772889194559076, 0.013249156044627848], [0.9091918877128393, 0.027826417241908263, 0.012628380733241294, 0.013337814695505445, 0.023788988188372447, 0.01322651142813315], [0.9092712523887204, 0.027934423056008698, 0.012541585333644061, 0.01326011248349258, 0.023845244154431754, 0.013147382583702322], [0.8983235928289275, 0.033098331611465616, 0.013028241466626152, 0.013965099564468755, 0.027766618859515854, 0.013818115668996253]], [[0.8982204795031052, 0.03340037556935817, 0.012887746169772256, 0.013845261697722565, 0.02795110020703933, 0.013695036853002069], [0.0595531049310945, 0.05175378885538508, 0.014049720735935203, 0.0177324896256397, 0.8425010441473196, 0.014409851704625994], [0.854345140171575, 0.061866217056134494, 0.017608067763375198, 0.01728843294579835, 0.03463367016833256, 0.014258471894784505], [0.854434210853183, 0.06178847569767932, 0.017611348188522336, 0.017292298514776296, 0.03460578244262394, 0.014267884303215104], [0.854434210853183, 0.06178847569767932, 0.017611348188522336, 0.017292298514776296, 0.03460578244262394, 0.014267884303215104], [0.808835276665502, 0.09358686495874197, 0.03136178752992603, 0.01948967641886707, 0.03245566226347866, 0.014270732163484], [0.8059823852086233, 0.09493108426257003, 0.032680826694777634, 0.01980535824906445, 0.03238865313804022, 0.01421169244692434], [0.818998773775921, 0.08745985298134813, 0.024560778782078647, 0.018992075910994763, 0.03588487823580224, 0.014103640313855168], [0.7432831752905749, 0.1178991071283488, 0.0599815021814849, 0.027599413100638452, 0.03713087664703661, 0.014105925651916217], [0.7165998055084031, 0.12850132886445806, 0.07604417790877321, 0.024708946273021178, 0.040780450552134556, 0.013365290893210074], [0.7547730240889822, 0.10499410785614498, 0.064984012976095, 0.02531394047546312, 0.036530190675634434, 0.013404723927680051], [0.8221368515896611, 0.08349039677448462, 0.02982244394274068, 0.0183737366739263, 0.03272957411410158, 0.013446996905085488], [0.7652391808231989, 0.10033611627759402, 0.05720834183933483, 0.02439088070383048, 0.039461959438041386, 0.013363520918000306], [0.8184473273294435, 0.0871799210347024, 0.02982244394274068, 0.018373736673926302, 0.03272957411410158, 0.01344699690508549], [0.6546338346604716, 0.2509934137036743, 0.02982244394274068, 0.0183737366739263, 0.03272957411410158, 0.013446996905085488], [0.8306113041417709, 0.0818803260631718, 0.02109108119001426, 0.017220308613869282, 0.035752016958321205, 0.013444963032852413], [0.05992278649207483, 0.10339341215023584, 0.039494016482658545, 0.022155286390370565, 0.7606705900717055, 0.014363908412954703], [0.810751282582075, 0.0906230920428872, 0.024560778782078647, 0.018992075910994763, 0.04096913036810929, 0.014103640313855168], [0.8025036863812552, 0.09332553095763095, 0.032680826694777634, 0.01980535824906445, 0.03747290527034727, 0.01421169244692434], [0.8053565778381343, 0.0919813116538029, 0.03136178752992603, 0.01948967641886707, 0.03753991439578571, 0.014270732163484], [0.8392797455272719, 0.07022839146833505, 0.02681881227921673, 0.01836914724788233, 0.030969364621058287, 0.014334538856235618], [0.8163615023792008, 0.08606063924504324, 0.03136178752992602, 0.01948967641886707, 0.03245566226347866, 0.014270732163483998], [0.8034554088634666, 0.09745806060772691, 0.032680826694777634, 0.01980535824906445, 0.03238865313804022, 0.01421169244692434], [0.7877338453352073, 0.10961127536961496, 0.036073199724348186, 0.020098304867641102, 0.03232646996868044, 0.01415690473450813], [0.513788512682239, 0.3380103374853354, 0.07335970396536115, 0.02360464356811148, 0.037130876647036605, 0.014105925651916217], [0.42895245769157714, 0.1700965365141573, 0.29858104292753773, 0.031245069596438642, 0.05719772081296482, 0.013927172457324288], [0.13487300495467472, 0.41867747179858605, 0.15536139579970767, 0.021738331033874382, 0.2549051701559501, 0.014444626257206996], [0.339346047159674, 0.4356024509767052, 0.12266362938422956, 0.03450156223428994, 0.05398514934917716, 0.013901160895924141], [0.5551108076196563, 0.2592121423987577, 0.10287154266703413, 0.02844913513062762, 0.04043052655685002, 0.013925845627074175], [0.08811067699740363, 0.20265806795769076, 0.4754139443442813, 0.021768591788430405, 0.19766822102106993, 0.014380497891123792], [0.548355594651922, 0.1500141480062994, 0.18725936875971674, 0.03918741695920675, 0.06125211115290403, 0.013931360469951103], [0.363118115055753, 0.1604626518107121, 0.3774408301617062, 0.02480792370046476, 0.0601565712091475, 0.014013908062216326], [0.6427859956795104, 0.14063407495773345, 0.10718274500101925, 0.03699754469077079, 0.0583877297277252, 0.014011909943240817], [0.07145997903459222, 0.1743074686523618, 0.037116696351073675, 0.023955594557781373, 0.6787504096995649, 0.014409851704625994], [0.06834842656852139, 0.07205461844874832, 0.02611772019193955, 0.0177324896256397, 0.8013368934605251, 0.014409851704625994], [0.809302107618161, 0.08251036413690963, 0.03136482461914435, 0.01870732869452886, 0.04396092294426926, 0.014154451986986779], [0.7911403976175333, 0.09239397521282362, 0.041894408533759524, 0.020098304867641102, 0.04031600903373438, 0.014156904734508131], [0.7326763734283483, 0.12120512329319874, 0.05970600083441408, 0.027461662427103045, 0.04484491436501973, 0.014105925651916217], [0.8078842254239937, 0.08801658011216877, 0.03009447391460293, 0.02071180024290791, 0.03913601557181873, 0.014156904734508131], [0.898264598153846, 0.03327114133333332, 0.01294785928205128, 0.013896536205128204, 0.027872166974358972, 0.01374769805128205]], [[0.8982204795031052, 0.03340037556935817, 0.012887746169772256, 0.013845261697722565, 0.02795110020703933, 0.013695036853002069], [0.06816591087868305, 0.060395676382375016, 0.018450933615969, 0.017738707329202914, 0.820820313150732, 0.014428458643038015], [0.8348223847314478, 0.08504995637219782, 0.014419377729904159, 0.0175927400379009, 0.03389649555825607, 0.014219045570293274], [0.06945187889014923, 0.08725521173814384, 0.014069670507136561, 0.019174206504793068, 0.7956205737167392, 0.014428458643038013], [0.07523024194502188, 0.1155934372079455, 0.014126206166964028, 0.019647774584490803, 0.7609211512467706, 0.014481188848807036], [0.8076613433678578, 0.11013855080187408, 0.014391372127584002, 0.019055581934270142, 0.03457046933089807, 0.014182682437515956], [0.8060084589410196, 0.11152159063164818, 0.014377863040482294, 0.01939629254102144, 0.034530652924755094, 0.014165141921073422], [0.08826506034234606, 0.14101988043600666, 0.014018248504970115, 0.024331995187638546, 0.7179843176379148, 0.014380497891123792], [0.6970124388416327, 0.19021575993532677, 0.014394448875154462, 0.025953842051539763, 0.05823683293741602, 0.014186677358930175], [0.6867841741042592, 0.19511244583089724, 0.013670014651327054, 0.027382873609209463, 0.06354499464568221, 0.013505497158624874], [0.7295898344080921, 0.16741153088576344, 0.013682189301706959, 0.025132209412753008, 0.05066293098064411, 0.013521305011040291], [0.6137868727542435, 0.2959064093493492, 0.01365550728204856, 0.02171271779888187, 0.041451832366353615, 0.013486660449123226], [0.08833933917232864, 0.17278277459536298, 0.013454564733609675, 0.027855644835874396, 0.6838209753274778, 0.013746701335346511], [0.6093607709905335, 0.3027345466280559, 0.013619278614222591, 0.020739439702558173, 0.04010634376995283, 0.013439620294676952], [0.773160640999023, 0.13887934859084258, 0.013694669703584425, 0.02057972503340008, 0.040148105814757834, 0.013537509858391777], [0.6490082083589276, 0.27285057854500255, 0.013707467521291195, 0.020509888895632395, 0.030369729833224363, 0.01355412684592203], [0.5825849099499648, 0.3314497162817418, 0.014377863040482294, 0.02289171588198254, 0.034530652924755094, 0.014165141921073422], [0.7398565454473184, 0.1594760853732613, 0.014408357752035677, 0.024124948009177905, 0.04792932644638067, 0.01420473697182595], [0.7941557786574408, 0.11984783850130319, 0.014471019184715012, 0.022674396906174534, 0.034564868700478805, 0.014286098049887666], [0.7958393915321422, 0.11560279313193955, 0.014437207550913789, 0.023700285014703358, 0.036178126541030385, 0.014242196229270618], [0.8088568484869382, 0.10926420192652034, 0.014503094532315968, 0.01843597180738691, 0.03461213781117598, 0.01432774543566279], [0.7775121496269582, 0.12427901208447438, 0.0144868502874245, 0.03890109580544489, 0.030514238669686125, 0.014306653526011893], [0.5651083127573876, 0.3363758498545042, 0.014471019184715012, 0.03926781161747032, 0.030490908536035095, 0.014286098049887666], [0.5127703809551601, 0.3874856664033695, 0.014455585660844376, 0.024029678805621027, 0.046992629375525535, 0.01426605879947933], [0.44562877481479274, 0.43383635240677915, 0.01915075019866851, 0.029649215527134273, 0.057603637675255025, 0.014131269377370262], [0.10571216129933167, 0.2921630434766126, 0.014123773044088347, 0.025328997581448735, 0.5481931050974169, 0.014478919501101757], [0.13005103830993617, 0.47970234568754166, 0.01416603115471922, 0.030645117975867574, 0.3309171336826273, 0.014518333189308036], [0.16531900837492708, 0.630961802605199, 0.016942521648970206, 0.10046257001550037, 0.07164938569268156, 0.014664711662721753], [0.13439376611559656, 0.46965078991413306, 0.02024626539714222, 0.03522919099524681, 0.3260457426902472, 0.014434244887634106], [0.38714766435483006, 0.2709986113846812, 0.014326859494219382, 0.2375864692793845, 0.07584147776994297, 0.014098917716942036], [0.22341433527082577, 0.6024948808216793, 0.0203734627633142, 0.02991561531433347, 0.10913699416712543, 0.014664711662721753], [0.599466049964175, 0.2545803137847508, 0.020108669568249547, 0.03401281413506602, 0.07762330155118995, 0.01420885099656877], [0.6081724986818797, 0.24927007892250558, 0.017736935818513513, 0.032023596369531684, 0.07856943711238565, 0.014227453095183772], [0.6946270535080009, 0.18648730837163496, 0.014394448875154463, 0.024776436294584446, 0.06552807559169499, 0.014186677358930177], [0.7538938818408317, 0.14347087909827924, 0.014408357752035679, 0.022853884976101142, 0.05116825936092638, 0.01420473697182595], [0.8093237869714579, 0.10662173204337565, 0.014471019184715012, 0.019178973565213434, 0.0361183901853504, 0.014286098049887666], [0.7578186950611949, 0.14613904463927757, 0.014455585660844376, 0.0214875527394675, 0.0458330630997362, 0.01426605879947933], [0.6959496569341946, 0.18842684598639436, 0.014394448875154462, 0.028413069322258414, 0.058629301523067806, 0.014186677358930175], [0.7237368044583908, 0.12120512329319871, 0.059706000834414075, 0.03640123139706043, 0.04484491436501972, 0.014105925651916217], [0.8982204795031052, 0.03340037556935817, 0.012887746169772256, 0.013845261697722565, 0.02795110020703933, 0.013695036853002069]], [[0.8982204795031052, 0.03340037556935817, 0.012887746169772256, 0.013845261697722565, 0.02795110020703933, 0.013695036853002069], [0.854434210853183, 0.06178847569767932, 0.017611348188522336, 0.017292298514776296, 0.03460578244262394, 0.014267884303215104], [0.837859387949069, 0.0820980365812163, 0.014519768305781021, 0.017293219238841466, 0.03388019286977538, 0.014349395055316651], [0.8099888566113468, 0.10524335120181322, 0.01445217431861329, 0.01984277733668754, 0.03621121109905146, 0.014261629432487695], [0.7932177068925507, 0.1209137475628611, 0.014374548387632574, 0.019140241238347386, 0.03819291782075944, 0.014160838097848797], [0.0748721098088339, 0.11497638881348447, 0.014160035772307672, 0.019646185194258106, 0.7618325390509152, 0.014512741360200714], [0.08914844044995447, 0.13980407560190644, 0.014087004911991403, 0.0232240275942824, 0.7192918251846583, 0.014444626257206996], [0.6903838722496355, 0.19679698473922158, 0.014351775602022797, 0.028284495217936072, 0.056051602813813946, 0.014131269377370262], [0.6275524485339926, 0.23713549155053476, 0.01442585290903743, 0.030962870462364726, 0.07569588344888653, 0.014227453095183772], [0.6810149284982164, 0.19992074178108668, 0.013658134652714973, 0.027658065010455257, 0.06425805816853136, 0.013490071888995356], [0.5150407387714935, 0.3713725691981246, 0.013632712007110213, 0.03029001552965257, 0.05620690196564758, 0.0134570625279715], [0.7119631599415286, 0.18168432634282436, 0.01364397373518501, 0.02531849267338987, 0.053918362286479254, 0.013471685020592955], [0.10530948926544856, 0.5438713812388873, 0.013454564733609675, 0.03223777582505115, 0.29138008760165685, 0.013746701335346513], [0.09107302451182206, 0.339323266080991, 0.013454564733609675, 0.027855644835874396, 0.5145467985023563, 0.013746701335346511], [0.5605552899451052, 0.3382238263978605, 0.01360858811780638, 0.025239568576666285, 0.048946987459884586, 0.013425739502677047], [0.771084726322241, 0.14101059129634835, 0.01361927861422259, 0.02073943970255817, 0.040106343769952826, 0.01343962029467695], [0.08384030770575804, 0.38351482748082744, 0.01416603115471922, 0.0249426015908732, 0.479017898878514, 0.014518333189308036], [0.10603955195482917, 0.41934440417939395, 0.014069670507136561, 0.031756385058275015, 0.4143615296573274, 0.014428458643038015], [0.7464689515694622, 0.159932107213208, 0.014364667802506418, 0.02128254600008246, 0.04380371850102279, 0.01414800891371797], [0.060887601534978304, 0.11649599638979098, 0.014000461790869449, 0.018199544714466304, 0.7760524871569401, 0.014363908412954702], [0.8107310268106444, 0.10555022498585301, 0.01443720755091379, 0.023717530442830287, 0.03132181398048793, 0.014242196229270618], [0.0467074947368421, 0.027780139435545387, 0.012665570404271548, 0.01337110816170862, 0.023764883905415715, 0.8757108033562165], [0.0467074947368421, 0.027780139435545387, 0.012665570404271548, 0.01337110816170862, 0.023764883905415715, 0.8757108033562165], [0.5144499641695404, 0.407801324285964, 0.014419187119235486, 0.0178121374183517, 0.031297705484140514, 0.014219681522767855], [0.08464228393661459, 0.1223975204726555, 0.014018248504970115, 0.024562542839770267, 0.7399989063548658, 0.014380497891123792], [0.054122922991689755, 0.03121086131117267, 0.012914277746999077, 0.013768349769159742, 0.026350288827331488, 0.8616332993536473], [0.4135222572781664, 0.4491283928343064, 0.014339176118353118, 0.023923789709832957, 0.08497147414792211, 0.01411490991141882], [0.12969221421956106, 0.48058410349594416, 0.014055971062178266, 0.03326706029787437, 0.3279849696073215, 0.014415681317120588], [0.5956628938901277, 0.26584596449528797, 0.014339176118353118, 0.03415927604961103, 0.07587777953520118, 0.01411490991141882], [0.39053139052355523, 0.46488349252450134, 0.014425852909037432, 0.034217145704141125, 0.08171466524358116, 0.014227453095183772], [0.5970523684570095, 0.26152047021645725, 0.014411526228788994, 0.03536434424330168, 0.07744243985787372, 0.014208850996568769], [0.4084262876223024, 0.2521177854142269, 0.016030589387915784, 0.032023596369531684, 0.27717428811083933, 0.014227453095183772], [0.6875820672684971, 0.1868455619452801, 0.014440534924484136, 0.026977619714110508, 0.06990769957825013, 0.014246516569378108], [0.553976135375667, 0.14437313375422367, 0.014455585660844376, 0.0214875527394675, 0.25144153367031796, 0.01426605879947933], [0.8032534683040851, 0.10662173204337565, 0.014471019184715012, 0.019178973565213434, 0.042188708852723224, 0.014286098049887666], [0.7522867267481277, 0.14697313307643176, 0.014408357752035677, 0.022853884976101142, 0.049273160475477744, 0.01420473697182595], [0.6888571697415127, 0.19714905011405873, 0.014394448875154462, 0.02678335238727598, 0.058629301523067806, 0.014186677358930175], [0.12843928969589355, 0.4666771882162736, 0.02025542497555835, 0.03805292496903072, 0.33219467425211996, 0.014380497891123792], [0.4313984004014322, 0.1611596678377422, 0.0810215561014115, 0.2478255456958375, 0.06462632951794385, 0.01396850044563282], [0.8982204795031052, 0.03340037556935817, 0.012887746169772256, 0.013845261697722565, 0.02795110020703933, 0.013695036853002069]], [[0.8982204795031052, 0.03340037556935817, 0.012887746169772256, 0.013845261697722565, 0.02795110020703933, 0.013695036853002069], [0.8392797455272719, 0.07022839146833505, 0.02681881227921673, 0.01836914724788233, 0.030969364621058287, 0.014334538856235618], [0.8357304460085082, 0.0895426071806404, 0.01373406510554474, 0.016995293510110206, 0.030408926420273062, 0.013588661774923416], [0.8319696528496278, 0.09303709051312897, 0.01364142242837611, 0.01750908786579896, 0.030374373999245648, 0.013468372343822529], [0.06374075129327512, 0.09695805259409103, 0.013454564733609675, 0.017998595516686262, 0.7941013345269913, 0.013746701335346511], [0.7822683552708323, 0.13066460976974487, 0.01361927861422259, 0.020661777027671892, 0.039346359022851336, 0.01343962029467695], [0.7317140825200743, 0.1669838464738858, 0.01364397373518501, 0.023229276995299575, 0.05095713525496223, 0.013471685020592955], [0.5178578455240717, 0.36416396855665334, 0.013632712007110213, 0.025548037040172444, 0.0653403743440208, 0.0134570625279715], [0.6676387908100634, 0.20985162166331703, 0.013658134652714973, 0.028505286580346872, 0.06685609440456237, 0.013490071888995356], [0.3129214063242151, 0.5418027775898928, 0.014917150665478086, 0.024601893413703613, 0.09245291625855902, 0.013303855748151388], [0.23839270343621285, 0.17092472622251767, 0.012950657398075039, 0.032050910463380634, 0.5324808215985696, 0.013200180881244103], [0.4192226429564782, 0.4728973878758596, 0.013073290054652046, 0.030688559130004206, 0.05120367001332986, 0.012914449969675891], [0.4192884056065686, 0.33330408140762535, 0.013093423890571856, 0.1686520640620657, 0.05272143281736266, 0.012940592215805761], [0.41735775415533816, 0.47503764320080916, 0.013073290054652046, 0.03099123125876807, 0.05062563136075654, 0.012914449969675891], [0.23776382990045375, 0.3202087069464931, 0.012950657398075039, 0.026915816555477118, 0.38896080831825686, 0.013200180881244104], [0.08211424613205073, 0.4271635959565199, 0.012950657398075039, 0.025251093725293043, 0.43932022590681713, 0.013200180881244104], [0.5590286110195508, 0.3397505053234149, 0.01360858811780638, 0.025239568576666285, 0.048946987459884586, 0.013425739502677047], [0.6312390403675355, 0.254387618706483, 0.014380867798048244, 0.03013780488435349, 0.05568562487460738, 0.014169043368972498], [0.04731432795321638, 0.02796636475633528, 0.01251591641325536, 0.013237132787524367, 0.02386188132553606, 0.8751043767641324], [0.04721024283383826, 0.027934423056008698, 0.012541585333644061, 0.01326011248349258, 0.023845244154431754, 0.8752083921385846], [0.7500668811683368, 0.17218282415107738, 0.01436616295989386, 0.017795233535279304, 0.03142436469549679, 0.014164533489916043], [0.0467074947368421, 0.027780139435545387, 0.012665570404271548, 0.01337110816170862, 0.023764883905415715, 0.8757108033562165], [0.0467074947368421, 0.027780139435545387, 0.012665570404271548, 0.01337110816170862, 0.023764883905415715, 0.8757108033562165], [0.0467074947368421, 0.027780139435545387, 0.012665570404271548, 0.01337110816170862, 0.023764883905415715, 0.8757108033562165], [0.047017160842397585, 0.02787516994522872, 0.012589202190850883, 0.013302740723597932, 0.023814381547481292, 0.8754013447504435], [0.43235415307223385, 0.22111077600881562, 0.014425852909037432, 0.02417256234296064, 0.29370920257176863, 0.014227453095183772], [0.6618468547792501, 0.21326354784203178, 0.014440534924484135, 0.03054145234166649, 0.06566109354318939, 0.014246516569378108], [0.6216758462084455, 0.2435555688912217, 0.014380867798048244, 0.028374382136968156, 0.0778442915963437, 0.014169043368972496], [0.6687208343469812, 0.21313764096764232, 0.014440534924484135, 0.03054145234166649, 0.05891302084984776, 0.014246516569378108], [0.6041113870340752, 0.26064754742599844, 0.014425852909037432, 0.033213545707872584, 0.07337421382783263, 0.014227453095183772], [0.5940508545336112, 0.2700543426651735, 0.01442585290903743, 0.033045302930934155, 0.0741961938660598, 0.014227453095183772], [0.6895949523705693, 0.1901566448547562, 0.014440534924484136, 0.026977619714110508, 0.06458373156670184, 0.014246516569378108], [0.7509019454053185, 0.1434708790982792, 0.014408357752035677, 0.022853884976101142, 0.05416019579643951, 0.01420473697182595], [0.8032534683040851, 0.10662173204337565, 0.014471019184715012, 0.019178973565213434, 0.042188708852723224, 0.014286098049887666], [0.7522867267481277, 0.14533874788662723, 0.014408357752035677, 0.022853884976101142, 0.050907545665282265, 0.01420473697182595], [0.10493625155756128, 0.19678454074517127, 0.014018248504970115, 0.033849098411151364, 0.6360313628900222, 0.014380497891123792], [0.3998281050570897, 0.4697246401422254, 0.014339176118353118, 0.03213073770145289, 0.0698624310694598, 0.01411490991141882], [0.3829432036792023, 0.47722811899728645, 0.0188945582066894, 0.037009072095678365, 0.0698261293042016, 0.014098917716942036], [0.11046114139368846, 0.1473872320443781, 0.45022310843096874, 0.044119056184715226, 0.23342896405512564, 0.014380497891123792], [0.8982204795031052, 0.03340037556935817, 0.012887746169772256, 0.013845261697722565, 0.02795110020703933, 0.013695036853002069]], [[0.8982204795031052, 0.03340037556935817, 0.012887746169772256, 0.013845261697722565, 0.02795110020703933, 0.013695036853002069], [0.8392797455272719, 0.07022839146833505, 0.02681881227921673, 0.01836914724788233, 0.030969364621058287, 0.014334538856235618], [0.8338996780629194, 0.08897788325463449, 0.013691840943518042, 0.018161847620744697, 0.03173491318839751, 0.013533836929785811], [0.06374075129327512, 0.09695805259409103, 0.013454564733609675, 0.017998595516686262, 0.7941013345269913, 0.013746701335346511], [0.0642953485588025, 0.09425364549821295, 0.013454564733609675, 0.020324325985026856, 0.7939254138890014, 0.013746701335346513], [0.8213784857016191, 0.09932172908485454, 0.013667322609051494, 0.018755008753412093, 0.03337545210344846, 0.013502001747614274], [0.6080369391670499, 0.29892555857644204, 0.01365550728204856, 0.021635055123995585, 0.04426027940134069, 0.013486660449123226], [0.2689974995018875, 0.3293684443016481, 0.013397616119946932, 0.027856458205158696, 0.34668743090636334, 0.013692550964995425], [0.33997542292560495, 0.3719692278163218, 0.013632712007110213, 0.025985753677710638, 0.2349798210452808, 0.0134570625279715], [0.5626606405915084, 0.18432379856663586, 0.013124533163664166, 0.023198336161058986, 0.2037117062894169, 0.012980985227715644], [0.7343703185398334, 0.16191212981595823, 0.01306242476244482, 0.029022185332876885, 0.04873259933017696, 0.01290034221870953], [0.09534123828964274, 0.456097860144944, 0.012950657398075039, 0.032050910463380634, 0.39035915282271355, 0.013200180881244104], [0.3052751442693227, 0.5663309056651857, 0.014917150665478086, 0.02666167342110587, 0.07351127023075618, 0.013303855748151388], [0.5552223470084999, 0.3371317159858919, 0.013064566610978719, 0.029999945489838947, 0.05167830165956576, 0.01290312324522475], [0.2421266651878386, 0.1763148303236334, 0.012950657398075039, 0.034089107493473936, 0.5213185587157348, 0.013200180881244103], [0.5657001788421336, 0.32123682144343096, 0.013073290054652046, 0.03270051739114728, 0.05437474229896003, 0.012914449969675891], [0.49687678589840373, 0.38748804544380944, 0.013670014651327054, 0.0329720736685812, 0.05548758317925375, 0.013505497158624874], [0.6073005934783445, 0.261471123961352, 0.014411526228788994, 0.03701332476994496, 0.06559458056500064, 0.014208850996568769], [0.6393611341223503, 0.23222955325356334, 0.01442585290903743, 0.040591860261202775, 0.05916414635866229, 0.014227453095183772], [0.6984308374175388, 0.20215570580786404, 0.014394448875154462, 0.0217165669485664, 0.04911576359194609, 0.014186677358930175], [0.08401890159184619, 0.1634735171309219, 0.014069670507136561, 0.024513215350506552, 0.6994962367765508, 0.014428458643038013], [0.0467074947368421, 0.027780139435545387, 0.012665570404271548, 0.01337110816170862, 0.023764883905415715, 0.8757108033562165], [0.0467074947368421, 0.027780139435545387, 0.012665570404271548, 0.01337110816170862, 0.023764883905415715, 0.8757108033562165], [0.6872393654661244, 0.1813327277452836, 0.014440534924484135, 0.02310520545563291, 0.07963564983909674, 0.014246516569378108], [0.4288023456438437, 0.4304372438549042, 0.014425852909037432, 0.034497505134722654, 0.07760959936230828, 0.014227453095183772], [0.6061922797569815, 0.25231908475037007, 0.014411526228788994, 0.030918969643464835, 0.08194928862382585, 0.014208850996568769], [0.613985122036972, 0.24662253534231782, 0.01442585290903743, 0.030587102667591758, 0.08015193394889704, 0.014227453095183772], [0.6571721469298536, 0.2161602911250281, 0.014440534924484136, 0.026859730107182733, 0.07112078034407338, 0.014246516569378108], [0.6176960751443783, 0.24592046313280858, 0.014425852909037432, 0.030587102667591765, 0.07714305305100014, 0.014227453095183772], [0.4124169672827068, 0.4539306267770715, 0.014411526228788996, 0.030918969643464835, 0.07411305907139913, 0.01420885099656877], [0.39326708323427884, 0.4738469948624029, 0.014425852909037432, 0.033045302930934155, 0.0711873129681629, 0.014227453095183772], [0.6855258211918054, 0.200387213614663, 0.014351775602022797, 0.027107089460980748, 0.05849683075315781, 0.014131269377370262], [0.09026333424650233, 0.1491443155938536, 0.014018248504970115, 0.02843955821284863, 0.7037540455507015, 0.014380497891123792], [0.7557265698359775, 0.14347087909827924, 0.014408357752035679, 0.022853884976101142, 0.049335571365780546, 0.01420473697182595], [0.6976072850119251, 0.19040585093633788, 0.014394448875154463, 0.024776436294584446, 0.05862930152306781, 0.014186677358930177], [0.6055333234957161, 0.26401942170359904, 0.014339176118353118, 0.03213073770145288, 0.06986243106945979, 0.01411490991141882], [0.13483943186337413, 0.46339426564036, 0.014106678117593842, 0.03804983194965472, 0.33514681718317696, 0.014462975245840342], [0.2134749417348513, 0.6185728942696215, 0.024730213384703402, 0.023625556604702815, 0.10493168234339927, 0.014664711662721753], [0.326468082598614, 0.17240431243071952, 0.3888474054923189, 0.0370967278554925, 0.06125211115290403, 0.013931360469951103], [0.8982204795031052, 0.03340037556935817, 0.012887746169772256, 0.013845261697722565, 0.02795110020703933, 0.013695036853002069]], [[0.8982204795031052, 0.03340037556935817, 0.012887746169772256, 0.013845261697722565, 0.02795110020703933, 0.013695036853002069], [0.8241808537599253, 0.08504302874193921, 0.022101378168320134, 0.01840134501316358, 0.0360643411188292, 0.014209053197822495], [0.8341726805052776, 0.09083915878290144, 0.013720595020122402, 0.01730731809894337, 0.030389075693576337, 0.013571171899178742], [0.8293502122191495, 0.09304474010932821, 0.013667322609051494, 0.018755008753412097, 0.03168071456144444, 0.013502001747614274], [0.7814056484401237, 0.12829319158592523, 0.01365550728204856, 0.021635055123995585, 0.041523937118783626, 0.013486660449123226], [0.6158027758056696, 0.294642996259307, 0.013694669703584426, 0.020502062358513796, 0.041819986014533427, 0.013537509858391777], [0.3951094471860096, 0.33512374002282413, 0.013682189301706959, 0.0263810185270724, 0.21618229995134658, 0.013521305011040291], [0.3415505821092239, 0.5317671306887077, 0.013632712007110213, 0.02807036523452635, 0.07152214743246027, 0.0134570625279715], [0.4971761284722019, 0.3754913332153659, 0.013658134652714971, 0.029724971600877406, 0.07045936016984451, 0.013490071888995354], [0.5673274484782268, 0.18142076297892842, 0.01310281884561926, 0.023653958165564842, 0.20154222068524097, 0.012952790846419742], [0.05661806520739957, 0.28592093368822713, 0.012950657398075039, 0.01958499870172748, 0.6117251641233266, 0.013200180881244104], [0.2797456844637452, 0.4724255651000323, 0.013073290054652046, 0.028701551261783406, 0.19313945915011105, 0.012914449969675891], [0.27964047010664966, 0.47186115407642565, 0.013093423890571856, 0.028424925024606064, 0.19403943468594087, 0.012940592215805761], [0.09585761717008157, 0.16471246036104337, 0.012950657398075039, 0.032050910463380634, 0.6812281737261753, 0.013200180881244104], [0.515945924070479, 0.38006829992983443, 0.014917150665478088, 0.02367914636364475, 0.05208562322241239, 0.013303855748151388], [0.5641748981631513, 0.3292847942089614, 0.013124533163664166, 0.031597301523765164, 0.04883748771274235, 0.012980985227715642], [0.3299069251245074, 0.5522559943953173, 0.013658134652714971, 0.034533047540345384, 0.05615582639811967, 0.013490071888995354], [0.2340954297069909, 0.6058396980553089, 0.016942521648970206, 0.031129940364387827, 0.09732769856162056, 0.014664711662721756], [0.41187669813474637, 0.45689501930495013, 0.014411526228788992, 0.037013324769944955, 0.06559458056500063, 0.014208850996568767], [0.6199021664331056, 0.251324294988398, 0.014339176118353118, 0.03678859912599309, 0.06353085342273106, 0.01411490991141882], [0.08299626301160826, 0.2232851977084371, 0.014154026639019034, 0.024432295199317344, 0.6406250807358208, 0.014507136705797273], [0.0467074947368421, 0.027780139435545387, 0.012665570404271548, 0.01337110816170862, 0.023764883905415715, 0.8757108033562165], [0.6974692491695433, 0.16944864451676891, 0.014440534924484135, 0.02310520545563291, 0.0812898493641926, 0.014246516569378108], [0.41387576115875324, 0.24438524100662876, 0.014380867798048244, 0.028374382136968156, 0.28481470453062907, 0.014169043368972496], [0.5968108781801326, 0.2540849956354239, 0.014411526228788994, 0.030918969643464835, 0.08956477931562085, 0.014208850996568769], [0.2532759919170765, 0.5626996728917562, 0.016942521648970206, 0.03516289798186112, 0.11725420389761418, 0.014664711662721753], [0.5877266552367072, 0.26700513412261667, 0.014411526228788994, 0.02825895397038354, 0.08838887944493484, 0.014208850996568769], [0.39910057440200003, 0.2592071857992647, 0.014425852909037432, 0.027927086994510464, 0.28511184680000357, 0.014227453095183772], [0.5971544820501175, 0.2605861882071033, 0.014411526228788994, 0.02825895397038354, 0.08537999854703794, 0.014208850996568769], [0.4569887031022622, 0.37066898289758565, 0.016942521648970206, 0.035162897981861126, 0.10557218270659911, 0.014664711662721755], [0.40031211013505735, 0.4690112300501093, 0.014367603067466442, 0.030131783550937416, 0.07202545306564631, 0.01415182013078296], [0.1280303284593407, 0.4649996366430292, 0.014038433226939283, 0.037982965569240634, 0.3405493121358438, 0.014399323965606215], [0.6983969753271745, 0.18956881883298607, 0.014351775602022797, 0.027107089460980748, 0.0564440713994657, 0.014131269377370262], [0.7556499334219368, 0.1454777951909708, 0.014408357752035679, 0.022853884976101142, 0.04740529168712973, 0.01420473697182595], [0.08973376238851818, 0.1452857873129093, 0.01405846710558687, 0.028372004298133274, 0.7081319695447177, 0.014418009350134544], [0.5040610762438601, 0.3919301186665933, 0.014336083090542611, 0.020296600182357034, 0.055265227965289015, 0.014110893851357992], [0.1280753642476538, 0.46606003864097917, 0.01416603115471922, 0.03520436581190379, 0.341975866955436, 0.014518333189308036], [0.3767825274876283, 0.4884751934682086, 0.018433222296796323, 0.030131783550937423, 0.07202545306564632, 0.014151820130782962], [0.3365834914893144, 0.3896324780721454, 0.1771774373944381, 0.024807923700464765, 0.05778476128142115, 0.014013908062216328], [0.8982204795031052, 0.03340037556935817, 0.012887746169772256, 0.013845261697722565, 0.02795110020703933, 0.013695036853002069]], [[0.8982441112484547, 0.03333115245158632, 0.012919945199835187, 0.01387272641120725, 0.027908820354346928, 0.013723244334569427], [0.059770301876864766, 0.07676088755136384, 0.27891185918370487, 0.022144918426530977, 0.5480291740628347, 0.014382858898700876], [0.8286363057476841, 0.09375864658079365, 0.013667322609051494, 0.018755008753412093, 0.03168071456144443, 0.013502001747614274], [0.7844540705254872, 0.12842356648636633, 0.013694669703584426, 0.0205020623585138, 0.03938812106765635, 0.01353750985839178], [0.7325677206483866, 0.16527129206745683, 0.013682189301706959, 0.025054546737866723, 0.04990294623354261, 0.013521305011040291], [0.7305014041331244, 0.16467487955668222, 0.013682189301706957, 0.0257417026155536, 0.05187851938189237, 0.013521305011040291], [0.6746770161208607, 0.19884489155498683, 0.013670014651327054, 0.0297449719387581, 0.06955760857544238, 0.013505497158624874], [0.3445515317174083, 0.20360812744850987, 0.013658134652714971, 0.19255567728116998, 0.23213645701120145, 0.013490071888995354], [0.38206985117687964, 0.4464762113907093, 0.015756891765844366, 0.03444264326026545, 0.10738632081880715, 0.01386808158749413], [0.42969703481267935, 0.45912862377508046, 0.013124533163664166, 0.02624425743737504, 0.05882456558348519, 0.012980985227715642], [0.5723647406980711, 0.3217258291559232, 0.013102818845619259, 0.02733036982840665, 0.05252345062555999, 0.012952790846419742], [0.7439246333303412, 0.15847300560479646, 0.013145079030793464, 0.024089201054992924, 0.047360418514216504, 0.013007662464859373], [0.42404681965381114, 0.46763743853266165, 0.013102818845619259, 0.027704238009902002, 0.0545558941115862, 0.012952790846419742], [0.5668711310915894, 0.3250662460433468, 0.013102818845619259, 0.028997957079825776, 0.05300905609319907, 0.012952790846419742], [0.7121357338005612, 0.18002232002386667, 0.013124533163664166, 0.03236068757851111, 0.04937574020568116, 0.012980985227715642], [0.5653550169205265, 0.1865621630742402, 0.013102818845619259, 0.16891640159106483, 0.05311080872212947, 0.012952790846419742], [0.3300801820077249, 0.5459361783183415, 0.013632712007110213, 0.03339912031277532, 0.06349474482607641, 0.0134570625279715], [0.12481693574172859, 0.4589400960898178, 0.014038433226939285, 0.0396355675382983, 0.3481696434376097, 0.014399323965606215], [0.6293064147557972, 0.24548324068750912, 0.014323835419744746, 0.029974115218272403, 0.06681740273116216, 0.01409499118751437], [0.10484479830801469, 0.19116305178896328, 0.01414317539556952, 0.03158599133189108, 0.6437659673085707, 0.014497015866990605], [0.08296710378968639, 0.1493068655944685, 0.014156431945466067, 0.02442998786543412, 0.714630230695528, 0.014509380109416808], [0.04721024283383826, 0.027934423056008698, 0.012541585333644061, 0.01326011248349258, 0.023845244154431754, 0.8752083921385846], [0.7305690506427327, 0.1650163593455151, 0.01436466780250642, 0.022553609033159228, 0.0533483042623686, 0.014148008913717973], [0.11391180337828956, 0.20013167800007323, 0.014018248504970115, 0.032479910736081335, 0.625077861489462, 0.014380497891123792], [0.38931071095413805, 0.2599955475887815, 0.014380867798048244, 0.028902246365761365, 0.29324158392429833, 0.014169043368972496], [0.39229330686041664, 0.2641442758428486, 0.014411526228788994, 0.0319406762048673, 0.28300136386650965, 0.014208850996568769], [0.3999876265458982, 0.4532372644722372, 0.014425852909037432, 0.03160880922899423, 0.08651299374864917, 0.014227453095183773], [0.5885356002649941, 0.26166971416978857, 0.014411526228788992, 0.028258953970383534, 0.09291535436947594, 0.014208850996568767], [0.6105303329495886, 0.24981557619356956, 0.014425852909037432, 0.03160880922899423, 0.07939197562362646, 0.014227453095183772], [0.6079708411570753, 0.258115004666571, 0.014411526228788994, 0.0319406762048673, 0.07335310074612852, 0.0142088509965