{"prediction": [[[0.9091691756075196, 0.02779550878801773, 0.012653219318355495, 0.013360051046920373, 0.023772889194559076, 0.013249156044627848], [0.9091578819221967, 0.02778013943554538, 0.012665570404271548, 0.013371108161708618, 0.02376488390541571, 0.013260416170861936], [0.9091691756075196, 0.02779550878801773, 0.012653219318355495, 0.013360051046920373, 0.023772889194559076, 0.013249156044627848], [0.9091691756075196, 0.02779550878801773, 0.012653219318355495, 0.013360051046920373, 0.023772889194559076, 0.013249156044627848], [0.9091691756075196, 0.02779550878801773, 0.012653219318355495, 0.013360051046920373, 0.023772889194559076, 0.013249156044627848], [0.9091691756075196, 0.02779550878801773, 0.012653219318355495, 0.013360051046920373, 0.023772889194559076, 0.013249156044627848], [0.9091691756075196, 0.02779550878801773, 0.012653219318355495, 0.013360051046920373, 0.023772889194559076, 0.013249156044627848], [0.9091691756075196, 0.02779550878801773, 0.012653219318355495, 0.013360051046920373, 0.023772889194559076, 0.013249156044627848], [0.9091691756075196, 0.02779550878801773, 0.012653219318355495, 0.013360051046920373, 0.023772889194559076, 0.013249156044627848], [0.9091691756075196, 0.02779550878801773, 0.012653219318355495, 0.013360051046920373, 0.023772889194559076, 0.013249156044627848], [0.9091691756075196, 0.02779550878801773, 0.012653219318355495, 0.013360051046920373, 0.023772889194559076, 0.013249156044627848], [0.9091691756075196, 0.02779550878801773, 0.012653219318355495, 0.013360051046920373, 0.023772889194559076, 0.013249156044627848], [0.9091691756075196, 0.02779550878801773, 0.012653219318355495, 0.013360051046920373, 0.023772889194559076, 0.013249156044627848], [0.9091918877128393, 0.027826417241908263, 0.012628380733241294, 0.013337814695505445, 0.023788988188372447, 0.01322651142813315], [0.9092712523887204, 0.027934423056008698, 0.012541585333644061, 0.01326011248349258, 0.023845244154431754, 0.013147382583702322], [0.8983235928289275, 0.033098331611465616, 0.013028241466626152, 0.013965099564468755, 0.027766618859515854, 0.013818115668996253], [0.8982441112484547, 0.03333115245158632, 0.012919945199835187, 0.01387272641120725, 0.027908820354346928, 0.013723244334569427], [0.8982204795031052, 0.03340037556935817, 0.012887746169772256, 0.013845261697722565, 0.02795110020703933, 0.013695036853002069], [0.8982204795031052, 0.03340037556935817, 0.012887746169772256, 0.013845261697722565, 0.02795110020703933, 0.013695036853002069], [0.8982204795031052, 0.03340037556935817, 0.012887746169772256, 0.013845261697722565, 0.02795110020703933, 0.013695036853002069], [0.8982204795031052, 0.03340037556935817, 0.012887746169772256, 0.013845261697722565, 0.02795110020703933, 0.013695036853002069], [0.8982204795031052, 0.03340037556935817, 0.012887746169772256, 0.013845261697722565, 0.02795110020703933, 0.013695036853002069], [0.8982204795031052, 0.03340037556935817, 0.012887746169772256, 0.013845261697722565, 0.02795110020703933, 0.013695036853002069], [0.8982441112484547, 0.03333115245158632, 0.012919945199835187, 0.01387272641120725, 0.027908820354346928, 0.013723244334569427], [0.8983235928289275, 0.033098331611465616, 0.013028241466626152, 0.013965099564468755, 0.027766618859515854, 0.013818115668996253], [0.9092712523887204, 0.027934423056008698, 0.012541585333644061, 0.01326011248349258, 0.023845244154431754, 0.013147382583702322], [0.9091918877128393, 0.027826417241908263, 0.012628380733241294, 0.013337814695505445, 0.023788988188372447, 0.01322651142813315], [0.9091691756075196, 0.02779550878801773, 0.012653219318355495, 0.013360051046920373, 0.023772889194559076, 0.013249156044627848], [0.9091691756075196, 0.02779550878801773, 0.012653219318355495, 0.013360051046920373, 0.023772889194559076, 0.013249156044627848], [0.9091691756075196, 0.02779550878801773, 0.012653219318355495, 0.013360051046920373, 0.023772889194559076, 0.013249156044627848], [0.9091691756075196, 0.02779550878801773, 0.012653219318355495, 0.013360051046920373, 0.023772889194559076, 0.013249156044627848], [0.9091691756075196, 0.02779550878801773, 0.012653219318355495, 0.013360051046920373, 0.023772889194559076, 0.013249156044627848], [0.9091691756075196, 0.02779550878801773, 0.012653219318355495, 0.013360051046920373, 0.023772889194559076, 0.013249156044627848], [0.9091691756075196, 0.02779550878801773, 0.012653219318355495, 0.013360051046920373, 0.023772889194559076, 0.013249156044627848], [0.9091691756075196, 0.02779550878801773, 0.012653219318355495, 0.013360051046920373, 0.023772889194559076, 0.013249156044627848], [0.9091691756075196, 0.02779550878801773, 0.012653219318355495, 0.013360051046920373, 0.023772889194559076, 0.013249156044627848], [0.9091691756075196, 0.02779550878801773, 0.012653219318355495, 0.013360051046920373, 0.023772889194559076, 0.013249156044627848], [0.9091691756075196, 0.02779550878801773, 0.012653219318355495, 0.013360051046920373, 0.023772889194559076, 0.013249156044627848], [0.9091578819221967, 0.02778013943554538, 0.012665570404271548, 0.013371108161708618, 0.02376488390541571, 0.013260416170861936], [0.9091691756075196, 0.02779550878801773, 0.012653219318355495, 0.013360051046920373, 0.023772889194559076, 0.013249156044627848]], [[0.9091578819221967, 0.02778013943554538, 0.012665570404271548, 0.013371108161708618, 0.02376488390541571, 0.013260416170861936], [0.09377694220075058, 0.10160430231316916, 0.11504933071140726, 0.03454491241016091, 0.6406796981376693, 0.014344814226842683], [0.5805022458525555, 0.15688871037490923, 0.1419198534990202, 0.04218955882886431, 0.06452926206971411, 0.013970369374936537], [0.6662656052442194, 0.1551721471917022, 0.08964595367945877, 0.027738248709112498, 0.04711967377797463, 0.014058371397532514], [0.7351300786640156, 0.12605220375490822, 0.05998150218148491, 0.027599413100638452, 0.03713087664703661, 0.014105925651916217], [0.6008882214252448, 0.3055704053320244, 0.024560778782078647, 0.018992075910994763, 0.03588487823580224, 0.014103640313855168], [0.06322853326371605, 0.11496923122312179, 0.29318474032548986, 0.03899988871347844, 0.47527279224735114, 0.014344814226842681], [0.5218787598647787, 0.29643338821782766, 0.08822491184947909, 0.03250118420152146, 0.047634991833762595, 0.013326764032630431], [0.30018143621865623, 0.3203313476641466, 0.2819051944512088, 0.0289041579289026, 0.05534944282021925, 0.01332842091686629], [0.4607757301741728, 0.15606744076950796, 0.2840261251779678, 0.029088889054621696, 0.05674794284905429, 0.013293871974675403], [0.45849315017352127, 0.3115272904061725, 0.13608514055547083, 0.030067189064108414, 0.05053491212169989, 0.01329231767902707], [0.5123669950870378, 0.12763294424070276, 0.26569180142263943, 0.03322130394647414, 0.047760191270515444, 0.013326764032630431], [0.05321157286836816, 0.07801483304384035, 0.043093271436942526, 0.02511171776523283, 0.7868760539206207, 0.013692550964995425], [0.8299677698064546, 0.076618454900919, 0.023155834618401143, 0.017456427273443476, 0.039398684525725446, 0.013402828875056373], [0.6566643992274429, 0.24796683661232252, 0.028807440731722624, 0.01813081888964168, 0.0349380764566957, 0.013492428082174452], [0.8052654641557208, 0.09610891046924153, 0.024560778782078647, 0.018992075910994763, 0.04096913036810929, 0.014103640313855168], [0.7012771358964986, 0.13559418218190675, 0.0785608406709863, 0.028467841259883442, 0.04199407433880857, 0.014105925651916217], [0.6200090213963021, 0.17126509909025803, 0.11407795977780329, 0.028606676868357488, 0.05198287146974659, 0.014058371397532514], [0.34967215492187853, 0.18729988391992844, 0.3609959522775499, 0.03420001976381038, 0.05386161974189632, 0.013970369374936537], [0.41039762210745984, 0.3800424861136815, 0.11491197204322205, 0.028606676868357488, 0.05198287146974659, 0.014058371397532514], [0.7333974695586807, 0.1316672010919128, 0.05772117031978634, 0.022491479953350834, 0.04066644217973332, 0.014056236896535838], [0.05992278649207482, 0.10339341215023583, 0.06257239230890971, 0.022155286390370565, 0.7375922142454543, 0.014363908412954702], [0.796748642815132, 0.09574354120147256, 0.027309368607279588, 0.0210635108374437, 0.044163302985967844, 0.014971633552704294], [0.7780474504991282, 0.10673042493501711, 0.038261183697446195, 0.022149032903866182, 0.0397457279786962, 0.0150661799858463], [0.8250659832910011, 0.07870729908109571, 0.019597058047716658, 0.0191701605969297, 0.04233608979616246, 0.015123409187094306], [0.05992278649207482, 0.0653661112740253, 0.03175305858029343, 0.022155286390370565, 0.806438848850281, 0.014363908412954702], [0.8398032351277692, 0.07435156160199516, 0.019575552465680296, 0.015875239415481197, 0.036246883293657724, 0.014147528095416525], [0.06798475123761992, 0.060243382251398005, 0.018454459286306707, 0.017744878836686722, 0.8211256010517277, 0.014446927336261], [0.8306893697581589, 0.07853451274370563, 0.022101378168320134, 0.01840134501316358, 0.0360643411188292, 0.014209053197822494], [0.8092542839107247, 0.09165918556046868, 0.032680826694777634, 0.01980535824906445, 0.03238865313804022, 0.01421169244692434], [0.7972666294173562, 0.09321291920980515, 0.032550317847132575, 0.018992075910994763, 0.04387441730085618, 0.014103640313855168], [0.7212099416870976, 0.1300875704167027, 0.0622899854521607, 0.027461662427103045, 0.04484491436501972, 0.014105925651916217], [0.6311682489783067, 0.15271501561947806, 0.10671955104047832, 0.03699754469077079, 0.0583877297277252, 0.014011909943240817], [0.3490964311462862, 0.17222662160530244, 0.37971237407207975, 0.024807923700464765, 0.06014274141365056, 0.014013908062216328], [0.427470022013653, 0.36959134396170623, 0.10644605309557345, 0.027600498035577077, 0.054833711495957733, 0.014058371397532514], [0.50057002058973, 0.1332406468847864, 0.27751131975832233, 0.027461662427103045, 0.04711042468814212, 0.014105925651916217], [0.5532324706722997, 0.10824989020721015, 0.25649278523083496, 0.020098304867641102, 0.04776964428750584, 0.01415690473450813], [0.5639469830675188, 0.10318208934965845, 0.05072356781868716, 0.01980535824906445, 0.24813030906814681, 0.01421169244692434], [0.797587920132395, 0.09100023066439686, 0.03052487427492151, 0.017129689495035755, 0.04948655326976677, 0.014270732163484], [0.9091578819221967, 0.02778013943554538, 0.012665570404271548, 0.013371108161708618, 0.02376488390541571, 0.013260416170861936]], [[0.9091691756075196, 0.02779550878801773, 0.012653219318355495, 0.013360051046920373, 0.023772889194559076, 0.013249156044627848], [0.5781589054976372, 0.15688871037490923, 0.1419198534990202, 0.04218955882886431, 0.06687260242463251, 0.013970369374936537], [0.6292941587924461, 0.22994921300236013, 0.014411526228788994, 0.03129473743823781, 0.08084151354159824, 0.014208850996568769], [0.6339299621157447, 0.22857021059452157, 0.014425852909037432, 0.030962870462364733, 0.07788365082314777, 0.014227453095183772], [0.6881400620969795, 0.19908813667997985, 0.014394448875154462, 0.025953842051539763, 0.05823683293741602, 0.014186677358930175], [0.7318044129596655, 0.16947869988409528, 0.014455585660844376, 0.02266495849642282, 0.04733028419949258, 0.01426605879947933], [0.4742709532647901, 0.4078838769908981, 0.014394448875154463, 0.025953842051539763, 0.06331020145868747, 0.014186677358930177], [0.3460866681201791, 0.3669467721081054, 0.01521295361594912, 0.027382873609209463, 0.230865235387932, 0.013505497158624874], [0.5038151075314937, 0.3665589708420408, 0.017497470025351233, 0.027658065010455257, 0.07098031470166363, 0.013490071888995354], [0.19335025404664846, 0.31089085272149547, 0.019871098724050427, 0.027095575400863624, 0.434924137519448, 0.013868081587494129], [0.10393039231306785, 0.37698966473547185, 0.013397616119946932, 0.03431665347095413, 0.4576731223955638, 0.013692550964995425], [0.5074272546384961, 0.3720693093662663, 0.016493019661749753, 0.03029001552965257, 0.06026333827586366, 0.0134570625279715], [0.7137355814953001, 0.17364524315463664, 0.015151761812123838, 0.023744656307724054, 0.06025107220962233, 0.013471685020592955], [0.6143274789965235, 0.13078548989864908, 0.013694669703584426, 0.02057972503340008, 0.20707512650945098, 0.013537509858391777], [0.8111221757028707, 0.10545605671592005, 0.013667322609051494, 0.02165349072684663, 0.03459895249769693, 0.013502001747614274], [0.08433213625404724, 0.15251831979332844, 0.013979989608086017, 0.026205618413790044, 0.7086191217039055, 0.014344814226842681], [0.4805697789527045, 0.4056482592032309, 0.014394448875154463, 0.026047499327661205, 0.05915333628231876, 0.014186677358930177], [0.40916660827065343, 0.45845491270622346, 0.01801750082572221, 0.03446873726344829, 0.06572319756498003, 0.014169043368972496], [0.12521379949981512, 0.46683201174568534, 0.014018248504970115, 0.03971174849844248, 0.33984369385996316, 0.014380497891123792], [0.3937958630671148, 0.47341875715719295, 0.018351017315549, 0.03678859912599309, 0.06353085342273106, 0.01411490991141882], [0.4544619124384477, 0.4276583111123076, 0.014440534924484135, 0.029519745780264027, 0.05967297917511835, 0.014246516569378108], [0.7211644818716727, 0.17914312189937096, 0.014361208678029093, 0.024225599424553927, 0.04696118717538909, 0.014144400950984092], [0.758425315970231, 0.14718428809653036, 0.015425631673413733, 0.021677154202364844, 0.0421075284779983, 0.015180081579461895], [0.7634990613810356, 0.1423217236892915, 0.015399242237406234, 0.02121167477903799, 0.04241120200035282, 0.01515709591287576], [0.7659642350918097, 0.1368141895223153, 0.015436736456591412, 0.02253006231897758, 0.044068772208026165, 0.015186004402279803], [0.8355495264452085, 0.08149778626806807, 0.014467520654732065, 0.018714993359821363, 0.03548861779590165, 0.014281555476268252], [0.8348223847314478, 0.08504995637219782, 0.014419377729904159, 0.0175927400379009, 0.03389649555825607, 0.014219045570293274], [0.07026749918089419, 0.10113998413376173, 0.014154026639019034, 0.022457614206672364, 0.7774737391338552, 0.014507136705797273], [0.7989699884344673, 0.11596761957057558, 0.014437207550913789, 0.02020486167374226, 0.036178126541030385, 0.014242196229270618], [0.5973658244040301, 0.3172843812644087, 0.01442260644157926, 0.02055809980102557, 0.036145850283481044, 0.014223237805475337], [0.09049753790076365, 0.36722883410620333, 0.014000461790869449, 0.028469433995421775, 0.48543982379378686, 0.0143639084129547], [0.4892918453524793, 0.3986739488076812, 0.014351775602022797, 0.027107089460980748, 0.0564440713994657, 0.014131269377370262], [0.1287996650631604, 0.47149292963153033, 0.014000461790869449, 0.03811457297412194, 0.333228462127363, 0.014363908412954702], [0.39394357198057567, 0.4625381702846984, 0.020788402027412747, 0.030131783550937416, 0.07844625202559262, 0.01415182013078296], [0.587048988301471, 0.2682041794273271, 0.02128773513772542, 0.032023596369531684, 0.07720804766876094, 0.014227453095183772], [0.6709394761674293, 0.20715060684273487, 0.024317501813253296, 0.024776436294584446, 0.05862930152306781, 0.014186677358930177], [0.5288233998619845, 0.3619823989001693, 0.024176585484819026, 0.0214875527394675, 0.0492640042140802, 0.01426605879947933], [0.5868152542173176, 0.32002712513184484, 0.017683892007893075, 0.019178973565213434, 0.042008657027843524, 0.014286098049887666], [0.7788157754142419, 0.10167147231235651, 0.04067036575983157, 0.019805358249064448, 0.044825335817581094, 0.01421169244692434], [0.9091691756075196, 0.02779550878801773, 0.012653219318355495, 0.013360051046920373, 0.023772889194559076, 0.013249156044627848]], [[0.9091691756075196, 0.02779550878801773, 0.012653219318355495, 0.013360051046920373, 0.023772889194559076, 0.013249156044627848], [0.5792053015861717, 0.1734758368476895, 0.13426857792192087, 0.033020239203170786, 0.06605780066380693, 0.013972243777240132], [0.28148612535735196, 0.32382518099666924, 0.016942521648970206, 0.03706949253147627, 0.3260119678028105, 0.014664711662721753], [0.6303004874516764, 0.23126628658688503, 0.014367603067466442, 0.029071057643770465, 0.08084274511941848, 0.01415182013078296], [0.1208690532600908, 0.2316522386120869, 0.014038433226939283, 0.037982965569240634, 0.5810579853660359, 0.014399323965606215], [0.48300902349998387, 0.4041718334888732, 0.014351775602022797, 0.028284495217936065, 0.05605160281381394, 0.014131269377370262], [0.7360252061095262, 0.16129671686088248, 0.014408357752035677, 0.02403129073305646, 0.05003369157267327, 0.014204736971825949], [0.7258299915109718, 0.169287170001047, 0.013682189301706959, 0.025054546737866723, 0.05262479743736726, 0.013521305011040291], [0.6686244902421927, 0.20730846418798218, 0.014346087369696399, 0.02823009517910107, 0.06798536586240249, 0.013505497158624874], [0.5098949263615034, 0.3634886860020482, 0.014390300740730683, 0.027658065010455257, 0.07107794999626701, 0.013490071888995354], [0.5080596611902002, 0.37340581837727604, 0.013632712007110213, 0.03029001552965257, 0.06115473036778939, 0.0134570625279715], [0.5486607480391227, 0.34350177142529187, 0.014414355389722668, 0.02597943098264461, 0.053922389152177765, 0.013521305011040291], [0.5057339691633512, 0.20985092988710932, 0.013670014651327054, 0.032124852098689594, 0.22511473704089796, 0.013505497158624875], [0.7249653509818457, 0.16694912668981896, 0.01364397373518501, 0.02330693967018586, 0.05766292390237148, 0.013471685020592955], [0.6158339187701489, 0.29375605888478745, 0.013694669703584425, 0.02057972503340008, 0.04259811774968716, 0.013537509858391777], [0.6851395779917756, 0.20107846016415973, 0.014394448875154463, 0.026047499327661205, 0.05915333628231876, 0.014186677358930177], [0.6156187544050833, 0.2556393995994675, 0.014380867798048244, 0.03446873726344829, 0.06572319756498003, 0.014169043368972496], [0.6018390614365935, 0.2669326560031031, 0.014411526228788994, 0.03701332476994496, 0.06559458056500064, 0.014208850996568769], [0.24053192267247797, 0.5876387075016171, 0.018995281002662314, 0.027233735537307818, 0.110935641623213, 0.014664711662721753], [0.12442303780341293, 0.46678992291433036, 0.01405846710558687, 0.03955995588939293, 0.34075060693714226, 0.014418009350134544], [0.3955640282708189, 0.47323830977076653, 0.014339176118353118, 0.03069424399951297, 0.07204933192912955, 0.01411490991141882], [0.10730233466675976, 0.4216041310919192, 0.014040945676223757, 0.032424747101299355, 0.4102261741635925, 0.014401667300205276], [0.6725370183865931, 0.20648427363528657, 0.015348581121479342, 0.029916555902503916, 0.06063496034525373, 0.015078610608883315], [0.7576131190127403, 0.14386395106484856, 0.015292704001761859, 0.0235782744531773, 0.044628481377877685, 0.015023470089594322], [0.08730143360855569, 0.13610071155911618, 0.014946216361595484, 0.023736569569534828, 0.7224930923754637, 0.015421976525734276], [0.8079038824534995, 0.11017235182297004, 0.014405206395945239, 0.01870666998101757, 0.03461124416961328, 0.014200645176954508], [0.07023845966071299, 0.10549490272206244, 0.014087004911991403, 0.019649616346791316, 0.7760853901012349, 0.014444626257206996], [0.07043136135036787, 0.1014032974742755, 0.014137127507161297, 0.022467463861272786, 0.7770693747408214, 0.014491375066101271], [0.8012571817827772, 0.1133930238856616, 0.01442260644157926, 0.02055809980102557, 0.036145850283481044, 0.014223237805475337], [0.7377295999192921, 0.16252644743923744, 0.014455585660844376, 0.024029678805621027, 0.046992629375525535, 0.01426605879947933], [0.694521319620323, 0.19349181632793996, 0.014394448875154462, 0.024776436294584443, 0.058629301523067806, 0.014186677358930175], [0.6083728539990747, 0.2537658931492912, 0.014425852909037432, 0.032023596369531684, 0.07718435047788108, 0.014227453095183772], [0.5999842011789739, 0.25695514813912496, 0.014367603067466442, 0.030131783550937416, 0.08440944393271424, 0.01415182013078296], [0.259231875027889, 0.36113286638633485, 0.018708432534024114, 0.030078645849554074, 0.3161834685394761, 0.014664711662721753], [0.39670949461009214, 0.46022985470800665, 0.014367603067466442, 0.030131783550937416, 0.08440944393271424, 0.01415182013078296], [0.12843928969589355, 0.24682777645156775, 0.014018248504970115, 0.03805292496903072, 0.558281262487414, 0.014380497891123792], [0.479103397885692, 0.4068096369207765, 0.016404534955714905, 0.027107089460980754, 0.056444071399465716, 0.014131269377370262], [0.7404446179433162, 0.16155004606454781, 0.014455585660844376, 0.0214875527394675, 0.04779613879234468, 0.01426605879947933], [0.7994920658550458, 0.09098748277211537, 0.03255031784713258, 0.018992075910994763, 0.043874417300856186, 0.014103640313855168], [0.9091691756075196, 0.02779550878801773, 0.012653219318355495, 0.013360051046920373, 0.023772889194559076, 0.013249156044627848]], [[0.9091691756075196, 0.02779550878801773, 0.012653219318355495, 0.013360051046920373, 0.023772889194559076, 0.013249156044627848], [0.5847584448893445, 0.17252722226400327, 0.13333773294397105, 0.032797462765518696, 0.06256522907494586, 0.014013908062216326], [0.629887074162616, 0.2299492130023601, 0.014411526228788992, 0.0312947374382378, 0.08024859817142814, 0.014208850996568767], [0.6335602781015799, 0.22857021059452157, 0.014425852909037432, 0.030962870462364733, 0.07825333483731257, 0.014227453095183772], [0.7107408570382576, 0.18446540070089218, 0.014336083090542611, 0.021474005939312348, 0.05487275937963723, 0.01411089385135799], [0.08818969900047058, 0.1381490367620177, 0.014160035772307672, 0.023171463641096388, 0.7218170234639071, 0.014512741360200714], [0.08942073065274442, 0.1358173949355496, 0.01411768040326166, 0.02603257236987081, 0.7201383846784635, 0.014473236960109957], [0.7329249695819161, 0.1641382773117347, 0.01364397373518501, 0.023229276995299572, 0.05259181735527158, 0.013471685020592955], [0.5135015781735716, 0.36566117343518884, 0.013670014651327052, 0.02823009517910107, 0.06543164140218641, 0.013505497158624874], [0.5079163561537269, 0.2047750444539555, 0.013632712007110213, 0.025985753677710638, 0.23423307117952513, 0.0134570625279715], [0.7146771018240947, 0.17863049632061317, 0.013682189301706957, 0.02597943098264461, 0.05350947655990022, 0.013521305011040291], [0.5076255484842996, 0.37389911357027356, 0.013632712007110213, 0.03029001552965257, 0.06109554788069244, 0.0134570625279715], [0.3423226550969752, 0.37463364156659845, 0.01362171260053669, 0.030556119268090556, 0.22542309082804168, 0.013442780639757408], [0.2838978209230427, 0.1978484169479823, 0.013454564733609675, 0.20847665813483623, 0.2825758379251825, 0.013746701335346511], [0.7315724375180503, 0.16627536529181816, 0.01364397373518501, 0.023306939670185857, 0.05172959876416751, 0.013471685020592955], [0.7431916768054473, 0.15614095401513242, 0.014408357752035677, 0.024124948009177905, 0.04792932644638067, 0.01420473697182595], [0.09910936340381041, 0.20049721953102992, 0.013979989608086017, 0.03165361505900014, 0.6404149981712309, 0.014344814226842683], [0.41130053161517705, 0.45995762238937365, 0.014380867798048244, 0.03446873726344828, 0.06572319756498002, 0.014169043368972496], [0.3855271492831711, 0.4829828199203935, 0.014411526228788992, 0.03803503133134742, 0.06483462223973004, 0.014208850996568767], [0.3897840218699189, 0.4814424395515847, 0.014339176118353118, 0.03678859912599309, 0.06353085342273106, 0.01411490991141882], [0.4490222289363303, 0.43309799461442494, 0.014440534924484135, 0.029519745780264027, 0.05967297917511835, 0.014246516569378108], [0.716532689773634, 0.18379008040214345, 0.01436466780250642, 0.024222286656070256, 0.04694226645192773, 0.014148008913717971], [0.7591248003804142, 0.146566039348558, 0.015444860549502448, 0.02166613682491161, 0.04199766441520786, 0.015200498481405835], [0.7634990613810356, 0.1423217236892915, 0.015399242237406234, 0.02121167477903799, 0.04241120200035282, 0.01515709591287576], [0.7678364195841699, 0.1352100752609472, 0.01549088261726762, 0.02248729936481276, 0.04373174710509501, 0.015243576067707522], [0.837859387949069, 0.0820980365812163, 0.014519768305781021, 0.017293219238841466, 0.03388019286977538, 0.014349395055316651], [0.8355495264452085, 0.08149778626806807, 0.014467520654732065, 0.018714993359821363, 0.03548861779590165, 0.014281555476268252], [0.8085387241967736, 0.10669348361638653, 0.01445217431861329, 0.01984277733668754, 0.03621121109905146, 0.014261629432487695], [0.8088679513984273, 0.1089380882008183, 0.0144868502874245, 0.018812257753187997, 0.03458819883412982, 0.014306653526011891], [0.8013015876848281, 0.11334861798361069, 0.014422606441579262, 0.020558099801025572, 0.03614585028348105, 0.014223237805475339], [0.7537962901573266, 0.14540115877693005, 0.014408357752035679, 0.022853884976101142, 0.049335571365780546, 0.01420473697182595], [0.69000129206912, 0.18849614803784068, 0.014440534924484136, 0.026977619714110508, 0.06583788868506667, 0.014246516569378108], [0.4100310241011808, 0.24910890451633003, 0.014425852909037432, 0.032023596369531684, 0.28018316900873624, 0.014227453095183772], [0.5882901107694013, 0.2614547121935933, 0.014411526228788994, 0.033377169906807225, 0.08825762990484046, 0.014208850996568769], [0.4014309569271919, 0.2550758835121593, 0.014425852909037432, 0.032023596369531684, 0.2828162571868958, 0.014227453095183772], [0.68438553840448, 0.1948266139629696, 0.014351775602022797, 0.027107089460980748, 0.06519771319217653, 0.014131269377370262], [0.08999755521510429, 0.14244391497277958, 0.014038433226939283, 0.02840565457210658, 0.7107151180474639, 0.014399323965606215], [0.750852756605138, 0.15317170591258242, 0.014364667802506418, 0.02168016058991673, 0.045782700176138384, 0.01414800891371797], [0.05992278649207482, 0.07697754812757295, 0.03949401648265854, 0.022155286390370565, 0.7870864540943683, 0.014363908412954702], [0.9091691756075196, 0.02779550878801773, 0.012653219318355495, 0.013360051046920373, 0.023772889194559076, 0.013249156044627848]], [[0.9091691756075196, 0.02779550878801773, 0.012653219318355495, 0.013360051046920373, 0.023772889194559076, 0.013249156044627848], [0.662598777507488, 0.1373280587928835, 0.09825226638233925, 0.037135295364306195, 0.05067369200974208, 0.014011909943240815], [0.6351986531430119, 0.22857021059452157, 0.014425852909037432, 0.030962870462364733, 0.07661495979588051, 0.014227453095183772], [0.6960232352306835, 0.19115762175817338, 0.014351775602022797, 0.028284495217936065, 0.05605160281381394, 0.014131269377370262], [0.0872748855415053, 0.13927117158001584, 0.01409562990401739, 0.024261080600061182, 0.7206445616792991, 0.01445267069510114], [0.7312246275427697, 0.168370562988249, 0.01434861123534828, 0.022933207972300126, 0.04899582957208252, 0.014127160689250429], [0.10975714161098435, 0.1786984542140619, 0.014106678117593842, 0.02987500998063594, 0.6530997408308836, 0.014462975245840342], [0.681319754200798, 0.19924152577385632, 0.013632712007110213, 0.025548037040172444, 0.06680090845009146, 0.0134570625279715], [0.6803937901150664, 0.19876153204172056, 0.013621712600536687, 0.025814140778610425, 0.06796604382430839, 0.013442780639757408], [0.08135816386725407, 0.1839992182974644, 0.013454564733609675, 0.026452394223730274, 0.6809889575425951, 0.013746701335346513], [0.665208780549154, 0.2149952386609179, 0.013598140348615395, 0.03189536457024737, 0.0608903019976497, 0.013412173873415607], [0.10312839618106533, 0.19818294872994371, 0.013454564733609675, 0.03417512924447449, 0.6373122597755603, 0.013746701335346511], [0.3894775541990592, 0.452565004469357, 0.015756891765844366, 0.04443569832644936, 0.08389676965179607, 0.01386808158749413], [0.11557990295336368, 0.36136991851768774, 0.013454564733609675, 0.04015874016515719, 0.45569017229483505, 0.013746701335346511], [0.6787068770261846, 0.2077064309434335, 0.013632712007110213, 0.03029001552965257, 0.05620690196564758, 0.0134570625279715], [0.6855502359478665, 0.198476582152504, 0.014440534924484135, 0.02824868274718726, 0.05903744765857997, 0.014246516569378108], [0.7408209442976443, 0.15851168652293546, 0.014408357752035677, 0.024124948009177905, 0.04792932644638067, 0.01420473697182595], [0.6668821266036337, 0.2168829432606048, 0.014440534924484133, 0.029270389308589724, 0.058277489333309375, 0.014246516569378108], [0.39701171778852673, 0.4699085743451229, 0.014380867798048244, 0.03499660149224149, 0.0695331952070882, 0.014169043368972498], [0.1073321787264451, 0.201278116619636, 0.014089472056216157, 0.03633455251110616, 0.6265187527503356, 0.014446927336260998], [0.5165978895631731, 0.38372488061260457, 0.01436466780250642, 0.024222286656070256, 0.04694226645192773, 0.014148008913717971], [0.06908698004639845, 0.10955077671808557, 0.01402077990266298, 0.02071071004868643, 0.7722478943854656, 0.014382858898700874], [0.7613259466420482, 0.1413381896757533, 0.015471457379712877, 0.022957245474978814, 0.04368880694514487, 0.015218353882361924], [0.7655918552958635, 0.13713324981993025, 0.015425966718701712, 0.022538567923105234, 0.04413580691511319, 0.015174553327285997], [0.808282597142941, 0.10122225372535207, 0.015672707849438895, 0.01918371033422283, 0.040181704183348335, 0.01545702676469692], [0.837859387949069, 0.0820980365812163, 0.014519768305781021, 0.017293219238841466, 0.03388019286977538, 0.014349395055316651], [0.837859387949069, 0.0820980365812163, 0.014519768305781021, 0.017293219238841466, 0.03388019286977538, 0.014349395055316651], [0.837859387949069, 0.0820980365812163, 0.014519768305781021, 0.017293219238841466, 0.03388019286977538, 0.014349395055316651], [0.8058499370114188, 0.10938227080174122, 0.01445217431861329, 0.01984277733668754, 0.03621121109905146, 0.014261629432487695], [0.07059522078113906, 0.10609907747800673, 0.014049720735935203, 0.01965136804045301, 0.77519476125984, 0.014409851704625994], [0.07059522078113907, 0.11870790949958115, 0.014049720735935203, 0.01965136804045301, 0.7625859292382656, 0.014409851704625994], [0.7438793422453109, 0.14917191658903128, 0.014408357752035679, 0.022853884976101142, 0.05548176146569515, 0.01420473697182595], [0.6774793177453968, 0.19992775328461015, 0.014440534924484135, 0.027999326275512965, 0.06590655120061782, 0.014246516569378108], [0.592681373458457, 0.2623590784473378, 0.014380867798048244, 0.030338740067701292, 0.08607089685948327, 0.014169043368972498], [0.6712654410249443, 0.20126178395785851, 0.014440534924484135, 0.027999326275512965, 0.07078639724782186, 0.014246516569378108], [0.7457672527159743, 0.14832094896287348, 0.014455585660844376, 0.0214875527394675, 0.055702601121360724, 0.01426605879947933], [0.751629829623764, 0.14502623907011514, 0.014408357752035677, 0.022853884976101142, 0.051876951606158066, 0.014204736971825949], [0.6976072850119251, 0.19040585093633788, 0.014394448875154463, 0.024776436294584446, 0.05862930152306781, 0.014186677358930177], [0.7360114530826327, 0.12206610957670261, 0.053137221734069914, 0.026348498812342393, 0.04838047989771644, 0.014056236896535838], [0.9091691756075196, 0.02779550878801773, 0.012653219318355495, 0.013360051046920373, 0.023772889194559076, 0.013249156044627848]], [[0.9091691756075196, 0.02779550878801773, 0.012653219318355495, 0.013360051046920373, 0.023772889194559076, 0.013249156044627848], [0.06275593304568255, 0.11393871443074868, 0.07120768967969227, 0.03878854439073581, 0.6989097944875343, 0.014399323965606215], [0.7154358290894652, 0.17977042864968462, 0.014336083090542611, 0.021474005939312348, 0.05487275937963723, 0.01411089385135799], [0.0872748855415053, 0.13927117158001584, 0.01409562990401739, 0.024261080600061182, 0.7206445616792991, 0.01445267069510114], [0.75062309812085, 0.15261642722556676, 0.014364667802506418, 0.022857566346872048, 0.045390231590486614, 0.01414800891371797], [0.684187777548016, 0.19895951148797061, 0.014440534924484136, 0.028155025471065825, 0.06001063399908541, 0.014246516569378108], [0.4228695351589682, 0.43945318857086235, 0.014380867798048244, 0.028750149931741138, 0.08037721517140754, 0.014169043368972496], [0.34081503694096005, 0.37197070218352013, 0.01362171260053669, 0.02625185741614862, 0.23389791021907694, 0.013442780639757408], [0.3885736797328904, 0.44081127133392867, 0.015756891765844366, 0.032446619044127385, 0.10854345653571515, 0.01386808158749413], [0.5180702517865099, 0.19694651581138686, 0.013587927132777742, 0.027729303504800927, 0.2302670889707797, 0.013398912793745103], [0.6708655281570463, 0.20719662047092635, 0.013632712007110213, 0.030727732167190762, 0.06412034466975483, 0.0134570625279715], [0.7066936712821796, 0.18300687775016516, 0.013585419503659307, 0.03227075588308357, 0.05104761875179692, 0.01339565682911533], [0.10984505725774311, 0.1976828481189939, 0.013454564733609675, 0.03442389446953663, 0.6308469340847701, 0.013746701335346511], [0.34466405834760333, 0.5417229694345543, 0.013598140348615393, 0.03221369604944778, 0.054388961946363334, 0.013412173873415607], [0.7213866277992722, 0.1756147374945832, 0.013682189301706957, 0.025132209412753004, 0.05066293098064411, 0.013521305011040291], [0.5445218118208722, 0.35764083008727243, 0.014455585660844376, 0.022758615772544268, 0.046357097858987145, 0.01426605879947933], [0.68488597166587, 0.19914084643450042, 0.014440534924484133, 0.02824868274718726, 0.05903744765857996, 0.014246516569378108], [0.6234297129928886, 0.2456198295621137, 0.014425852909037432, 0.03668145779407189, 0.06561569364670475, 0.014227453095183773], [0.6099188957511394, 0.25674029878531435, 0.014367603067466442, 0.035317509204270826, 0.06950387306102572, 0.01415182013078296], [0.13287495947328806, 0.23219326826479436, 0.014049720735935203, 0.03989963131098435, 0.5665725685103722, 0.014409851704625994], [0.6623577225212333, 0.21761585921418558, 0.014394448875154462, 0.027846426589531174, 0.06359886544096528, 0.014186677358930175], [0.7380043658831782, 0.15942167038778646, 0.014408357752035679, 0.025396011042254668, 0.04856485796291906, 0.01420473697182595], [0.8050201494565737, 0.10963005621186497, 0.01442260644157926, 0.02055809980102557, 0.036145850283481044, 0.014223237805475337], [0.06927465513628098, 0.1065538013704674, 0.014000461790869449, 0.020715660794857108, 0.7750915124945703, 0.014363908412954703], [0.8085387241967736, 0.10669348361638653, 0.01445217431861329, 0.01984277733668754, 0.03621121109905146, 0.014261629432487695], [0.8570105361171597, 0.06978527891079986, 0.013747891365514815, 0.01604769792670535, 0.029801981563741628, 0.013606614116078514], [0.8570105361171597, 0.06978527891079986, 0.013747891365514815, 0.01604769792670535, 0.029801981563741628, 0.013606614116078514], [0.8337632389355931, 0.09150981425355545, 0.01373406510554474, 0.016995293510110206, 0.030408926420273062, 0.013588661774923416], [0.8286647250652768, 0.09634711422290229, 0.013720595020122402, 0.01730731809894337, 0.030389075693576337, 0.013571171899178742], [0.6601980521714249, 0.2613501020047518, 0.013667322609051494, 0.018755008753412093, 0.03252751271374544, 0.013502001747614274], [0.6161158730470893, 0.29191647921909236, 0.01365550728204856, 0.020658724353996582, 0.04416675564864997, 0.013486660449123226], [0.5687414129705554, 0.16453550203483483, 0.01364397373518501, 0.022252946225300572, 0.21735448001353133, 0.013471685020592955], [0.4974128993741347, 0.3803544196444375, 0.013598140348615393, 0.028351294830237024, 0.06687107192915971, 0.013412173873415607], [0.1138267359735159, 0.3735989573866484, 0.013454564733609675, 0.0344789596886259, 0.45089408088225347, 0.013746701335346511], [0.3324309887320812, 0.38010627345221987, 0.013598140348615393, 0.028351294830237024, 0.2321011287634308, 0.013412173873415607], [0.5641640528590395, 0.1630392616228067, 0.013682189301706959, 0.024078215967867724, 0.22151497523753877, 0.013521305011040291], [0.7312916466073959, 0.16119084626304875, 0.01364397373518501, 0.022252946225300572, 0.05814890214847685, 0.013471685020592955], [0.35464532984365843, 0.24960800510689962, 0.014049720735935203, 0.038250508503966794, 0.32903658410491404, 0.014409851704625994], [0.4283857113432018, 0.35177855754100323, 0.11043854675405816, 0.03699754469077079, 0.0583877297277252, 0.014011909943240817], [0.9091691756075196, 0.02779550878801773, 0.012653219318355495, 0.013360051046920373, 0.023772889194559076, 0.013249156044627848]], [[0.9091691756075196, 0.02779550878801773, 0.012653219318355495, 0.013360051046920373, 0.023772889194559076, 0.013249156044627848], [0.8055352054005072, 0.09915750014454608, 0.026395400005554986, 0.017586833844399755, 0.037270951559601743, 0.014054109045390142], [0.08705522571774638, 0.13888323898590577, 0.014112796150282707, 0.024245348947633798, 0.7212347087288806, 0.014468681469550652], [0.7915955352834121, 0.1222783119721885, 0.014361429600116653, 0.019476333524394658, 0.0381445852643194, 0.014143804355568754], [0.8064702818711471, 0.10817992379729166, 0.01442260644157926, 0.02055809980102557, 0.036145850283481044, 0.014223237805475337], [0.7515280490511131, 0.1516447534780558, 0.014455585660844376, 0.02266495849642282, 0.045440594514084436, 0.014266058799479332], [0.6628059546714401, 0.21759009100329635, 0.014351775602022797, 0.027900603479861424, 0.06322030586600902, 0.014131269377370262], [0.10410009935112503, 0.5315428556682611, 0.013454564733609675, 0.0344789596886259, 0.3026768192230316, 0.013746701335346511], [0.7048574087823453, 0.17882563041784527, 0.013575488316952534, 0.02778320603187439, 0.061575504508280615, 0.01338276194270202], [0.10211372708961046, 0.19287678136158495, 0.013454564733609675, 0.03200308092841678, 0.6458051445514316, 0.013746701335346511], [0.08520782398625228, 0.16795632657829895, 0.013454564733609675, 0.023236416048936212, 0.6963981673175563, 0.013746701335346511], [0.09552350730989906, 0.15800913055812404, 0.013454564733609675, 0.031056449838243898, 0.6882096462247766, 0.013746701335346511], [0.10530948926544854, 0.3679075758875247, 0.013454564733609675, 0.03223777582505114, 0.46734389295301926, 0.013746701335346511], [0.559120670450984, 0.33881292156185544, 0.01364397373518501, 0.023306939670185857, 0.05164380956119659, 0.013471685020592955], [0.6123089144619184, 0.29973107512794733, 0.013694669703584425, 0.02057972503340008, 0.040148105814757834, 0.013537509858391777], [0.6801127555984955, 0.203914062501875, 0.014440534924484135, 0.02824868274718726, 0.05903744765857997, 0.014246516569378108], [0.6253242151446781, 0.2437253274103241, 0.014425852909037432, 0.03668145779407189, 0.06561569364670475, 0.014227453095183773], [0.631122395783262, 0.23987466062409324, 0.014367603067466442, 0.03478964497547762, 0.06569387541891757, 0.01415182013078296], [0.4594060675920043, 0.38079027804146226, 0.016942521648970206, 0.027233735537307818, 0.10096268551753379, 0.014664711662721755], [0.6130547021459701, 0.2536044923904838, 0.014367603067466442, 0.035317509204270826, 0.06950387306102573, 0.014151820130782962], [0.6098526570716838, 0.2565110138672681, 0.014425852909037432, 0.03160880922899423, 0.07337421382783263, 0.014227453095183772], [0.6678931866220102, 0.21208039511340868, 0.014394448875154463, 0.027846426589531174, 0.06359886544096528, 0.014186677358930177], [0.7420919021973024, 0.15533413407366237, 0.014408357752035677, 0.025396011042254668, 0.04856485796291906, 0.01420473697182595], [0.8045583265264462, 0.1129717230462215, 0.014377863040482294, 0.01939629254102144, 0.034530652924755094, 0.014165141921073422], [0.8067576801702004, 0.1081799278348424, 0.014437207550913789, 0.02020486167374226, 0.036178126541030385, 0.014242196229270618], [0.8345279642909208, 0.09074508889822776, 0.01373406510554474, 0.016995293510110206, 0.030408926420273062, 0.013588661774923416], [0.8326971963453321, 0.09018036497222184, 0.013691840943518042, 0.018161847620744697, 0.03173491318839751, 0.013533836929785811], [0.8315729818363935, 0.09343885745178544, 0.013720595020122402, 0.01730731809894337, 0.030389075693576337, 0.013571171899178742], [0.8277406946283423, 0.09701657424902241, 0.013707467521291195, 0.01761140692219786, 0.030369729833224363, 0.01355412684592203], [0.7720476709686913, 0.1377008791565771, 0.013694669703584426, 0.021633718478285366, 0.04138555183446997, 0.013537