{"round_id": "36e581f1-73f8-453f-ab98-cbe3052b701b", "seed_index": 0, "prediction": [[[0.8982025185185185, 0.02791454320987654, 0.013227333333333334, 0.013487283950617285, 0.031934493827160494, 0.015233827160493827], [0.8982025185185185, 0.02791454320987654, 0.013227333333333334, 0.013487283950617285, 0.031934493827160494, 0.015233827160493827], [0.8982025185185185, 0.02791454320987654, 0.013227333333333334, 0.013487283950617285, 0.031934493827160494, 0.015233827160493827], [0.8982025185185185, 0.02791454320987654, 0.013227333333333334, 0.013487283950617285, 0.031934493827160494, 0.015233827160493827], [0.8982025185185185, 0.02791454320987654, 0.013227333333333334, 0.013487283950617285, 0.031934493827160494, 0.015233827160493827], [0.8982025185185185, 0.02791454320987654, 0.013227333333333334, 0.013487283950617285, 0.031934493827160494, 0.015233827160493827], [0.8982025185185185, 0.02791454320987654, 0.013227333333333334, 0.013487283950617285, 0.031934493827160494, 0.015233827160493827], [0.8982025185185185, 0.02791454320987654, 0.013227333333333334, 0.013487283950617285, 0.031934493827160494, 0.015233827160493827], [0.8982587115666179, 0.027814812103465106, 0.013299633967789166, 0.013556539775500245, 0.03178767691556857, 0.015282625671059053], [0.8984422237860662, 0.0274891156462585, 0.013535749472202674, 0.013782711705371804, 0.03130821018062397, 0.015441989209476894], [0.9132420556341349, 0.022160317460317457, 0.012812022630834512, 0.012977479176489077, 0.02471898475561842, 0.014089140342605689], [0.9129831801470588, 0.022090548406862743, 0.012978538602941177, 0.013139813112745098, 0.02458454350490196, 0.014223376225490195], [0.9113222645099903, 0.02258774183317475, 0.013154947668886774, 0.013321899777989216, 0.025169536948937518, 0.01444360926102125], [0.912910310218978, 0.022070909367396592, 0.013025410583941606, 0.013185507907542578, 0.024546700121654497, 0.014261161800486618], [0.912910310218978, 0.022070909367396592, 0.013025410583941606, 0.013185507907542578, 0.024546700121654497, 0.014261161800486618], [0.912910310218978, 0.022070909367396592, 0.013025410583941606, 0.013185507907542578, 0.024546700121654497, 0.014261161800486618], [0.912910310218978, 0.022070909367396592, 0.013025410583941606, 0.013185507907542578, 0.024546700121654497, 0.014261161800486618], [0.912910310218978, 0.022070909367396592, 0.013025410583941606, 0.013185507907542578, 0.024546700121654497, 0.014261161800486618], [0.912910310218978, 0.022070909367396592, 0.013025410583941606, 0.013185507907542578, 0.024546700121654497, 0.014261161800486618], [0.912910310218978, 0.022070909367396592, 0.013025410583941606, 0.013185507907542578, 0.024546700121654497, 0.014261161800486618], [0.912910310218978, 0.022070909367396592, 0.013025410583941606, 0.013185507907542578, 0.024546700121654497, 0.014261161800486618], [0.912910310218978, 0.022070909367396592, 0.013025410583941606, 0.013185507907542578, 0.024546700121654497, 0.014261161800486618], [0.912910310218978, 0.022070909367396592, 0.013025410583941606, 0.013185507907542578, 0.024546700121654497, 0.014261161800486618], [0.9129831801470588, 0.022090548406862743, 0.012978538602941177, 0.013139813112745098, 0.02458454350490196, 0.014223376225490195], [0.9132420556341349, 0.022160317460317457, 0.012812022630834512, 0.012977479176489077, 0.02471898475561842, 0.014089140342605689], [0.8984422237860662, 0.0274891156462585, 0.013535749472202674, 0.013782711705371804, 0.03130821018062397, 0.015441989209476894], [0.8982587115666179, 0.027814812103465106, 0.013299633967789166, 0.013556539775500245, 0.03178767691556857, 0.015282625671059053], [0.8983068115942028, 0.027729444444444445, 0.013361521739130435, 0.013615821256038649, 0.03166200483091788, 0.015324396135265698], [0.8985364576154375, 0.027321869974730066, 0.013656995175740868, 0.01389885136687342, 0.03106200321617275, 0.015523822651045256], [0.8985364576154375, 0.027321869974730066, 0.013656995175740868, 0.01389885136687342, 0.03106200321617275, 0.015523822651045256], [0.8983068115942028, 0.027729444444444445, 0.013361521739130435, 0.013615821256038649, 0.03166200483091788, 0.015324396135265698], [0.8982025185185185, 0.02791454320987654, 0.013227333333333334, 0.013487283950617285, 0.031934493827160494, 0.015233827160493827], [0.8982025185185185, 0.02791454320987654, 0.013227333333333334, 0.013487283950617285, 0.031934493827160494, 0.015233827160493827], [0.8982025185185185, 0.02791454320987654, 0.013227333333333334, 0.013487283950617285, 0.031934493827160494, 0.015233827160493827], [0.8982025185185185, 0.02791454320987654, 0.013227333333333334, 0.013487283950617285, 0.031934493827160494, 0.015233827160493827], [0.8982025185185185, 0.02791454320987654, 0.013227333333333334, 0.013487283950617285, 0.031934493827160494, 0.015233827160493827], [0.8982025185185185, 0.02791454320987654, 0.013227333333333334, 0.013487283950617285, 0.031934493827160494, 0.015233827160493827], [0.8983068115942028, 0.027729444444444445, 0.013361521739130435, 0.013615821256038649, 0.03166200483091788, 0.015324396135265698], [0.8984866898954704, 0.027410197444831592, 0.013592961672473869, 0.013837514518002324, 0.031192032520325208, 0.015480603948896634], [0.8985364576154375, 0.027321869974730066, 0.013656995175740868, 0.01389885136687342, 0.03106200321617275, 0.015523822651045256]], [[0.8982025185185185, 0.02791454320987654, 0.013227333333333334, 0.013487283950617285, 0.031934493827160494, 0.015233827160493827], [0.7851498330863665, 0.08622084935625497, 0.040611209802967875, 0.02415807394981164, 0.045975937638919016, 0.017884096165679972], [0.11554666739220046, 0.08221873783409725, 0.050953734577189796, 0.025207545092475137, 0.7091735591255113, 0.01689975597852611], [0.6007412662688052, 0.1362966306630157, 0.143600645968004, 0.03298776238294225, 0.0686821487956317, 0.017691545921601267], [0.7591420606272045, 0.12215109516983871, 0.03302408899899981, 0.025788767386243278, 0.04192570671363277, 0.017968281104080837], [0.6110909002365943, 0.12594699669522652, 0.143600645968004, 0.03298776238294225, 0.0686821487956317, 0.017691545921601267], [0.6219358194873413, 0.12789615104434027, 0.1248119056821506, 0.04159637468397432, 0.06599159756743772, 0.017768151534755777], [0.6007412662688052, 0.12594699669522652, 0.143600645968004, 0.03298776238294225, 0.07903178276342085, 0.017691545921601267], [0.10621388715388579, 0.08296325620842727, 0.0513277047647713, 0.0252763752565341, 0.7173486531595914, 0.01687012345679012], [0.801796879390749, 0.08230646465929999, 0.029625301578810555, 0.023879344600580776, 0.04441911151947855, 0.017972898251081212], [0.8732845236061674, 0.040942113392924855, 0.019724788015489922, 0.018829107254122436, 0.031150203966141002, 0.016069263765154176], [0.8740736621765964, 0.040388911912879716, 0.01797912977783784, 0.017799300417888075, 0.03373230414153114, 0.016026691573266916], [0.06393597213394601, 0.03401409813925474, 0.013725264671826906, 0.016258832987375915, 0.8569676531285625, 0.015098178939034045], [0.8740736621765964, 0.040388911912879716, 0.01797912977783784, 0.017799300417888075, 0.03373230414153114, 0.016026691573266916], [0.8598324827114114, 0.052675641611460024, 0.019420970462501234, 0.018581488777981672, 0.033530119682916866, 0.015959296753728827], [0.8164385685243227, 0.09258477447029649, 0.023937601303424524, 0.02006850672099713, 0.030956361653135346, 0.01601418732782369], [0.7326231302283532, 0.13861609066029887, 0.055652808090461074, 0.020500686363396806, 0.036773333682774696, 0.015833950974715304], [0.1023221050129695, 0.4165421035425751, 0.06784894792733244, 0.02528241071568689, 0.37295795844246155, 0.015046474358974358], [0.497912639103695, 0.39670992794034277, 0.03412941258416378, 0.02022281063778022, 0.03529546215640915, 0.015729747577609084], [0.817317767796843, 0.09170557519777625, 0.023937601303424524, 0.02006850672099713, 0.030956361653135346, 0.01601418732782369], [0.8592083391781771, 0.053299785144694474, 0.019420970462501234, 0.018581488777981672, 0.033530119682916866, 0.015959296753728827], [0.8740736621765964, 0.040388911912879716, 0.01797912977783784, 0.017799300417888075, 0.03373230414153114, 0.016026691573266916], [0.8815671973737429, 0.036998121031428806, 0.016636331528439338, 0.017161696551143482, 0.031400431342659574, 0.01623622217258581], [0.8859804825597554, 0.03491483112995709, 0.014964217265415983, 0.01625711014655708, 0.03156490159803893, 0.01631845730027548], [0.8859804825597554, 0.03491483112995709, 0.014964217265415983, 0.01625711014655708, 0.03156490159803893, 0.01631845730027548], [0.8859804825597554, 0.03491483112995709, 0.014964217265415983, 0.01625711014655708, 0.03156490159803893, 0.01631845730027548], [0.8815671973737429, 0.036998121031428806, 0.016636331528439338, 0.017161696551143482, 0.031400431342659574, 0.01623622217258581], [0.8773861903554154, 0.038971764095980965, 0.018220439777619356, 0.018018673144962184, 0.03124461741651073, 0.01615831520951138], [0.9128742727272727, 0.02206119696969697, 0.013048590909090909, 0.01320810606060606, 0.02452798484848485, 0.014279848484848486], [0.9129193607305935, 0.022073348554033485, 0.01301958904109589, 0.013179832572298326, 0.024551400304414002, 0.01425646879756469], [0.8084926113227451, 0.0879272646335196, 0.03383424617075782, 0.020525760111330997, 0.03346740174845554, 0.01575271601319092], [0.6972140845728344, 0.09804127775887815, 0.11582352471771039, 0.02628878676126696, 0.0467485402782513, 0.015883785911058636], [0.509500042605904, 0.08224363800387188, 0.3319762463948889, 0.025156552154624708, 0.03517612448244928, 0.0159473963582611], [0.8293212025556138, 0.056568114386007146, 0.04508725797086776, 0.01979069500701941, 0.03333760491580153, 0.015895125164690382], [0.842724226002755, 0.056568114386007146, 0.031684234523726665, 0.01979069500701941, 0.03333760491580153, 0.015895125164690382], [0.0647766802235994, 0.041132950911486554, 0.013618142368923346, 0.01619953699827023, 0.8492557162805535, 0.015016973217166827], [0.8740736621765964, 0.040388911912879716, 0.01797912977783784, 0.017799300417888075, 0.03373230414153114, 0.016026691573266916], [0.877755482199341, 0.038710995244353404, 0.01643741626908822, 0.01695570210951468, 0.03407161500028833, 0.016068789177414337], [0.913174894613583, 0.02214221701795472, 0.012855222482435598, 0.013019594067135052, 0.024684106167056984, 0.014123965651834504], [0.9129831801470588, 0.022090548406862743, 0.012978538602941177, 0.013139813112745098, 0.02458454350490196, 0.014223376225490195]], [[0.8982025185185185, 0.02791454320987654, 0.013227333333333334, 0.013487283950617285, 0.031934493827160494, 0.015233827160493827], [0.6891723594238491, 0.11907274956655538, 0.09365611508437571, 0.0322813615342536, 0.047793718410547796, 0.018023695980418315], [0.5945773804573495, 0.2333143887994877, 0.034838575072144454, 0.03872208287665758, 0.08061617182817717, 0.017931400966183574], [0.579004930624163, 0.272792547889758, 0.01635835716718869, 0.04249993175855026, 0.07103413369120183, 0.01831009886913818], [0.5969183021572727, 0.2554740185649364, 0.016283969527407877, 0.035513541762445235, 0.07764483548199086, 0.01816533250594684], [0.18484090092280495, 0.21552499700503375, 0.014729394173478249, 0.03426041507734941, 0.5337741693645435, 0.01687012345679012], [0.30377255705708256, 0.45366976313668794, 0.02516800115377303, 0.04031131499914812, 0.15700134362179805, 0.02007702003151024], [0.5912131043775678, 0.22727061530584225, 0.01638742406115412, 0.038849493108140294, 0.1079588488407292, 0.01832051430656621], [0.6345285533289567, 0.20042686187346873, 0.016253904450484174, 0.037465159537076985, 0.09317210101593197, 0.01815341979408141], [0.738147645115985, 0.13495311892500728, 0.016375192204718246, 0.027586553508418807, 0.06470884416676025, 0.01822864607911031], [0.8572829254827187, 0.05718201783793276, 0.014795178391831657, 0.02037574323980912, 0.03429923605780887, 0.01606489898989899], [0.8735798223896603, 0.04274670230560482, 0.014812556219957147, 0.018844826734698478, 0.03392512661799206, 0.016090965732087226], [0.06360001006221422, 0.03460362428545357, 0.01376807267053071, 0.016282528730988354, 0.8566151340449354, 0.01513063020587773], [0.8666769243516202, 0.04779793069320182, 0.014728770262923527, 0.018593468863597615, 0.03623761903212, 0.015965286796536797], [0.06337490708297085, 0.04998761572395651, 0.013910423774906082, 0.016807367497114162, 0.8406811442543856, 0.015238541666666666], [0.5173387447718026, 0.38919025585094663, 0.014778119422937823, 0.023591581094736094, 0.03906198832301855, 0.016039310536558243], [0.4310361740524337, 0.4608911781974663, 0.01484830489495816, 0.027224114036244626, 0.049855640074308594, 0.016144588744588746], [0.4128654603901484, 0.4719617523506643, 0.014666942004974579, 0.028320133918610407, 0.056313166925989, 0.015872544409613373], [0.11371762631715172, 0.4508119974400662, 0.013700897964787993, 0.026645169036900923, 0.3800446018619582, 0.01507970737913486], [0.7695736308526565, 0.13401093918630572, 0.01469731378080915, 0.024094449728252445, 0.041705564378610886, 0.01591810207336523], [0.06561701518432767, 0.0642793453000648, 0.01381023965100404, 0.016760052257239318, 0.8243707520684467, 0.015162595538917484], [0.06393597213394601, 0.03471918627527174, 0.013725264671826904, 0.016258832987375915, 0.8562625649925454, 0.015098178939034045], [0.8763596191226397, 0.040737104030488996, 0.014830261931632175, 0.0179506882951095, 0.034004802320529694, 0.01611752429959977], [0.8791923643648192, 0.03868922769299001, 0.014848304894958158, 0.017039518647147398, 0.034085995655496616, 0.016144588744588743], [0.8826967607012975, 0.036530580586554375, 0.015175961129817611, 0.016524001100675628, 0.03248473152402163, 0.016587964957633202], [0.882379483897585, 0.037653731536847306, 0.014943932600585864, 0.01723077405840281, 0.031504047603548566, 0.016288030303030304], [0.8793696965438497, 0.039818491887882404, 0.014924049612287032, 0.018185157496746644, 0.031444398638652074, 0.01625820582058206], [0.8734195939534123, 0.040844194695684295, 0.019723311706328607, 0.018831702221149153, 0.031096793948113093, 0.016084403475312568], [0.9128742727272727, 0.02206119696969697, 0.013048590909090909, 0.01320810606060606, 0.02452798484848485, 0.014279848484848486], [0.9128742727272727, 0.02206119696969697, 0.013048590909090909, 0.01320810606060606, 0.02452798484848485, 0.014279848484848486], [0.1043567723621653, 0.44099702091356296, 0.08106463464957817, 0.02647171930597613, 0.3319792225628397, 0.01513063020587773], [0.4421211371348179, 0.4417835545378061, 0.024013455060108317, 0.02783544068055454, 0.04825689579719622, 0.015989516789516788], [0.705185212817014, 0.16832968429108477, 0.0321582616644774, 0.027473770603519965, 0.050957945459213526, 0.015895125164690382], [0.08166913591994981, 0.4137129223343944, 0.01392300877312959, 0.018412880085985718, 0.45703397096693177, 0.015248081919608743], [0.8087011195987122, 0.09488345044025008, 0.01469731378080915, 0.024094449728252445, 0.041705564378610886, 0.01591810207336523], [0.8554734732251353, 0.05718963537664581, 0.014712902833892382, 0.020087778787021657, 0.036594724124314644, 0.015941485652990077], [0.8735798223896603, 0.04274670230560482, 0.014812556219957147, 0.018844826734698478, 0.03392512661799206, 0.016090965732087226], [0.0651308396790031, 0.034406183699088405, 0.013573015675217383, 0.0161745577748421, 0.8557326389442066, 0.014982764227642276], [0.8779393293931557, 0.0385703598670618, 0.016458991753701142, 0.016973503095517307, 0.03396476664343598, 0.016093049247128205], [0.9128742727272727, 0.02206119696969697, 0.013048590909090909, 0.01320810606060606, 0.02452798484848485, 0.014279848484848486]], [[0.8982025185185185, 0.02791454320987654, 0.013227333333333334, 0.013487283950617285, 0.031934493827160494, 0.015233827160493827], [0.39114548313210173, 0.11493927274195162, 0.40430244337213267, 0.025491882798255122, 0.04848034665480099, 0.015640571300757817], [0.4274342406659978, 0.15954930218625304, 0.013725264671826904, 0.02060114107668311, 0.3635918724602051, 0.015098178939034045], [0.19686704242770953, 0.6300165689805814, 0.027173727056905954, 0.030955500690574067, 0.09770273262038454, 0.01728442822384428], [0.40506620113178776, 0.4802541486473286, 0.014744923591576855, 0.028397092372384913, 0.05554811746740502, 0.015989516789516788], [0.6856435838753854, 0.19547922847320764, 0.01476137061711479, 0.027566517582719212, 0.06053511212374914, 0.01601418732782369], [0.42749003013136966, 0.4424983601072055, 0.014830261931632175, 0.03207181862802564, 0.06699200490216713, 0.01611752429959977], [0.43721609826110625, 0.1565351163591672, 0.01476137061711479, 0.028751157494681233, 0.3467220699401068, 0.01601418732782369], [0.7665040215466756, 0.10184977720490536, 0.014625699269857007, 0.023869647668858872, 0.07728577606263183, 0.0158650782470713], [0.11371601671320794, 0.13191884981829344, 0.013945516956253713, 0.020554521445852944, 0.7045999504697404, 0.015265144596651445], [0.06588892337193233, 0.07270979677847687, 0.013119529333641298, 0.016616818381262447, 0.8175132654680204, 0.014151666666666667], [0.8771508700221361, 0.04707158544409003, 0.013767640165010586, 0.018152369688421446, 0.029092256902564118, 0.014765277777777776], [0.889955574734733, 0.03572955181154664, 0.013781294172823472, 0.01694950672012023, 0.028798313771279477, 0.014785758789497106], [0.8771508700221361, 0.04707158544409003, 0.013767640165010586, 0.018152369688421446, 0.029092256902564118, 0.014765277777777776], [0.06588892337193233, 0.07270979677847687, 0.013119529333641298, 0.016616818381262447, 0.8175132654680204, 0.014151666666666667], [0.7807595073489834, 0.12631849836577502, 0.013741076913447335, 0.023399081032798242, 0.041056403438563, 0.0147254329004329], [0.4433530916166553, 0.4427609990033025, 0.014744923591576855, 0.027883950649590733, 0.055267518349357794, 0.015989516789516788], [0.21762395658723127, 0.5974468455546353, 0.020719277140335394, 0.033209274446543216, 0.11370852505913352, 0.01729212121212121], [0.6924470361485472, 0.19229305773345196, 0.014744923591576855, 0.027883950649590733, 0.056641515087316345, 0.015989516789516788], [0.4478693545114444, 0.44477538003461187, 0.01476137061711479, 0.02705337585992504, 0.04952633164908018, 0.01601418732782369], [0.5028950953834066, 0.40009786626394733, 0.01469731378080915, 0.024686058119860837, 0.041705564378610886, 0.01591810207336523], [0.8347645118063176, 0.07910882312272538, 0.014795178391831657, 0.02096735163141751, 0.03429923605780887, 0.016064898989898987], [0.8658946517864492, 0.048580203258372916, 0.014728770262923529, 0.01859346886359762, 0.03623761903212, 0.015965286796536797], [0.06412720483871963, 0.03407684951485268, 0.013700897964787993, 0.016245345151920942, 0.8567699951505838, 0.01507970737913486], [0.8791923643648192, 0.03868922769299001, 0.014848304894958158, 0.017039518647147398, 0.034085995655496616, 0.016144588744588743], [0.8793696965438497, 0.039818491887882404, 0.014924049612287032, 0.018185157496746644, 0.031444398638652074, 0.01625820582058206], [0.8764189246284229, 0.04194080595752467, 0.014904556486503868, 0.019120827534338636, 0.03138591926130257, 0.016228966131907305], [0.8580406554347503, 0.05098268755986886, 0.023937601303424524, 0.02006850672099713, 0.030956361653135346, 0.01601418732782369], [0.9128742727272727, 0.02206119696969697, 0.013048590909090909, 0.01320810606060606, 0.02452798484848485, 0.014279848484848486], [0.7605279876170534, 0.08104280179750163, 0.06462131108550924, 0.023121767150003275, 0.05427502323916025, 0.016411109110772256], [0.10104993679123382, 0.4726249668101966, 0.013970310060998015, 0.022742464280857515, 0.3743283826627746, 0.015283939393939393], [0.21941703920402744, 0.598591845781109, 0.020729550943077355, 0.03100314132557873, 0.11298271653151826, 0.017275706214689268], [0.10104993679123384, 0.4470170571887564, 0.013970310060998015, 0.022742464280857515, 0.3999362922842149, 0.015283939393939395], [0.097533773709033, 0.16613129744225885, 0.013970310060998015, 0.02056579189663796, 0.6865148874971327, 0.015283939393939393], [0.11578911836437766, 0.18383847209474896, 0.013970310060998015, 0.02276319449404056, 0.6483549655918955, 0.015283939393939393], [0.07232742782216864, 0.426911311306858, 0.013970310060998015, 0.01901232314500156, 0.45249468827103445, 0.015283939393939393], [0.8554734732251353, 0.05718963537664581, 0.014712902833892382, 0.020087778787021657, 0.036594724124314644, 0.015941485652990077], [0.8735798223896603, 0.04274670230560482, 0.014812556219957147, 0.018844826734698478, 0.03392512661799206, 0.016090965732087226], [0.8773861903554154, 0.038971764095980965, 0.018220439777619356, 0.018018673144962184, 0.03124461741651073, 0.01615831520951138], [0.912910310218978, 0.022070909367396592, 0.013025410583941606, 0.013185507907542578, 0.024546700121654497, 0.014261161800486618]], [[0.8982025185185185, 0.02791454320987654, 0.013227333333333334, 0.013487283950617285, 0.031934493827160494, 0.015233827160493827], [0.47090075163462025, 0.40087241287709313, 0.05678011429864342, 0.02023534074901545, 0.03553752503188746, 0.015673855408740188], [0.13638765548002083, 0.4501298858789833, 0.013923008773129589, 0.020559285633387412, 0.36375208231487005, 0.015248081919608742], [0.388731256010584, 0.49586991614471265, 0.014623298528775322, 0.027945265853328197, 0.05702318426728537, 0.01580707919531449], [0.11370490556575713, 0.4526100074444616, 0.013781318031136235, 0.02308266818542517, 0.38168042971646216, 0.015140671056757603], [0.4956142226498944, 0.40768936002950373, 0.01469731378080915, 0.023802602953825983, 0.04227839851260143, 0.01591810207336523], [0.7129079274155812, 0.1660026970235084, 0.01476137061711479, 0.028751157494681233, 0.061562660121290746, 0.01601418732782369], [0.08250254690127257, 0.09093991185736118, 0.013725264671826906, 0.021192285483141615, 0.7765418121473637, 0.015098178939034045], [0.11614570332642876, 0.13481746187450241, 0.013805003341543623, 0.020584263216120818, 0.6994889421680242, 0.015158626073380171], [0.44262080334417697, 0.15433220023362568, 0.014666942004974579, 0.0300179155533666, 0.34248959445424265, 0.015872544409613373], [0.7826042739685025, 0.11216420793673214, 0.013741076913447335, 0.023399081032798245, 0.05336592724808681, 0.014725432900432902], [0.8340072764180195, 0.07949591210596309, 0.01382383165870208, 0.02078425596474414, 0.037039158834256035, 0.014849565018315018], [0.8792518275001314, 0.046523804495606016, 0.013838561467728005, 0.018400594247932417, 0.02711355255674812, 0.014871659731853906], [0.889955574734733, 0.03572955181154664, 0.013781294172823472, 0.01694950672012023, 0.028798313771279477, 0.014785758789497106], [0.8748559696381869, 0.04795075854892684, 0.013702995083772585, 0.017926111904088445, 0.030895854669104363, 0.014668310155920775], [0.8378047500985794, 0.07834225518039452, 0.013754236689451148, 0.020679099431578356, 0.03467448603555789, 0.014745172564438618], [0.43405841207841467, 0.12933733982164822, 0.013573015675217383, 0.02680774356163139, 0.38124072463544617, 0.014982764227642276], [0.4293867669794299, 0.1829897191003829, 0.014744923591576855, 0.027883950649590733, 0.32900512288950273, 0.015989516789516788], [0.4427400575967294, 0.4361328565004491, 0.01476137061711479, 0.02705337585992504, 0.06329815209795799, 0.01601418732782369], [0.08391733275126392, 0.4028999672112757, 0.013725264671826904, 0.018377240602154322, 0.46598201582444515, 0.015098178939034045], [0.06561701518432767, 0.08040494193085564, 0.01381023965100404, 0.016760052257239318, 0.8082451554376558, 0.015162595538917484], [0.8609786530826942, 0.05349620196212805, 0.014728770262923527, 0.018593468863597615, 0.03623761903212, 0.015965286796536797], [0.06238405380190571, 0.03418536777141083, 0.01392300877312959, 0.016368291351869006, 0.8578911963820761, 0.015248081919608743], [0.873928609240887, 0.03984014521204913, 0.01471290283389238, 0.016768714525015844, 0.03880814253516562, 0.015941485652990077], [0.8793696965438497, 0.039818491887882404, 0.014924049612287032, 0.018185157496746644, 0.031444398638652074, 0.01625820582058206], [0.8735798223896603, 0.04274670230560482, 0.014812556219957147, 0.018844826734698478, 0.03392512661799206, 0.016090965732087226], [0.8552228509072622, 0.05217330919120195, 0.023580414814024602, 0.01979069500701941, 0.03333760491580153, 0.015895125164690382], [0.9129602934433745, 0.022084380253706248, 0.012993259972489684, 0.013154164756228031, 0.02457265780223139, 0.014235243771970045], [0.9128742727272727, 0.02206119696969697, 0.013048590909090909, 0.01320810606060606, 0.02452798484848485, 0.014279848484848486], [0.7291402910506469, 0.10656776356300937, 0.07820562186662691, 0.021610791162707393, 0.048699963389324356, 0.01577556896768515], [0.11614090346789728, 0.19345228362091937, 0.013950493674359321, 0.022775468926500557, 0.6384119330353842, 0.015268917274939172], [0.10104993679123382, 0.4469850108819155, 0.013970310060998015, 0.022742464280857515, 0.39996833859105574, 0.015283939393939393], [0.097533773709033, 0.16707870281217757, 0.013970310060998015, 0.02056579189663796, 0.6855674821272141, 0.015283939393939393], [0.11578911836437766, 0.1668418293477181, 0.013970310060998015, 0.02276319449404056, 0.6653516083389263, 0.015283939393939393], [0.7185381035882784, 0.1728795307027803, 0.014616775950526038, 0.02620825823804223, 0.051955158452693564, 0.015802173067679507], [0.10104993679123382, 0.4675150963894242, 0.013970310060998015, 0.022742464280857515, 0.37943825308354706, 0.015283939393939393], [0.07256910557478127, 0.4348093148771552, 0.013945516956253713, 0.019010552931051798, 0.4444003650641065, 0.015265144596651445], [0.8583942555319798, 0.05607068778867167, 0.014795178391831657, 0.02037574323980912, 0.03429923605780887, 0.01606489898989899], [0.8734195939534123, 0.040844194695684295, 0.019723311706328607, 0.018831702221149153, 0.031096793948113093, 0.016084403475312568], [0.912910310218978, 0.022070909367396592, 0.013025410583941606, 0.013185507907542578, 0.024546700121654497, 0.014261161800486618]], [[0.8982025185185185, 0.02791454320987654, 0.013227333333333334, 0.013487283950617285, 0.031934493827160494, 0.015233827160493827], [0.06412720483871963, 0.06004644239017075, 0.02027850610728163, 0.016245345151920942, 0.8242227941327721, 0.01507970737913486], [0.4914366893480703, 0.4132186426069353, 0.014652145498798763, 0.022059344281168777, 0.0427828286146773, 0.01585034965034965], [0.1134155105152141, 0.45262361452073846, 0.013962895828036247, 0.020550842952397792, 0.38416881726387414, 0.015278318919739037], [0.4894374398204759, 0.41521789213452975, 0.014652145498798763, 0.022059344281168777, 0.0427828286146773, 0.01585034965034965], [0.06505333865102318, 0.0653542181722393, 0.013700897964787994, 0.019231074271813177, 0.8215807635610014, 0.01507970737913486], [0.7946222769790973, 0.11091256109788696, 0.014778119422937823, 0.022406941182774073, 0.041240790780745495, 0.016039310536558243], [0.7393370631003467, 0.1437064296876793, 0.01476137061711479, 0.028751157494681233, 0.05742979177235424, 0.01601418732782369], [0.7142846194283056, 0.16141192006480984, 0.014744923591576855, 0.029581732284346934, 0.063987287841444, 0.015989516789516788], [0.5126254773257313, 0.3077894310021594, 0.02071927714033539, 0.03320927444654321, 0.10836441887310932, 0.01729212121212121], [0.36728750120549897, 0.3250584068281385, 0.013795205803425283, 0.02421370993105782, 0.25483854999647954, 0.01480662623539982], [0.7875255477403322, 0.11446889718220829, 0.013809382417467125, 0.02353323245704935, 0.04583504904648056, 0.014827891156462585], [0.8418027857082252, 0.07461817490160251, 0.013754236689451148, 0.02067909943157836, 0.03440053070470422, 0.01474517256443862], [0.05156049921876593, 0.041496062022540824, 0.013119529333641298, 0.01537086845490015, 0.8643013743034852, 0.014151666666666667], [0.05156049921876593, 0.04115666136261764, 0.013119529333641298, 0.01537086845490015, 0.8646407749634083, 0.014151666666666667], [0.8413540559433663, 0.07484253978403191, 0.013754236689451148, 0.02067909943157836, 0.03462489558713362, 0.01474517256443862], [0.7967030853576622, 0.10401071694988873, 0.014778119422937823, 0.023591581094736094, 0.04487718663821686, 0.016039310536558243], [0.45591965092194314, 0.4235448926933255, 0.01476137061711479, 0.02705337585992504, 0.06270652257986777, 0.01601418732782369], [0.7790432583707069, 0.1200369614622586, 0.014866694838348102, 0.023725416682401634, 0.04615549498661116, 0.016172173659673657], [0.8424252557061945, 0.07203968761445695, 0.014795178391831657, 0.02037574323980912, 0.03429923605780887, 0.01606489898989899], [0.8692727300182247, 0.04705379467704035, 0.014812556219957147, 0.018844826734698478, 0.03392512661799206, 0.016090965732087226], [0.8731380967855514, 0.042055581384343704, 0.014744923591576855, 0.017737342444971195, 0.03633453900403997, 0.015989516789516788], [0.06220740700545953, 0.034558542902845636, 0.013945516956253713, 0.01638075042850516, 0.8576426381102845, 0.015265144596651445], [0.06266175419564207, 0.03359597442691797, 0.013887624427409154, 0.016348704863140887, 0.8582846838189311, 0.015221258267958775], [0.8672620980558858, 0.043539934506051425, 0.019142188700127283, 0.018343491105545194, 0.03589839847465503, 0.015813889157735263], [0.06360001006221422, 0.04040393363969726, 0.020268151249817214, 0.016282528730988354, 0.8443147461114052, 0.01513063020587773], [0.0861097783424807, 0.07936774435652615, 0.031361653128429964, 0.021802284539509588, 0.7662603606940195, 0.015098178939034045], [0.8436847975550504, 0.0579203424530875, 0.026028603312758213, 0.021181882529855908, 0.03515651664705214, 0.016027857502195618], [0.9128742727272727, 0.02206119696969697, 0.013048590909090909, 0.01320810606060606, 0.02452798484848485, 0.014279848484848486], [0.7477290588271401, 0.08204915560298583, 0.0767940676709561, 0.026955956800530027, 0.050648627009080495, 0.01582313408930745], [0.7535594377366216, 0.13933506846966925, 0.01476137061711479, 0.02582022597892683, 0.05050970986984389, 0.01601418732782369], [0.7405987227387025, 0.1557612231120474, 0.014681995841692583, 0.02429331947570042, 0.04876961366716656, 0.015895125164690382], [0.7486464546951983, 0.14424805151109266, 0.01476137061711479, 0.02582022597892683, 0.05050970986984389, 0.01601418732782369], [0.7379507784612334, 0.1552224446799221, 0.014744923591576855, 0.02783544068055454, 0.04825689579719622, 0.015989516789516788], [0.2522856728557436, 0.5886048107308044, 0.020719277140335397, 0.03320927444654322, 0.0878888436144521, 0.017292121212121214], [0.4213481733716794, 0.4686921064656888, 0.014666942004974579, 0.027979777175147748, 0.05144045657289604, 0.015872544409613373], [0.11191441430653368, 0.18106694346247185, 0.013846621168849667, 0.02221422685561039, 0.6557676190941835, 0.015190175112350844], [0.8059311624349607, 0.1005978381877886, 0.014778119422937823, 0.023591581094736094, 0.03906198832301855, 0.016039310536558243], [0.8514484476425427, 0.055377492754674046, 0.026135003900827125, 0.02006850672099713, 0.030956361653135346, 0.01601418732782369], [0.912910310218978, 0.022070909367396592, 0.013025410583941606, 0.013185507907542578, 0.024546700121654497, 0.014261161800486618]], [[0.8982025185185185, 0.02791454320987654, 0.013227333333333334, 0.013487283950617285, 0.031934493827160494, 0.015233827160493827], [0.8550708048949474, 0.05743731942792412, 0.019420970462501234, 0.018581488777981672, 0.033530119682916866, 0.015959296753728827], [0.8395402833883479, 0.07492465993230356, 0.014795178391831657, 0.02037574323980912, 0.03429923605780887, 0.01606489898989899], [0.0830107660147122, 0.11031589273055513, 0.013805003341543623, 0.02086819272484068, 0.7568415191149681, 0.015158626073380171], [0.8354481635430023, 0.07721494505877895, 0.01471290283389238, 0.020087778787021657, 0.036594724124314644, 0.015941485652990077], [0.8606419563341471, 0.05568456836111793, 0.014812556219957147, 0.018844826734698478, 0.03392512661799206, 0.016090965732087226], [0.8519010606894208, 0.06256388263123062, 0.014795178391831657, 0.02037574323980912, 0.03429923605780888, 0.01606489898989899], [0.7930270929852605, 0.11283752488210289, 0.014866694838348102, 0.023725416682401634, 0.039371096952213115, 0.016172173659673657], [0.45681092997213935, 0.4295016456674858, 0.014848304894958158, 0.02892189567100082, 0.053772635049827176, 0.016144588744588743], [0.44850098730227034, 0.4295830205836932, 0.014830261931632175, 0.029787957910647964, 0.06118024797215647, 0.01611752429959977], [0.7796664109236233, 0.12171289923384257, 0.013809382417467125, 0.02353323245704935, 0.046450183811555225, 0.014827891156462585], [0.8340919190331593, 0.08082272222223218, 0.01382383165870208, 0.02078425596474414, 0.035627706102847254, 0.014849565018315018], [0.8771508700221361, 0.04707158544409003, 0.013767640165010586, 0.018152369688421446, 0.029092256902564118, 0.014765277777777776], [0.05156049921876593, 0.041496062022540824, 0.013119529333641298, 0.01537086845490015, 0.8643013743034852, 0.014151666666666667], [0.8378309335447451, 0.07404321383166668, 0.013655257177627599, 0.01947519907806118, 0.04039869307119602, 0.014596703296703296], [0.7886649412313321, 0.10994899390839877, 0.013809382417467125, 0.02353323245704935, 0.04921555882929001, 0.014827891156462585], [0.8046505230550999, 0.09606327925245103, 0.014778119422937823, 0.023591581094736094, 0.04487718663821686, 0.016039310536558243], [0.08391733275126392, 0.09299022849393597, 0.013725264671826904, 0.018377240602154322, 0.7758917545417849, 0.015098178939034045], [0.8466649526509527, 0.0677999906696987, 0.014795178391831657, 0.02037574323980912, 0.03429923605780887, 0.01606489898989899], [0.8764189246284229, 0.04194080595752467, 0.014904556486503868, 0.019120827534338636, 0.03138591926130257, 0.016228966131907305], [0.8763596191226397, 0.040737104030488996, 0.014830261931632175, 0.0179506882951095, 0.034004802320529694, 0.01611752429959977], [0.06447126026055593, 0.034189748357274626, 0.013657058718363285, 0.01622107857616649, 0.8564143797286651, 0.015046474358974358], [0.871050437768853, 0.04168229136149037, 0.017758894887207537, 0.01759908688095144, 0.03600272565039255, 0.015906563451104933], [0.9132420556341349, 0.022160317460317457, 0.012812022630834512, 0.012977479176489077, 0.02471898475561842, 0.014089140342605689], [0.9129831801470588, 0.022090548406862743, 0.012978538602941177, 0.013139813112745098, 0.02458454350490196, 0.014223376225490195], [0.912910310218978, 0.022070909367396592, 0.013025410583941606, 0.013185507907542578, 0.024546700121654497, 0.014261161800486618], [0.910732403846154, 0.022757035256410256, 0.013224471153846154, 0.013393189102564103, 0.02536613782051282, 0.01452676282051282], [0.9083282653061225, 0.023538078231292517, 0.01342188775510204, 0.01360093537414966, 0.026306921768707484, 0.014803911564625849], [0.9128742727272727, 0.02206119696969697, 0.013048590909090909, 0.01320810606060606, 0.02452798484848485, 0.014279848484848486], [0.5829435831559044, 0.10293940763174, 0.02993255091754056, 0.19710061643444057, 0.06986138027772315, 0.017222461582651154], [0.7556407175543982, 0.13753250558675723, 0.014744923591576855, 0.02783544068055454, 0.04825689579719622, 0.015989516789516788], [0.11052988422088429, 0.1485137512170093, 0.013846621168849669, 0.022510911873963833, 0.6894086564069422, 0.015190175112350844], [0.8117756914316234, 0.09152789124777463, 0.01469731378080915, 0.023802602953825983, 0.04227839851260143, 0.01591810207336523], [0.7420417333521611, 0.15112955310373843, 0.01484830489495816, 0.02717560406720844, 0.048660215837345346, 0.016144588744588746], [0.7136833630857503, 0.17926432105947832, 0.014830261931632177, 0.03032552702423326, 0.04577900259930627, 0.01611752429959977], [0.42828232343001665, 0.4646121827762742, 0.01476137061711479, 0.02582022597892683, 0.05050970986984389, 0.01601418732782369], [0.502033659038729, 0.4012699236406691, 0.01469731378080915, 0.023802602953825983, 0.04227839851260143, 0.01591810207336523], [0.844411553154781, 0.07203016029433944, 0.014885441868017461, 0.020691665406459437, 0.03178088507222488, 0.0162002942041777], [0.8691125015819768, 0.04515128706711983, 0.019723311706328607, 0.018831702221149153, 0.031096793948113093, 0.016084403475312568], [0.912910310218978, 0.022070909367396592, 0.013025410583941606, 0.013185507907542578, 0.024546700121654497, 0.014261161800486618]], [[0.8982025185185185, 0.02791454320987654, 0.013227333333333334, 0.013487283950617285, 0.031934493827160494, 0.015233827160493827], [0.8773861903554154, 0.038971764095980965, 0.018220439777619356, 0.018018673144962184, 0.03124461741651073, 0.01615831520951138], [0.8694285421453567, 0.04689798254990832, 0.014812556219957147, 0.018844826734698478, 0.03392512661799206, 0.016090965732087226], [0.85281451574426, 0.05984859285752109, 0.01471290283389238, 0.020087778787021657, 0.036594724124314644, 0.015941485652990077], [0.06349605895670571, 0.03386974439469954, 0.013781318031136235, 0.016289860507256018, 0.8574223470534448, 0.015140671056757603], [0.8713408264290705, 0.041734215161661696, 0.01469731378080915, 0.017618317918051934, 0.03869122463704139, 0.01591810207336523], [0.06412720483871963, 0.03407684951485268, 0.013700897964787993, 0.016245345151920942, 0.8567699951505838, 0.01507970737913486], [0.84745982352563, 0.06700511979502148, 0.014795178391831657, 0.02037574323980912, 0.03429923605780887, 0.01606489898989899], [0.7918078042036625, 0.11003296468031441, 0.014866694838348102, 0.02159152283058871, 0.04552883978741261, 0.01617217365967366], [0.7325940257711424, 0.14969470088509612, 0.014848304894958158, 0.026788001819187897, 0.059930377885026656, 0.016144588744588743], [0.8373168904425532, 0.07502953870825693, 0.01382383165870208, 0.019107625081176846, 0.039872549090995836, 0.014849565018315018], [0.8796685762686043, 0.04610705572713311, 0.013838561467728005, 0.018400594247932417, 0.02711355255674812, 0.014871659731853906], [0.8771508700221361, 0.04707158544409003, 0.013767640165010586, 0.018152369688421446, 0.029092256902564118, 0.014765277777777776], [0.06666764207590878, 0.05573372903179057, 0.013119529333641298, 0.01537086845490015, 0.8349565644370924, 0.014151666666666667], [0.10603928732178919, 0.08445570079242658, 0.013119529333641298, 0.0196700942541907, 0.7625637216312856, 0.014151666666666667], [0.5771280600628916, 0.10747616827369247, 0.013728154250524672, 0.024051675510392723, 0.26290989299644957, 0.014706048906048905], [0.7553984700327803, 0.1239730611835465, 0.01476137061711479, 0.024699015934136537, 0.06515389490459822, 0.01601418732782369], [0.10504816998220644, 0.06639023339145539, 0.013725264671826904, 0.016719920035021575, 0.7830182329804556, 0.015098178939034045], [0.8572829254827187, 0.05718201783793276, 0.014795178391831657, 0.02037574323980912, 0.03429923605780887, 0.01606489898989899], [0.8764189246284229, 0.04194080595752467, 0.014904556486503868, 0.019120827534338636, 0.03138591926130257, 0.016228966131907305], [0.8793696965438497, 0.039818491887882404, 0.014924049612287032, 0.018185157496746644, 0.031444398638652074, 0.01625820582058206], [0.8763596191226397, 0.040737104030488996, 0.014830261931632175, 0.0179506882951095, 0.034004802320529694, 0.01611752429959977], [0.8764189246284229, 0.04194080595752467, 0.014904556486503868, 0.019120827534338636, 0.03138591926130257, 0.016228966131907305], [0.8299956767498706, 0.07114170183262063, 0.028020191059904886, 0.019536034269206498, 0.035520411239912196, 0.015785984848484848], [0.07227144438755725, 0.06995848146036815, 0.03715469262201007, 0.020486780377403334, 0.785020228324857, 0.015108372827804107], [0.4016812822697253, 0.127846131126705, 0.36801297017651563, 0.021610791162707393, 0.06507325629666154, 0.01577556896768515], [0.41335133054664275, 0.10748828669948084, 0.07984776947794964, 0.02260261203209092, 0.3608868671545285, 0.01582313408930745], [0.9128742727272727, 0.02206119696969697, 0.013048590909090909, 0.01320810606060606, 0.02452798484848485, 0.014279848484848486], [0.910732403846154, 0.022757035256410256, 0.013224471153846154, 0.013393189102564103,