{"round_id": "36e581f1-73f8-453f-ab98-cbe3052b701b", "seed_index": 2, "prediction": [[[0.912910310218978, 0.022070909367396592, 0.013025410583941606, 0.013185507907542578, 0.024546700121654497, 0.014261161800486618], [0.9128742727272727, 0.02206119696969697, 0.013048590909090909, 0.01320810606060606, 0.02452798484848485, 0.014279848484848486], [0.912910310218978, 0.022070909367396592, 0.013025410583941606, 0.013185507907542578, 0.024546700121654497, 0.014261161800486618], [0.912910310218978, 0.022070909367396592, 0.013025410583941606, 0.013185507907542578, 0.024546700121654497, 0.014261161800486618], [0.912910310218978, 0.022070909367396592, 0.013025410583941606, 0.013185507907542578, 0.024546700121654497, 0.014261161800486618], [0.912910310218978, 0.022070909367396592, 0.013025410583941606, 0.013185507907542578, 0.024546700121654497, 0.014261161800486618], [0.912910310218978, 0.022070909367396592, 0.013025410583941606, 0.013185507907542578, 0.024546700121654497, 0.014261161800486618], [0.912910310218978, 0.022070909367396592, 0.013025410583941606, 0.013185507907542578, 0.024546700121654497, 0.014261161800486618], [0.912910310218978, 0.022070909367396592, 0.013025410583941606, 0.013185507907542578, 0.024546700121654497, 0.014261161800486618], [0.912910310218978, 0.022070909367396592, 0.013025410583941606, 0.013185507907542578, 0.024546700121654497, 0.014261161800486618], [0.912910310218978, 0.022070909367396592, 0.013025410583941606, 0.013185507907542578, 0.024546700121654497, 0.014261161800486618], [0.912910310218978, 0.022070909367396592, 0.013025410583941606, 0.013185507907542578, 0.024546700121654497, 0.014261161800486618], [0.912910310218978, 0.022070909367396592, 0.013025410583941606, 0.013185507907542578, 0.024546700121654497, 0.014261161800486618], [0.912910310218978, 0.022070909367396592, 0.013025410583941606, 0.013185507907542578, 0.024546700121654497, 0.014261161800486618], [0.912910310218978, 0.022070909367396592, 0.013025410583941606, 0.013185507907542578, 0.024546700121654497, 0.014261161800486618], [0.912910310218978, 0.022070909367396592, 0.013025410583941606, 0.013185507907542578, 0.024546700121654497, 0.014261161800486618], [0.912910310218978, 0.022070909367396592, 0.013025410583941606, 0.013185507907542578, 0.024546700121654497, 0.014261161800486618], [0.912910310218978, 0.022070909367396592, 0.013025410583941606, 0.013185507907542578, 0.024546700121654497, 0.014261161800486618], [0.912910310218978, 0.022070909367396592, 0.013025410583941606, 0.013185507907542578, 0.024546700121654497, 0.014261161800486618], [0.912910310218978, 0.022070909367396592, 0.013025410583941606, 0.013185507907542578, 0.024546700121654497, 0.014261161800486618], [0.912910310218978, 0.022070909367396592, 0.013025410583941606, 0.013185507907542578, 0.024546700121654497, 0.014261161800486618], [0.912910310218978, 0.022070909367396592, 0.013025410583941606, 0.013185507907542578, 0.024546700121654497, 0.014261161800486618], [0.912910310218978, 0.022070909367396592, 0.013025410583941606, 0.013185507907542578, 0.024546700121654497, 0.014261161800486618], [0.9128742727272727, 0.02206119696969697, 0.013048590909090909, 0.01320810606060606, 0.02452798484848485, 0.014279848484848486], [0.9128742727272727, 0.02206119696969697, 0.013048590909090909, 0.01320810606060606, 0.02452798484848485, 0.014279848484848486], [0.9208297857142858, 0.019476654761904764, 0.01239532142857143, 0.012520654761904762, 0.02141484523809524, 0.013362738095238096], [0.9208297857142858, 0.019476654761904764, 0.01239532142857143, 0.012520654761904762, 0.02141484523809524, 0.013362738095238096], [0.9208297857142858, 0.019476654761904764, 0.01239532142857143, 0.012520654761904762, 0.02141484523809524, 0.013362738095238096], [0.9208297857142858, 0.019476654761904764, 0.01239532142857143, 0.012520654761904762, 0.02141484523809524, 0.013362738095238096], [0.9208297857142858, 0.019476654761904764, 0.01239532142857143, 0.012520654761904762, 0.02141484523809524, 0.013362738095238096], [0.9128742727272727, 0.02206119696969697, 0.013048590909090909, 0.01320810606060606, 0.02452798484848485, 0.014279848484848486], [0.9128742727272727, 0.02206119696969697, 0.013048590909090909, 0.01320810606060606, 0.02452798484848485, 0.014279848484848486], [0.9128742727272727, 0.02206119696969697, 0.013048590909090909, 0.01320810606060606, 0.02452798484848485, 0.014279848484848486], [0.9128742727272727, 0.02206119696969697, 0.013048590909090909, 0.01320810606060606, 0.02452798484848485, 0.014279848484848486], [0.9128742727272727, 0.02206119696969697, 0.013048590909090909, 0.01320810606060606, 0.02452798484848485, 0.014279848484848486], [0.912910310218978, 0.022070909367396592, 0.013025410583941606, 0.013185507907542578, 0.024546700121654497, 0.014261161800486618], [0.912910310218978, 0.022070909367396592, 0.013025410583941606, 0.013185507907542578, 0.024546700121654497, 0.014261161800486618], [0.912910310218978, 0.022070909367396592, 0.013025410583941606, 0.013185507907542578, 0.024546700121654497, 0.014261161800486618], [0.9128742727272727, 0.02206119696969697, 0.013048590909090909, 0.01320810606060606, 0.02452798484848485, 0.014279848484848486], [0.912910310218978, 0.022070909367396592, 0.013025410583941606, 0.013185507907542578, 0.024546700121654497, 0.014261161800486618]], [[0.9128742727272727, 0.02206119696969697, 0.013048590909090909, 0.01320810606060606, 0.02452798484848485, 0.014279848484848486], [0.0651308396790031, 0.034406183699088405, 0.013573015675217383, 0.0161745577748421, 0.8557326389442066, 0.014982764227642276], [0.8820795854770402, 0.03660196911823144, 0.0148666948383481, 0.01611082650595526, 0.03416875040075136, 0.016172173659673657], [0.8859804825597554, 0.03491483112995709, 0.014964217265415983, 0.01625711014655708, 0.03156490159803893, 0.01631845730027548], [0.8820795854770402, 0.03660196911823144, 0.0148666948383481, 0.01611082650595526, 0.03416875040075136, 0.016172173659673657], [0.8859804825597554, 0.03491483112995709, 0.014964217265415983, 0.01625711014655708, 0.03156490159803893, 0.01631845730027548], [0.8815671973737429, 0.036998121031428806, 0.016636331528439338, 0.017161696551143482, 0.031400431342659574, 0.01623622217258581], [0.8740736621765964, 0.040388911912879716, 0.01797912977783784, 0.017799300417888075, 0.03373230414153114, 0.016026691573266916], [0.0647766802235994, 0.03428996930451657, 0.013618142368923346, 0.01619953699827023, 0.8560986978875236, 0.015016973217166827], [0.8464871361510038, 0.05941743962598456, 0.023252993865408, 0.019536034269206498, 0.0355204112399122, 0.015785984848484848], [0.07339745772398151, 0.058204644666687726, 0.044978034663242704, 0.020509925748461295, 0.7878929639804597, 0.015016973217166827], [0.7070982930732457, 0.11513534567599888, 0.08094606073810025, 0.02426282878026225, 0.05678190276470779, 0.01577556896768515], [0.5107825275411647, 0.39634840464918114, 0.025295684351197154, 0.0208032073861856, 0.030822779714010165, 0.0159473963582611], [0.6771478701257905, 0.14481811141914824, 0.08094606073810026, 0.024262828780262254, 0.05704955996901376, 0.01577556896768515], [0.41616078333064516, 0.40296825866740915, 0.069279961087884, 0.02960799441808489, 0.06615986840666953, 0.015823134089307453], [0.40724556009385565, 0.14641956959241925, 0.06804670737894318, 0.028940824378821825, 0.33346355264490135, 0.015883785911058636], [0.4606831413579697, 0.40343934301684853, 0.042709063424953585, 0.025156552154624708, 0.052064503687342244, 0.0159473963582611], [0.8017067636980905, 0.10104101111471074, 0.023937601303424524, 0.02006850672099713, 0.03723192983495352, 0.01601418732782369], [0.8602308573431894, 0.050420342386297334, 0.019138835836032327, 0.01832975109205484, 0.0361129619476185, 0.01576725139480753], [0.06270171886464497, 0.045852968398674934, 0.013882532163600756, 0.01634588611474656, 0.8459994964598725, 0.015217397998460353], [0.8401047638718315, 0.06567135463910491, 0.023282998856572416, 0.019537093629067477, 0.035645948111684304, 0.0157578408917392], [0.7828073486618902, 0.09820351491782107, 0.04270906342495359, 0.025156552154624715, 0.03517612448244928, 0.015947396358261104], [0.7213001184508064, 0.11019656426226966, 0.07556081396201528, 0.026288786761266968, 0.05076993065258286, 0.015883785911058636], [0.80950786324165, 0.09762306894869587, 0.025295684351197154, 0.0208032073861856, 0.030822779714010165, 0.0159473963582611], [0.7361387062075916, 0.09990818805660276, 0.06689519199050709, 0.021312008924628402, 0.06006992993234473, 0.015675974888325485], [0.09157427800963448, 0.06239913406019869, 0.03826921846030411, 0.02175550510308169, 0.7718501977001144, 0.014151666666666667], [0.7911157594484877, 0.07427533958594353, 0.054703365135398425, 0.018888007012208028, 0.04655783426284948, 0.014459694555112881], [0.050867221907841556, 0.06351047973207066, 0.01804333885745082, 0.015024229799437964, 0.8384030630365322, 0.014151666666666667], [0.8735027498329315, 0.04399370256327358, 0.020413066608534855, 0.017492598354376533, 0.030051751688502444, 0.014546130952380953], [0.051070820036648576, 0.033386104690797225, 0.01803456103553641, 0.014995917842712547, 0.8683948873121101, 0.014117709082195062], [0.9128742727272727, 0.02206119696969697, 0.013048590909090909, 0.01320810606060606, 0.02452798484848485, 0.014279848484848486], [0.9128742727272727, 0.02206119696969697, 0.013048590909090909, 0.01320810606060606, 0.02452798484848485, 0.014279848484848486], [0.9128742727272727, 0.02206119696969697, 0.013048590909090909, 0.01320810606060606, 0.02452798484848485, 0.014279848484848486], [0.9128742727272727, 0.02206119696969697, 0.013048590909090909, 0.01320810606060606, 0.02452798484848485, 0.014279848484848486], [0.8810789559378125, 0.037399008028425565, 0.016573374877994675, 0.017110707769649312, 0.0316738023960256, 0.016164150990092413], [0.8773861903554154, 0.038971764095980965, 0.018220439777619356, 0.018018673144962184, 0.03124461741651073, 0.01615831520951138], [0.8779735030348921, 0.03854421846724308, 0.016463002219491547, 0.01697681195493251, 0.033944905598013116, 0.016097558725427577], [0.06727156950503864, 0.0353962938173741, 0.013782936302730584, 0.01648190457410238, 0.851821816718433, 0.015245479082321187], [0.8816030162945087, 0.03699383173412792, 0.014763425683108239, 0.016035898797350796, 0.03450518404539888, 0.016098643445505368], [0.9128742727272727, 0.02206119696969697, 0.013048590909090909, 0.01320810606060606, 0.02452798484848485, 0.014279848484848486]], [[0.912910310218978, 0.022070909367396592, 0.013025410583941606, 0.013185507907542578, 0.024546700121654497, 0.014261161800486618], [0.8820795854770402, 0.03660196911823144, 0.0148666948383481, 0.01611082650595526, 0.03416875040075136, 0.016172173659673657], [0.8820795854770402, 0.03660196911823144, 0.0148666948383481, 0.01611082650595526, 0.03416875040075136, 0.016172173659673657], [0.8820795854770402, 0.03660196911823144, 0.0148666948383481, 0.01611082650595526, 0.03416875040075136, 0.016172173659673657], [0.0651308396790031, 0.034406183699088405, 0.013573015675217383, 0.0161745577748421, 0.8557326389442066, 0.014982764227642276], [0.8791923643648192, 0.03868922769299001, 0.014848304894958158, 0.017039518647147398, 0.034085995655496616, 0.016144588744588743], [0.8793696965438497, 0.039818491887882404, 0.014924049612287032, 0.018185157496746644, 0.031444398638652074, 0.01625820582058206], [0.8764189246284229, 0.04194080595752467, 0.014904556486503868, 0.019120827534338636, 0.03138591926130257, 0.016228966131907305], [0.8557352980511045, 0.05872964526954696, 0.014795178391831657, 0.02037574323980912, 0.03429923605780887, 0.01606489898989899], [0.8091561550996168, 0.09670846276774668, 0.014866694838348102, 0.023725416682401634, 0.03937109695221312, 0.016172173659673657], [0.7497838775555453, 0.13590410704299885, 0.01476137061711479, 0.02705337585992504, 0.05648308159659225, 0.01601418732782369], [0.7182271289868342, 0.1600724947388027, 0.014830261931632177, 0.030374036993269453, 0.060378553049861755, 0.01611752429959977], [0.44061427618423205, 0.4401960090682353, 0.014681995841692583, 0.0272304337981297, 0.06138215994301999, 0.015895125164690382], [0.11343815827430626, 0.14838409151734244, 0.013805003341543623, 0.35264641366745975, 0.3565677071259677, 0.015158626073380171], [0.21443807975063667, 0.6000862582818988, 0.020719277140335394, 0.03091348068806289, 0.1165507829269451, 0.01729212121212121], [0.4025625676267156, 0.47512844648670804, 0.014830261931632175, 0.02809017627589177, 0.06327102337945258, 0.01611752429959977], [0.4330049265980866, 0.45776057487467464, 0.01476137061711479, 0.024699015934136537, 0.05375992464816371, 0.01601418732782369], [0.05919658031088083, 0.023017944732297062, 0.012744507772020726, 0.012926338514680485, 0.025829827288428323, 0.8662848013816925], [0.06327409344912636, 0.05571913860110664, 0.01392300877312959, 0.01681331117547933, 0.8350223660815493, 0.015248081919608743], [0.0628951808238839, 0.0698189141365156, 0.013970310060998015, 0.016835650760782007, 0.8211960048238811, 0.015283939393939393], [0.08396780524303775, 0.40177021853586437, 0.013846621168849669, 0.018399112723168222, 0.46682606721672915, 0.015190175112350844], [0.4481861950543613, 0.4442431351988503, 0.01476137061711479, 0.025016740241790063, 0.05177837156005983, 0.01601418732782369], [0.44273311769978635, 0.4497493904923629, 0.014830261931632175, 0.02952204128709649, 0.0470476642895222, 0.01611752429959977], [0.4452573725452468, 0.4442403054186483, 0.01476137061711479, 0.025016740241790063, 0.05471002384937635, 0.01601418732782369], [0.11430530865219642, 0.15400339929745163, 0.013823287644349036, 0.027518572085459048, 0.675176945548057, 0.015172486772486771], [0.44562047602581617, 0.20827992289797684, 0.018422289181692093, 0.02643202054062084, 0.28551576754437014, 0.015729523809523808], [0.7717291677445187, 0.13043735330076975, 0.01379520580342528, 0.02533874672557581, 0.04389290019031052, 0.01480662623539982], [0.7750414568453783, 0.12908387217779796, 0.013741076913447335, 0.02179886733283505, 0.045609293830108436, 0.0147254329004329], [0.827966812339277, 0.08564207408313892, 0.013754236689451148, 0.020213146094157648, 0.037678558229536474, 0.014745172564438618], [0.8341702610144722, 0.08335197573856705, 0.013754236689451148, 0.021143934596413526, 0.032834419396657426, 0.014745172564438618], [0.8420222880878117, 0.06480365230940503, 0.026135003900827125, 0.02006850672099713, 0.030956361653135346, 0.01601418732782369], [0.9128742727272727, 0.02206119696969697, 0.013048590909090909, 0.01320810606060606, 0.02452798484848485, 0.014279848484848486], [0.8730668188092721, 0.04111947610928287, 0.017929673335486004, 0.017743584628106192, 0.03423117079556374, 0.015909276322289376], [0.9128742727272727, 0.02206119696969697, 0.013048590909090909, 0.01320810606060606, 0.02452798484848485, 0.014279848484848486], [0.9128742727272727, 0.02206119696969697, 0.013048590909090909, 0.01320810606060606, 0.02452798484848485, 0.014279848484848486], [0.8703649048347427, 0.042143219488128804, 0.01942097046250123, 0.018581488777981672, 0.03353011968291686, 0.015959296753728824], [0.8793696965438497, 0.039818491887882404, 0.014924049612287032, 0.018185157496746644, 0.031444398638652074, 0.01625820582058206], [0.875812794313658, 0.040112776492675174, 0.01476137061711479, 0.01686565009146066, 0.03643322115726757, 0.01601418732782369], [0.8820032335992191, 0.03666475002742206, 0.014850149928999006, 0.016098822223130277, 0.03422265094965921, 0.016160393271570275], [0.912910310218978, 0.022070909367396592, 0.013025410583941606, 0.013185507907542578, 0.024546700121654497, 0.014261161800486618]], [[0.912910310218978, 0.022070909367396592, 0.013025410583941606, 0.013185507907542578, 0.024546700121654497, 0.014261161800486618], [0.8820795854770402, 0.03660196911823144, 0.0148666948383481, 0.01611082650595526, 0.03416875040075136, 0.016172173659673657], [0.0651308396790031, 0.034406183699088405, 0.013573015675217383, 0.0161745577748421, 0.8557326389442066, 0.014982764227642276], [0.8820795854770402, 0.03660196911823144, 0.0148666948383481, 0.01611082650595526, 0.03416875040075136, 0.016172173659673657], [0.8791923643648192, 0.03868922769299001, 0.014848304894958158, 0.017039518647147398, 0.034085995655496616, 0.016144588744588743], [0.8763596191226397, 0.040737104030488996, 0.014830261931632175, 0.0179506882951095, 0.034004802320529694, 0.01611752429959977], [0.8764189246284229, 0.04194080595752467, 0.014904556486503868, 0.019120827534338636, 0.03138591926130257, 0.016228966131907305], [0.8584092439321894, 0.05803246951693096, 0.014885441868017461, 0.020691665406459437, 0.03178088507222488, 0.0162002942041777], [0.805648413932487, 0.10021620393487649, 0.014866694838348102, 0.023725416682401634, 0.03937109695221312, 0.016172173659673657], [0.7436420459255537, 0.13980985977293278, 0.01476137061711479, 0.028751157494681233, 0.057021378861893776, 0.01601418732782369], [0.7398523790936662, 0.13935702695416013, 0.014830261931632175, 0.030374036993269446, 0.059468770727672225, 0.01611752429959977], [0.2583800151263154, 0.28317639001139, 0.020719277140335397, 0.03091348068806289, 0.3895187158217752, 0.017292121212121214], [0.11343815827430626, 0.4415232015876, 0.013805003341543623, 0.05950730359720217, 0.3565677071259677, 0.015158626073380171], [0.11977367933247803, 0.1601749825087011, 0.013869760247312794, 0.34911692112315723, 0.34185694073896805, 0.015207716049382715], [0.696391140843876, 0.19454398554551516, 0.014744923591576855, 0.02669931073762872, 0.05163112249188643, 0.015989516789516788], [0.4524657873822637, 0.4427296297594792, 0.01476137061711479, 0.024699015934136537, 0.049330008979181945, 0.01601418732782369], [0.08391733275126392, 0.4028999672112757, 0.013725264671826904, 0.018377240602154322, 0.46598201582444515, 0.015098178939034045], [0.0642193900761333, 0.07264236125949113, 0.013805003341543623, 0.016757579238276546, 0.8174170400111753, 0.015158626073380171], [0.8543621431758743, 0.05830096542590688, 0.01471290283389238, 0.020087778787021657, 0.036594724124314644, 0.015941485652990077], [0.8119738273140609, 0.09455517330868826, 0.014778119422937823, 0.023591581094736094, 0.03906198832301855, 0.016039310536558243], [0.7292532411839073, 0.1631760890693042, 0.01476137061711479, 0.025016740241790063, 0.051778371560059835, 0.01601418732782369], [0.5579337326904666, 0.3490168094605077, 0.01379520580342528, 0.02533874672557581, 0.039108879084624584, 0.01480662623539982], [0.6333933687067304, 0.22440701785378356, 0.018422289181692093, 0.03218712258143717, 0.0758606778668329, 0.015729523809523808], [0.5579871904407497, 0.3483594332067808, 0.013728154250524673, 0.022451461810429528, 0.04276771138546646, 0.014706048906048905], [0.5670479337209674, 0.3351218511460189, 0.013678711018472744, 0.022868772786537442, 0.046650847270032526, 0.014631884057971013], [0.8103676987265808, 0.1067628852927764, 0.01312546360282082, 0.019773361993939108, 0.0360121923076713, 0.013958398076211615], [0.4645013116660075, 0.44749023617757394, 0.013080886869897806, 0.019716714274099455, 0.04131931803559427, 0.013891532976827095], [0.4576901168360848, 0.45129511747865736, 0.013070244676902671, 0.020254145020353727, 0.04381480630066696, 0.013875569687334393], [0.0758726973920602, 0.4718028082240612, 0.012569024157116363, 0.02119705335501567, 0.4051393972639034, 0.013419019607843138], [0.6335052790054735, 0.2789544668073871, 0.013080886869897806, 0.019716714274099455, 0.040851120066315146, 0.013891532976827095], [0.819312815433933, 0.07689776105216653, 0.03742650901756557, 0.021908719550062274, 0.02978124066478157, 0.014672954281490866], [0.9208297857142858, 0.019476654761904764, 0.01239532142857143, 0.012520654761904762, 0.02141484523809524, 0.013362738095238096], [0.051070820036648576, 0.0284304373052233, 0.013078893649962486, 0.014995917842712547, 0.8783062220832579, 0.014117709082195062], [0.890343591710183, 0.033877002217262635, 0.016269316254015443, 0.01612802175691206, 0.02864681039691732, 0.01473525766470972], [0.9208297857142858, 0.019476654761904764, 0.01239532142857143, 0.012520654761904762, 0.02141484523809524, 0.013362738095238096], [0.051254020731003755, 0.0422057743388382, 0.018026662617809944, 0.014970442313241614, 0.8594559464681352, 0.014087153530971319], [0.8705111617133039, 0.04396369333151816, 0.014728770262923527, 0.018593468863597615, 0.03623761903212, 0.015965286796536797], [0.062012827882707434, 0.03448964043510543, 0.013970310060998015, 0.016394474290193774, 0.857848807937056, 0.015283939393939395], [0.06331017393065871, 0.033808747814112985, 0.013805003341543623, 0.016302971165539252, 0.8576144776747653, 0.015158626073380171], [0.912910310218978, 0.022070909367396592, 0.013025410583941606, 0.013185507907542578, 0.024546700121654497, 0.014261161800486618]], [[0.912910310218978, 0.022070909367396592, 0.013025410583941606, 0.013185507907542578, 0.024546700121654497, 0.014261161800486618], [0.8820795854770402, 0.03660196911823144, 0.0148666948383481, 0.01611082650595526, 0.03416875040075136, 0.016172173659673657], [0.8820795854770402, 0.03660196911823144, 0.0148666948383481, 0.01611082650595526, 0.03416875040075136, 0.016172173659673657], [0.8854500750362444, 0.03544523865346806, 0.014964217265415983, 0.01625711014655708, 0.03156490159803893, 0.01631845730027548], [0.8791923643648192, 0.03868922769299001, 0.014848304894958158, 0.017039518647147398, 0.034085995655496616, 0.016144588744588743], [0.0647766802235994, 0.03428996930451657, 0.013618142368923346, 0.01619953699827023, 0.8560986978875236, 0.015016973217166827], [0.8735798223896603, 0.04274670230560482, 0.014812556219957147, 0.018844826734698478, 0.03392512661799206, 0.016090965732087226], [0.8663561467846898, 0.04997037791057538, 0.014812556219957147, 0.018844826734698478, 0.03392512661799206, 0.016090965732087226], [0.83536591206716, 0.07909903125349142, 0.014795178391831657, 0.02037574323980912, 0.03429923605780888, 0.01606489898989899], [0.090533652025785, 0.10282569982307264, 0.013618142368923346, 0.34243376082068655, 0.4355717717443654, 0.015016973217166826], [0.7414090412081842, 0.14305233573895018, 0.01476137061711479, 0.025868735947963017, 0.058894329159964, 0.01601418732782369], [0.7347839422209455, 0.14188115832865242, 0.014744923591576857, 0.02669931073762872, 0.06590114833167972, 0.01598951678951679], [0.7332623735470437, 0.15130656280257093, 0.01476137061711479, 0.02705337585992504, 0.05760212984552181, 0.01601418732782369], [0.5200700420089622, 0.38546479606802186, 0.014778119422937823, 0.02240694118277407, 0.04124079078074549, 0.01603931053655824], [0.7199857343621608, 0.16791776890435267, 0.01484830489495816, 0.0250902201844317, 0.056013382909508073, 0.016144588744588746], [0.055352209026128266, 0.02218129849564529, 0.012761947743467934, 0.012928661916072844, 0.024759414093428342, 0.8720164687252573], [0.8386441122001927, 0.07582083112045863, 0.014795178391831657, 0.02037574323980912, 0.03429923605780888, 0.01606489898989899], [0.8162809196854964, 0.09024808093725273, 0.014778119422937823, 0.023591581094736094, 0.03906198832301855, 0.016039310536558243], [0.8599568713638036, 0.056484842085316754, 0.014885441868017461, 0.020691665406459437, 0.03178088507222488, 0.0162002942041777], [0.8075161923436408, 0.09834842552372265, 0.014866694838348102, 0.023725416682401634, 0.03937109695221312, 0.016172173659673657], [0.7294999000840828, 0.16374943404942083, 0.014848304894958158, 0.028655979047449348, 0.047101793179500154, 0.016144588744588743], [0.5577604548357965, 0.34919008731517787, 0.01379520580342528, 0.02533874672557581, 0.039108879084624584, 0.01480662623539982], [0.5580837874694472, 0.3465823655824941, 0.013666883003908597, 0.023495657558437206, 0.043557164349587986, 0.014614142036124794], [0.08494139545532557, 0.1307077847206128, 0.013119529333641298, 0.01957678303340278, 0.7375028407903509, 0.014151666666666667], [0.07282001029592405, 0.30215340053675616, 0.013119529333641298, 0.018728011312043005, 0.5790273818549688, 0.014151666666666667], [0.8088462980443067, 0.10221076331214136, 0.0130295267210952, 0.020597812883030833, 0.041501106285802405, 0.013814492753623188], [0.2613245046209759, 0.09985548953755044, 0.012569024157116363, 0.02119705335501567, 0.5916349087214985, 0.013419019607843138], [0.3275561511756845, 0.3648660449948881, 0.016936002855511136, 0.023532252209923044, 0.252391117391444, 0.014718431372549018], [0.4515861257168761, 0.11938787076670689, 0.013070244676902671, 0.020254145020353727, 0.38182604413182614, 0.013875569687334393], [0.4575182272904876, 0.4521221875457674, 0.013125463602820821, 0.022631909068121264, 0.04064381441659146, 0.013958398076211617], [0.570558587847007, 0.33491129291313815, 0.013809382417467125, 0.02528957947360337, 0.040603266192321755, 0.014827891156462585], [0.8350517419387519, 0.06355317416998925, 0.023744568316756948, 0.018488234374860118, 0.04448932691815084, 0.014672954281490866], [0.9208297857142858, 0.019476654761904764, 0.01239532142857143, 0.012520654761904762, 0.02141484523809524, 0.013362738095238096], [0.8898296809633954, 0.03423472440375194, 0.017639744912115334, 0.016939194602331478, 0.026576052387803147, 0.014780602730602731], [0.8665269928674659, 0.045653744307243886, 0.028717147630895945, 0.017910969566497743, 0.02646571272746348, 0.014725432900432898], [0.9208297857142858, 0.019476654761904764, 0.01239532142857143, 0.012520654761904762, 0.02141484523809524, 0.013362738095238096], [0.8486059185325692, 0.05658501666631001, 0.025780717737671592, 0.019790872676417784, 0.03334394307174324, 0.01589353131528824], [0.06331017393065871, 0.03450392838849978, 0.013805003341543623, 0.016302971165539252, 0.8569192971003785, 0.015158626073380171], [0.8708016321994855, 0.04185581355715932, 0.01774611486571534, 0.01758506236284616, 0.03613201852078039, 0.01587935849401322], [0.912910310218978, 0.022070909367396592, 0.013025410583941606, 0.013185507907542578, 0.024546700121654497, 0.014261161800486618]], [[0.912910310218978, 0.022070909367396592, 0.013025410583941606, 0.013185507907542578, 0.024546700121654497, 0.014261161800486618], [0.0647766802235994, 0.03428996930451657, 0.013618142368923346, 0.01619953699827023, 0.8560986978875236, 0.015016973217166827], [0.8820795854770402, 0.03660196911823144, 0.0148666948383481, 0.01611082650595526, 0.03416875040075136, 0.016172173659673657], [0.882379483897585, 0.037653731536847306, 0.014943932600585864, 0.01723077405840281, 0.031504047603548566, 0.016288030303030304], [0.8793696965438497, 0.039818491887882404, 0.014924049612287032, 0.018185157496746644, 0.031444398638652074, 0.01625820582058206], [0.8705111617133039, 0.04396369333151816, 0.014728770262923527, 0.018593468863597615, 0.03623761903212, 0.015965286796536797], [0.8517685191509923, 0.0626964241696592, 0.014795178391831657, 0.02037574323980912, 0.03429923605780888, 0.01606489898989899], [0.06607775503050954, 0.04655826404342125, 0.013573015675217383, 0.01922728374327825, 0.8395809172799312, 0.014982764227642276], [0.5159747063952964, 0.3905542942274528, 0.014778119422937823, 0.023591581094736094, 0.03906198832301855, 0.016039310536558243], [0.4404587063926865, 0.44367374572192275, 0.014681995841692583, 0.02922006220731236, 0.05607036467169537, 0.015895125164690382], [0.7324208592247348, 0.15851426716465636, 0.014744923591576855, 0.02669931073762872, 0.05163112249188643, 0.015989516789516788], [0.4189931934031119, 0.15873069573279913, 0.013805003341543623, 0.02432884926464948, 0.36898363218451574, 0.015158626073380171], [0.7920255480998365, 0.1112780345795616, 0.01469731378080915, 0.023802602953825986, 0.04227839851260143, 0.01591810207336523], [0.8287428738031322, 0.08572206951751933, 0.014795178391831657, 0.02037574323980912, 0.03429923605780888, 0.01606489898989899], [0.5276431449314797, 0.3741976239524972, 0.014866694838348102, 0.02159152283058871, 0.0455288397874126, 0.016172173659673657], [0.055352209026128266, 0.02218129849564529, 0.012761947743467934, 0.012928661916072844, 0.024759414093428342, 0.8720164687252573], [0.7896503910574061, 0.10806044092542556, 0.014866694838348102, 0.025721459731733835, 0.0455288397874126, 0.016172173659673657], [0.745003341694178, 0.1476413928518782, 0.01476137061711479, 0.02705337585992504, 0.04952633164908018, 0.01601418732782369], [0.8079242489167802, 0.0939173812187203, 0.014778119422937823, 0.022406941182774073, 0.0449339987222293, 0.016039310536558243], [0.7514408776280789, 0.1404864746218211, 0.01484830489495816, 0.027224114036244626, 0.049855640074308594, 0.016144588744588746], [0.7228570277044158, 0.16908225685705, 0.014830261931632175, 0.02723818056971882, 0.04987474863758332, 0.01611752429959977], [0.40121296491972797, 0.45117085501413534, 0.018422289181692093, 0.02643202054062084, 0.0870323465342999, 0.015729523809523808], [0.08998827540464455, 0.34708014991309993, 0.013119529333641298, 0.023596421931090458, 0.512063956750857, 0.014151666666666667], [0.7737511142306546, 0.13144138546939135, 0.013678711018472744, 0.022868772786537442, 0.04362813243697287, 0.014631884057971015], [0.8367729550603793, 0.07935449084814528, 0.013754236689451148, 0.021143934596413526, 0.03422921024117203, 0.014745172564438618], [0.8523269487733707, 0.06971013788474001, 0.013149037836578184, 0.020741749629721452, 0.030078366448741928, 0.013993759426847663], [0.46992570718301085, 0.2736637978312845, 0.013080886869897805, 0.01971671427409945, 0.20972136086488016, 0.013891532976827095], [0.6246209509656903, 0.2824071216137117, 0.013070244676902671, 0.020254145020353727, 0.045771968036007235, 0.013875569687334393], [0.4541506888650408, 0.4538538077568803, 0.01312546360282082, 0.022631909068121257, 0.04227973263092516, 0.013958398076211615], [0.5047786907771782, 0.3625355579918856, 0.016936002855511136, 0.023532252209923044, 0.07749906479295286, 0.014718431372549018], [0.7769988352626583, 0.12989038371305567, 0.013795205803425283, 0.02417559495538653, 0.04033335403007437, 0.01480662623539982], [0.7945303001226361, 0.1135250824682647, 0.013741076913447335, 0.02336096605712695, 0.04011714153809187, 0.0147254329004329], [0.07810173304887, 0.06910552545694697, 0.04506547404775784, 0.014995917842712547, 0.7786136405215176, 0.014117709082195062], [0.9208297857142858, 0.019476654761904764, 0.01239532142857143, 0.012520654761904762, 0.02141484523809524, 0.013362738095238096], [0.9208297857142858, 0.019476654761904764, 0.01239532142857143, 0.012520654761904762, 0.02141484523809524, 0.013362738095238096], [0.9208297857142858, 0.019476654761904764, 0.01239532142857143, 0.012520654761904762, 0.02141484523809524, 0.013362738095238096], [0.9128742727272727, 0.02206119696969697, 0.013048590909090909, 0.01320810606060606, 0.02452798484848485, 0.014279848484848486], [0.8486306431150543, 0.056568114386007146, 0.0257778174114272, 0.01979069500701941, 0.03333760491580153, 0.015895125164690382], [0.8734195939534123, 0.040844194695684295, 0.019723311706328607, 0.018831702221149153, 0.031096793948113093, 0.016084403475312568], [0.912910310218978, 0.022070909367396592, 0.013025410583941606, 0.013185507907542578, 0.024546700121654497, 0.014261161800486618]], [[0.912910310218978, 0.022070909367396592, 0.013025410583941606, 0.013185507907542578, 0.024546700121654497, 0.014261161800486618], [0.8785031640843805, 0.03815990549413944, 0.014771808252372877, 0.01597329059729069, 0.03655711005136674, 0.016034721520449765], [0.882379483897585, 0.037653731536847306, 0.014943932600585864, 0.01723077405840281, 0.031504047603548566, 0.016288030303030304], [0.8793696965438497, 0.039818491887882404, 0.014924049612287032, 0.018185157496746644, 0.031444398638652074, 0.01625820582058206], [0.8668599220438824, 0.04761493300093964, 0.014728770262923527, 0.018593468863597615, 0.03623761903212, 0.015965286796536797], [0.06374170426901973, 0.05175034350742056, 0.013864634909265818, 0.019235927559648015, 0.8362035590472006, 0.015203830707445165], [0.8088913087828079, 0.09471670010440413, 0.014778119422937823, 0.02651257283027328, 0.03906198832301855, 0.016039310536558243], [0.8037395961689453, 0.10278940445380388, 0.014778119422937823, 0.023591581094736094, 0.03906198832301855, 0.016039310536558243], [0.7178453599473533, 0.16918459798842825, 0.01476137061711479, 0.028751157494681233, 0.053443326624598775, 0.01601418732782369], [0.1130004805008402, 0.4617494284906281, 0.013823287644349036, 0.029655346667700234, 0.36659896992399565, 0.015172486772486771], [0.5627874253231882, 0.2781430033928573, 0.020719277140335394, 0.03091348068806289, 0.09014469224343505, 0.01729212121212121], [0.13623512718567446, 0.4504056300272064, 0.013970310060998015, 0.024504795284554393, 0.35960019804762744, 0.015283939393939395], [0.11569632324074709, 0.1534360127302154, 0.013945516956253713, 0.024507279980373043, 0.6771497224957592, 0.015265144596651445], [0.0834306390577136, 0.09910062752462766, 0.01376807267053071, 0.018384955901713747, 0.7701850746395366, 0.01513063020587773], [0.8382916929324974, 0.07617325038815406, 0.014795178391831657, 0.02037574323980912, 0.03429923605780887, 0.01606489898989899], [0.7760732234948917, 0.11974299993453985, 0.014866694838348102, 0.027616068285134167, 0.04552883978741261, 0.01617217365967366], [0.44408182496389637, 0.4375619135662236, 0.01476137061711479, 0.03805437187586129, 0.04952633164908018, 0.01601418732782369], [0.1392800912731001, 0.1352142289356371, 0.013725264671826904, 0.33400566446819396, 0.36267657171220785, 0.015098178939034045], [0.4261028941234563, 0.1352142289356371, 0.013725264671826904, 0.04718286161783771, 0.36267657171220785, 0.015098178939034045], [0.7977525044387458, 0.10107348569331029, 0.014778119422937823, 0.02240694118277407, 0.047949638725673614, 0.01603931053655824], [0.721855966137902, 0.17156752666107444, 0.01476137061711479, 0.026201380153752077, 0.04959956910233286, 0.01601418732782369], [0.33688399550294185, 0.5702437558591181, 0.013728154250524672, 0.0233822503126854, 0.04105579516868099, 0.014706048906048905], [0.3348407099366859, 0.5720680495479802, 0.013741076913447335, 0.02179886733283505, 0.04282586336861843, 0.0147254329004329], [0.6108767411547971, 0.30664549559824217, 0.013754236689451148, 0.021143934596413526, 0.032834419396657426, 0.01474517256443862], [0.8684632582282698, 0.055294362073121016, 0.013767640165010586, 0.018617204853256616, 0.02909225690256411, 0.014765277777777776], [0.8867359421139615, 0.04316535732323351, 0.01316116826754071, 0.017300941869338005, 0.025624635352634578, 0.014011955073291452], [0.8544540979504263, 0.06777903746556081, 0.013091724332489181, 0.019177357902928786, 0.03158999317788092, 0.013907789170714158], [0.08032273768214884, 0.10147108649427339, 0.012569024157116363, 0.20191287392982094, 0.5903052581287973, 0.013419019607843138], [0.6257130872930298, 0.28925343178019824, 0.01300079985820561, 0.018599445065479205, 0.03966183354379841, 0.013771402459288802], [0.0748205842909275, 0.4460701061645617, 0.012569024157116363, 0.021397118117171935, 0.4317241476623793, 0.013419019607843138], [0.7910888063873106, 0.11428314568852706, 0.013741076913447335, 0.02336096605712695, 0.04280057205315504, 0.0147254329004329], [0.8458081962201667, 0.07217887569770771, 0.013754236689451147, 0.020679099431578356, 0.032834419396657426, 0.014745172564438618], [0.8407319802109747, 0.07217887569770771, 0.017138380695579068, 0.020679099431578356, 0.03452649139972139, 0.014745172564438618], [0.8192439863365684, 0.06256712265044943, 0.05182597651664747, 0.021908719550062274, 0.029781240664781577, 0.014672954281490867], [0.3319644007195719, 0.07475248063582035, 0.5169879584691545, 0.022798332455281185, 0.038873853075768884, 0.014622974644403215], [0.29371396426097884, 0.0934359739084769, 0.5387648702631054, 0.019631395094189, 0.03995967399667288, 0.014494122476576835], [0.09220077861189657, 0.10648875213778948, 0.07822507188057508, 0.02239525529798069, 0.6849358972102746, 0.015754244861483465], [0.9132179680150517, 0.02215382565067419, 0.012827516462841016, 0.012992583882094701, 0.02470647538413296, 0.014101630605205393], [0.8509993511295707, 0.05569091428715401, 0.026193676562044778, 0.020074330484270375, 0.03105703605543226, 0.015984691481527796], [0.9128742727272727, 0.02206119696969697, 0.013048590909090909, 0.01320810606060606, 0.02452798484848485, 0.014279848484848486]], [[0.912910310218978, 0.022070909367396592, 0.013025410583941606, 0.013185507907542578, 0.024546700121654497, 0.014261161800486618], [0.06298355246023077, 0.03370156977365469, 0.013846621168849669, 0.0163260081071252, 0.8579520733777889, 0.015190175112350846], [0.8731380967855514, 0.042055581384343704, 0.014744923591576855, 0.017737342444971195, 0.03633453900403997, 0.015989516789516788], [0.8668709744447322, 0.04945555025053293, 0.014812556219957147, 0.018844826734698478, 0.03392512661799206, 0.016090965732087226], [0.05156049921876593, 0.04543077336676594, 0.013119529333641298, 0.017259261312043007, 0.8584782701021172, 0.014151666666666667], [0.8248309040812758, 0.08333697375660394, 0.013655257177627599, 0.02351408254953851, 0.04006607913825083, 0.014596703296703296], [0.774142928859959, 0.12221264736398502, 0.013809382417467125, 0.030614365520119383, 0.04439278468200708, 0.014827891156462585], [0.8248585145873661, 0.08807586636763118, 0.01382383165870208, 0.02373904462177999, 0.034653177746205625, 0.014849565018315018], [0.6222448591122364, 0.2957422128056381, 0.013754236689451148, 0.020679099431578356, 0.032834419396657426, 0.014745172564438618], [0.56013898731331, 0.3400300207085113, 0.013678711018472744, 0.024872169268696058, 0.046648227633038934, 0.014631884057971015], [0.09413668991919177, 0.5907433631300888, 0.013119529333641298, 0.02516360074769719, 0.26268515020271416, 0.014151666666666667], [0.5650106036422314, 0.33957001457337704, 0.013678711018472744, 0.023538197984244762, 0.04357058872370289, 0.014631884057971013], [0.6225964389424111, 0.2953906329754632, 0.013754236689451148, 0.020679099431578356, 0.032834419396657426, 0.014745172564438618], [0.8684846091996252, 0.05573784626660085, 0.013767640165010586, 0.018152369688421446, 0.029092256902564118, 0.014765277777777776], [0.8281182037769038, 0.0876749515105563, 0.01382383165870208, 0.02245615757306959, 0.03307729046245317, 0.014849565018315018], [0.5685852022298215, 0.33221334307559225, 0.013741076913447335, 0.029678541442142874, 0.04105640343856299, 0.014725432900432898], [0.33634949188939123, 0.35443884807914605, 0.013728154250524672, 0.23620276082117758, 0.044574696053711574, 0.014706048906048905], [0.1700300510523512, 0.6694201495076775, 0.018422289181692093, 0.032492226047404565, 0.09390576040135082, 0.01572952380952381], [0.5529636169478455, 0.1385657979033221, 0.013728154250524672, 0.025921728420445628, 0.2541146535718131, 0.014706048906048905], [0.7311649092932457, 0.15052248398296933, 0.01476137061711479, 0.02705337585992504, 0.06048367291892145, 0.01601418732782369], [0.08117601130161015, 0.11949116895400116, 0.013970310060998015, 0.018711482246369593, 0.7513670880430817, 0.015283939393939393], [0.07908763830589426, 0.32987118311300356, 0.013119529333641298, 0.019813158025185042, 0.5439568245556092, 0.014151666666666667], [0.37779780243199956, 0.5382522660820982, 0.0136552571776276, 0.01994003424289635, 0.035757936768675024, 0.014596703296703296], [0.052659200517467225, 0.05240611375354469, 0.013119529333641298, 0.01537086845490015, 0.85229262127378, 0.014151666666666667], [0.05086722190784156, 0.028902459681945367, 0.013119529333641298, 0.015024229799437966, 0.8779348926104672, 0.014151666666666667], [0.9005516497815448, 0.03118904266833253, 0.013114006965854625, 0.015723123181275486, 0.02548096428223016, 0.013941213120762323], [0.8889879766114549, 0.0416310410125212, 0.01316116826754071, 0.017300941869338008, 0.024906917165853693, 0.014011955073291452], [0.8520894445496515, 0.07007169827021568, 0.013039438328758863, 0.019502743489321718, 0.03146731519693352, 0.013829360165118678], [0.23111098652539147, 0.07109574798111129, 0.012569024157116363, 0.01793843911767703, 0.6538667826108606, 0.013419019607843138], [0.64330401