{"round_id": "36e581f1-73f8-453f-ab98-cbe3052b701b", "seed_index": 1, "prediction": [[[0.8982587115666179, 0.027814812103465106, 0.013299633967789166, 0.013556539775500245, 0.03178767691556857, 0.015282625671059053], [0.8984422237860662, 0.0274891156462585, 0.013535749472202674, 0.013782711705371804, 0.03130821018062397, 0.015441989209476894], [0.9132420556341349, 0.022160317460317457, 0.012812022630834512, 0.012977479176489077, 0.02471898475561842, 0.014089140342605689], [0.9129831801470588, 0.022090548406862743, 0.012978538602941177, 0.013139813112745098, 0.02458454350490196, 0.014223376225490195], [0.9128742727272727, 0.02206119696969697, 0.013048590909090909, 0.01320810606060606, 0.02452798484848485, 0.014279848484848486], [0.9128742727272727, 0.02206119696969697, 0.013048590909090909, 0.01320810606060606, 0.02452798484848485, 0.014279848484848486], [0.9128742727272727, 0.02206119696969697, 0.013048590909090909, 0.01320810606060606, 0.02452798484848485, 0.014279848484848486], [0.912910310218978, 0.022070909367396592, 0.013025410583941606, 0.013185507907542578, 0.024546700121654497, 0.014261161800486618], [0.9128742727272727, 0.02206119696969697, 0.013048590909090909, 0.01320810606060606, 0.02452798484848485, 0.014279848484848486], [0.9128742727272727, 0.02206119696969697, 0.013048590909090909, 0.01320810606060606, 0.02452798484848485, 0.014279848484848486], [0.9128742727272727, 0.02206119696969697, 0.013048590909090909, 0.01320810606060606, 0.02452798484848485, 0.014279848484848486], [0.912910310218978, 0.022070909367396592, 0.013025410583941606, 0.013185507907542578, 0.024546700121654497, 0.014261161800486618], [0.912910310218978, 0.022070909367396592, 0.013025410583941606, 0.013185507907542578, 0.024546700121654497, 0.014261161800486618], [0.912910310218978, 0.022070909367396592, 0.013025410583941606, 0.013185507907542578, 0.024546700121654497, 0.014261161800486618], [0.912910310218978, 0.022070909367396592, 0.013025410583941606, 0.013185507907542578, 0.024546700121654497, 0.014261161800486618], [0.9129831801470588, 0.022090548406862743, 0.012978538602941177, 0.013139813112745098, 0.02458454350490196, 0.014223376225490195], [0.9132420556341349, 0.022160317460317457, 0.012812022630834512, 0.012977479176489077, 0.02471898475561842, 0.014089140342605689], [0.8984422237860662, 0.0274891156462585, 0.013535749472202674, 0.013782711705371804, 0.03130821018062397, 0.015441989209476894], [0.8982587115666179, 0.027814812103465106, 0.013299633967789166, 0.013556539775500245, 0.03178767691556857, 0.015282625671059053], [0.8982025185185185, 0.02791454320987654, 0.013227333333333334, 0.013487283950617285, 0.031934493827160494, 0.015233827160493827], [0.8870030630630631, 0.031787957957957955, 0.013925135135135134, 0.014241291291291291, 0.036677087087087085, 0.016365465465465464], [0.8982025185185185, 0.02791454320987654, 0.013227333333333334, 0.013487283950617285, 0.031934493827160494, 0.015233827160493827], [0.8982025185185185, 0.02791454320987654, 0.013227333333333334, 0.013487283950617285, 0.031934493827160494, 0.015233827160493827], [0.8982587115666179, 0.027814812103465106, 0.013299633967789166, 0.013556539775500245, 0.03178767691556857, 0.015282625671059053], [0.8984422237860662, 0.0274891156462585, 0.013535749472202674, 0.013782711705371804, 0.03130821018062397, 0.015441989209476894], [0.9132420556341349, 0.022160317460317457, 0.012812022630834512, 0.012977479176489077, 0.02471898475561842, 0.014089140342605689], [0.9129831801470588, 0.022090548406862743, 0.012978538602941177, 0.013139813112745098, 0.02458454350490196, 0.014223376225490195], [0.912910310218978, 0.022070909367396592, 0.013025410583941606, 0.013185507907542578, 0.024546700121654497, 0.014261161800486618], [0.912910310218978, 0.022070909367396592, 0.013025410583941606, 0.013185507907542578, 0.024546700121654497, 0.014261161800486618], [0.912910310218978, 0.022070909367396592, 0.013025410583941606, 0.013185507907542578, 0.024546700121654497, 0.014261161800486618], [0.912910310218978, 0.022070909367396592, 0.013025410583941606, 0.013185507907542578, 0.024546700121654497, 0.014261161800486618], [0.912910310218978, 0.022070909367396592, 0.013025410583941606, 0.013185507907542578, 0.024546700121654497, 0.014261161800486618], [0.912910310218978, 0.022070909367396592, 0.013025410583941606, 0.013185507907542578, 0.024546700121654497, 0.014261161800486618], [0.912910310218978, 0.022070909367396592, 0.013025410583941606, 0.013185507907542578, 0.024546700121654497, 0.014261161800486618], [0.912910310218978, 0.022070909367396592, 0.013025410583941606, 0.013185507907542578, 0.024546700121654497, 0.014261161800486618], [0.912910310218978, 0.022070909367396592, 0.013025410583941606, 0.013185507907542578, 0.024546700121654497, 0.014261161800486618], [0.912910310218978, 0.022070909367396592, 0.013025410583941606, 0.013185507907542578, 0.024546700121654497, 0.014261161800486618], [0.912910310218978, 0.022070909367396592, 0.013025410583941606, 0.013185507907542578, 0.024546700121654497, 0.014261161800486618], [0.9128742727272727, 0.02206119696969697, 0.013048590909090909, 0.01320810606060606, 0.02452798484848485, 0.014279848484848486], [0.912910310218978, 0.022070909367396592, 0.013025410583941606, 0.013185507907542578, 0.024546700121654497, 0.014261161800486618]], [[0.8982025185185185, 0.02791454320987654, 0.013227333333333334, 0.013487283950617285, 0.031934493827160494, 0.015233827160493827], [0.8094618468688825, 0.0791985894584099, 0.025467231922122247, 0.023217275181190187, 0.044698070254190495, 0.017956986315204766], [0.7963364427112353, 0.08544159255951163, 0.03549888873946518, 0.020059957976915697, 0.04696199017488348, 0.015701127837988528], [0.1216692602235286, 0.08370938147824354, 0.05319229328849922, 0.03233484248856356, 0.693996043582131, 0.015098178939034045], [0.7521082919373111, 0.0684565443796275, 0.06210726075131729, 0.027046506365982208, 0.07393443214630811, 0.01634696441945381], [0.9128742727272727, 0.02206119696969697, 0.013048590909090909, 0.01320810606060606, 0.02452798484848485, 0.014279848484848486], [0.7667931771106955, 0.06517298150093638, 0.085773062934485, 0.02472017919644893, 0.041669646244510354, 0.015870953012923815], [0.8360412195018505, 0.06480691105452593, 0.023202304432020416, 0.02096849267010907, 0.038578782454456534, 0.016402289887037604], [0.0813307251744675, 0.03567075335874042, 0.013880960272548792, 0.0166019609379726, 0.8371601580793998, 0.015355442176870748], [0.9128967653758541, 0.022067258921791948, 0.013034123006833712, 0.013194001518602885, 0.024539665907365223, 0.014268185269552012], [0.8773512147391507, 0.03899848930867461, 0.01821882909001483, 0.018016786945342193, 0.03126079122272353, 0.01615388869409424], [0.8734195939534123, 0.040844194695684295, 0.019723311706328607, 0.018831702221149153, 0.031096793948113093, 0.016084403475312568], [0.8773861903554154, 0.038971764095980965, 0.018220439777619356, 0.018018673144962184, 0.03124461741651073, 0.01615831520951138], [0.8703649048347427, 0.042143219488128804, 0.01942097046250123, 0.018581488777981672, 0.03353011968291686, 0.015959296753728824], [0.8296743508948655, 0.08259998024204618, 0.02115104003860239, 0.01960407984352678, 0.030956361653135346, 0.01601418732782369], [0.7756721494081564, 0.10367671927242386, 0.039922502160131455, 0.024692125277154357, 0.04008910752387269, 0.015947396358261104], [0.8220688474367998, 0.08345996088926927, 0.02334076545973854, 0.01953913314377234, 0.03588763585672099, 0.015703657213699054], [0.09142045024779445, 0.04577875114719654, 0.01483092908275046, 0.01869553872349732, 0.8123492100258143, 0.01692512077294686], [0.812704077748259, 0.06674816655721134, 0.023576957540493205, 0.023230526199083855, 0.053924578906627406, 0.019815693048325055], [0.8166663232269493, 0.06530439730734965, 0.02417564640609242, 0.02377574857560072, 0.04998933181650774, 0.02008855266750003], [0.10953467230443972, 0.035724136715997175, 0.014764587737843551, 0.015135553206483437, 0.041460852713178294, 0.7833801973220578], [0.7800954191442726, 0.08811928297665318, 0.035278084251806355, 0.02771857441047397, 0.048991470370246676, 0.019797168846547177], [0.7495491462795572, 0.1024589858606058, 0.04161667229558964, 0.031633390151119524, 0.05389910643517413, 0.020842698977953968], [0.640601221303279, 0.12076600153953397, 0.1128832060176799, 0.03444727270245103, 0.0734187029201753, 0.017883595516880606], [0.6328540759507214, 0.135266491020156, 0.109316120569941, 0.034575940668824856, 0.07010687077026385, 0.017880501020092972], [0.726230409877282, 0.10526627283579411, 0.07556081396201528, 0.026288786761266968, 0.05076993065258286, 0.015883785911058636], [0.826691497985196, 0.08043943420514975, 0.025295684351197154, 0.0208032073861856, 0.030822779714010165, 0.0159473963582611], [0.7466769475563515, 0.0848197351567246, 0.07556081396201528, 0.026288786761266968, 0.05076993065258286, 0.015883785911058636], [0.795758020973375, 0.07548119991527687, 0.055652808090461074, 0.020500686363396806, 0.036773333682774696, 0.015833950974715304], [0.0651308396790031, 0.041131386951120924, 0.0202982189272499, 0.0161745577748421, 0.8422822324401417, 0.014982764227642276], [0.8703649048347427, 0.042143219488128804, 0.01942097046250123, 0.018581488777981672, 0.03353011968291686, 0.015959296753728824], [0.8773861903554154, 0.038971764095980965, 0.018220439777619356, 0.018018673144962184, 0.03124461741651073, 0.01615831520951138], [0.8773861903554154, 0.038971764095980965, 0.018220439777619356, 0.018018673144962184, 0.03124461741651073, 0.01615831520951138], [0.8734195939534123, 0.040844194695684295, 0.019723311706328607, 0.018831702221149153, 0.031096793948113093, 0.016084403475312568], [0.8514484476425427, 0.055377492754674046, 0.026135003900827125, 0.02006850672099713, 0.030956361653135346, 0.01601418732782369], [0.80147457380967, 0.07303179480120299, 0.04921355839379172, 0.025156552154624715, 0.03517612448244928, 0.015947396358261104], [0.708715305429357, 0.08431571370900341, 0.11374077553962708, 0.026288786761266968, 0.05105563264968684, 0.015883785911058636], [0.4042831713812527, 0.09774574332898532, 0.39309557009010565, 0.026955956800530027, 0.06209642430981897, 0.01582313408930745], [0.3963562122615578, 0.07904309253808897, 0.12803480119841928, 0.021935441992827858, 0.3587466660980474, 0.015883785911058636], [0.9128742727272727, 0.02206119696969697, 0.013048590909090909, 0.01320810606060606, 0.02452798484848485, 0.014279848484848486]], [[0.8870030630630631, 0.031787957957957955, 0.013925135135135134, 0.014241291291291291, 0.036677087087087085, 0.016365465465465464], [0.11860098585130922, 0.0578041279759954, 0.016580195110227444, 0.021728034206975194, 0.7659169013857372, 0.019369755469755466], [0.7714001693219941, 0.11643868495799786, 0.014565075919658086, 0.023927402768638535, 0.05789452380993841, 0.01577414322177292], [0.10311744457858055, 0.10033001269769014, 0.014286903500894794, 0.02111334280469493, 0.7453403351164686, 0.015811961301671063], [0.22356209841628957, 0.09127987179487178, 0.10922423076923077, 0.0338088141025641, 0.5244121644042232, 0.017712820512820512], [0.9129831801470588, 0.022090548406862743, 0.012978538602941177, 0.013139813112745098, 0.02458454350490196, 0.014223376225490195], [0.7715396621889541, 0.0834498225680908, 0.0555104499169409, 0.025023530308238166, 0.04875674277486022, 0.015719792242915975], [0.5214676942806576, 0.10274911633811021, 0.014134066377280236, 0.021164556855922223, 0.3247798560031021, 0.015704710144927535], [0.791142810680159, 0.12081318329152546, 0.014697313780809148, 0.020260662415659582, 0.03716792775848135, 0.015918102073365227], [0.8432645207541569, 0.0673826274865997, 0.02079385354920247, 0.019326268129549053, 0.03333760491580153, 0.015895125164690382], [0.9082049171566008, 0.02381027970782113, 0.013212880812399786, 0.013400445394619634, 0.02671083199714948, 0.014660644931409228], [0.8431402931159098, 0.06913403802100192, 0.02115104003860239, 0.01960407984352678, 0.030956361653135346, 0.01601418732782369], [0.8705111617133039, 0.04396369333151816, 0.014728770262923527, 0.018593468863597615, 0.03623761903212, 0.015965286796536797], [0.06641311723170977, 0.04647640701112078, 0.013657058718363285, 0.020104792518474184, 0.8383021501613576, 0.015046474358974358], [0.7853821290096206, 0.11422526452406631, 0.014778119422937823, 0.023453595787155765, 0.04612158071966128, 0.016039310536558243], [0.4675746277680082, 0.409704580318076, 0.01476137061711479, 0.027616328824563392, 0.06432890514441389, 0.01601418732782369], [0.067101114069247, 0.04687264711372255, 0.013573015675217383, 0.0201151065553299, 0.8373553523588407, 0.014982764227642276], [0.7857678630763415, 0.09995047196444412, 0.016719505472438154, 0.025664079675830287, 0.05313403409492603, 0.018764045716019796], [0.08688894308943088, 0.030120840108401083, 0.014000731707317072, 0.014286043360433605, 0.0345329810298103, 0.820170460704607], [0.09353162995594712, 0.03201201174743024, 0.014542643171806167, 0.014851835535976505, 0.036793450807635825, 0.8082684287812041], [0.08739461224489795, 0.03039480272108843, 0.014208897959183675, 0.014495374149659864, 0.03482495238095238, 0.8186813605442176], [0.08309410852713177, 0.02896638242894057, 0.013596046511627907, 0.013868087855297159, 0.033173307493540055, 0.8273020671834626], [0.0903499145299145, 0.030670626780626778, 0.013723846153846154, 0.014023789173789174, 0.035309031339031335, 0.815922792022792], [0.6696445059121924, 0.164422785371879, 0.016391531185815125, 0.031799066652619605, 0.09942012487945749, 0.018321985998036465], [0.3720956148305421, 0.41461689533905677, 0.024739006067961165, 0.04191275236399693, 0.12660906473177638, 0.020026666666666665], [0.4535898313756293, 0.43889267681651994, 0.014830261931632175, 0.02952204128709649, 0.0470476642895222, 0.01611752429959977], [0.7171134301962867, 0.17613590393721684, 0.014848304894958156, 0.02865597904744934, 0.04710179317950015, 0.016144588744588743], [0.7287749014867947, 0.16370760670535456, 0.014830261931632175, 0.02952204128709649, 0.04704766428952221, 0.01611752429959977], [0.7464799339701161, 0.1469435588288603, 0.01476137061711479, 0.026201380153752084, 0.04959956910233287, 0.01601418732782369], [0.8109285494710574, 0.09500884276008352, 0.014778119422937825, 0.024183189486344486, 0.03906198832301855, 0.016039310536558243], [0.8583942555319798, 0.05607068778867167, 0.014795178391831657, 0.02037574323980912, 0.03429923605780887, 0.01606489898989899], [0.8764189246284229, 0.04194080595752467, 0.014904556486503868, 0.019120827534338636, 0.03138591926130257, 0.016228966131907305], [0.8764189246284229, 0.04194080595752467, 0.014904556486503868, 0.019120827534338636, 0.03138591926130257, 0.016228966131907305], [0.8610682014130648, 0.05537351203605567, 0.014885441868017461, 0.020691665406459437, 0.03178088507222488, 0.0162002942041777], [0.8118151125804921, 0.09404950528687138, 0.014866694838348102, 0.023725416682401634, 0.03937109695221312, 0.016172173659673657], [0.7491994469018707, 0.14397183955402873, 0.01484830489495816, 0.02717560406720844, 0.048660215837345346, 0.016144588744588746], [0.7231646496754487, 0.16031824311359488, 0.02429505328781697, 0.030325527024233252, 0.045779002599306264, 0.01611752429959977], [0.22483096565123184, 0.579895226718059, 0.050501634613370844, 0.03320927444654322, 0.09427077735867397, 0.017292121212121214], [0.3803762449743263, 0.1061834820608417, 0.4085647577651757, 0.026955956800530034, 0.06209642430981898, 0.015823134089307453], [0.912910310218978, 0.022070909367396592, 0.013025410583941606, 0.013185507907542578, 0.024546700121654497, 0.014261161800486618]], [[0.8982025185185185, 0.02791454320987654, 0.013227333333333334, 0.013487283950617285, 0.031934493827160494, 0.015233827160493827], [0.7558800917383471, 0.10532501203502809, 0.030066183603460507, 0.027187557468873844, 0.061134432202445445, 0.020406722951844904], [0.07157620725106321, 0.04473909768534019, 0.014134066377280236, 0.019906164912188204, 0.8339397536292005, 0.015704710144927535], [0.7466932679132633, 0.12867756153939044, 0.015244701202927716, 0.02579713698304372, 0.06697747284100715, 0.01660985952036769], [0.7343875579965251, 0.07348528136846844, 0.08627408628057728, 0.025023530308238166, 0.06510975180327513, 0.015719792242915975], [0.9085520467836257, 0.02371187311713627, 0.013170813397129187, 0.013357380825801879, 0.026597005139110397, 0.014610880737196526], [0.20994790176794956, 0.5096870642184451, 0.11529918367346942, 0.035266496598639466, 0.11161431972789117, 0.018185034013605446], [0.7325061824865974, 0.16524400756496066, 0.014744923591576855, 0.02524703527990675, 0.046268334287441405, 0.015989516789516788], [0.45181925264315587, 0.44259853612935024, 0.01476137061711479, 0.02441646049024105, 0.050390192792314256, 0.01601418732782369], [0.06393597213394601, 0.06057241792922849, 0.013725264671826904, 0.018770709471936486, 0.827897456854028, 0.015098178939034045], [0.8387560649665372, 0.07189108327421938, 0.02079385354920247, 0.019326268129549053, 0.03333760491580153, 0.015895125164690382], [0.9132954502369669, 0.022174707740916275, 0.012777677725118484, 0.012943996840442338, 0.024746714060031597, 0.014061453396524487], [0.07087224300665856, 0.04582257834073418, 0.021039551677487507, 0.016245345151920942, 0.8309405744440639, 0.01507970737913486], [0.7881404310577143, 0.11071474701962873, 0.01469731378080915, 0.023956464420672115, 0.04657294164781033, 0.01591810207336523], [0.4667338065401783, 0.4176602261311578, 0.01476137061711479, 0.022718678855484852, 0.06211173052824047, 0.01601418732782369], [0.4556501513077386, 0.14651701216489266, 0.014830261931632175, 0.0265192353887172, 0.34036581490741946, 0.01611752429959977], [0.055352209026128266, 0.02218129849564529, 0.012761947743467934, 0.012928661916072844, 0.024759414093428342, 0.8720164687252573], [0.05508099952852428, 0.02216031746031746, 0.012812022630834512, 0.012977479176489079, 0.02471898475561842, 0.8722501964482163], [0.8485542927543337, 0.06234844469401181, 0.015412453043968008, 0.022048137087901695, 0.03472153099163362, 0.016915141428151134], [0.05508099952852428, 0.02216031746031746, 0.012812022630834512, 0.012977479176489079, 0.02471898475561842, 0.8722501964482163], [0.05737786600496279, 0.022725376344086022, 0.01288531017369727, 0.013059470636889992, 0.025418643507030603, 0.8685333333333333], [0.7661194923420955, 0.11538228208546274, 0.01482452564378026, 0.024407732059762634, 0.06312151912393393, 0.016144448744964807], [0.45140117493282567, 0.16699491670658023, 0.013657058718363285, 0.020365463089055333, 0.3325349121942011, 0.015046474358974358], [0.7376303008757127, 0.14578024875692194, 0.01476137061711479, 0.025016740241790063, 0.060797152180636846, 0.01601418732782369], [0.7393477407551549, 0.15971985300956537, 0.014830261931632175, 0.025104286717905887, 0.04488033328614186, 0.01611752429959977], [0.5617717896441147, 0.3457812586036382, 0.013809382417467125, 0.024658269251567343, 0.03915140892675012, 0.014827891156462585], [0.5523231057739353, 0.3529859725093076, 0.013795205803425283, 0.02698021059330756, 0.03910887908462459, 0.01480662623539982], [0.43239756013164626, 0.43265925943685346, 0.018422289181692093, 0.02643202054062084, 0.07435934689966342, 0.015729523809523808], [0.08384078004286348, 0.34506536113045405, 0.013119529333641298, 0.02124206200530196, 0.5225806008210725, 0.014151666666666667], [0.778516933124496, 0.12689634235806452, 0.013678711018472744, 0.023098080966443946, 0.04317804847455172, 0.014631884057971013], [0.06372469216867316, 0.30517097594898734, 0.013119529333641298, 0.018510015022618145, 0.5853231208594134, 0.014151666666666667], [0.8757291575340349, 0.047077570653078854, 0.013702995083772585, 0.017926111904088445, 0.030895854669104363, 0.014668310155920777], [0.8764189246284229, 0.04194080595752467, 0.014904556486503868, 0.019120827534338636, 0.03138591926130257, 0.016228966131907305], [0.8701248859282721, 0.04620163876699289, 0.014812556219957147, 0.018844826734698478, 0.03392512661799206, 0.016090965732087226], [0.8610682014130648, 0.05537351203605567, 0.014885441868017461, 0.020691665406459437, 0.03178088507222488, 0.0162002942041777], [0.8088814459767213, 0.0975263955213257, 0.014866694838348102, 0.02600927739977931, 0.03654401260415201, 0.01617217365967366], [0.7267515883197685, 0.1637753315792242, 0.018035895082548346, 0.02945946478458611, 0.045833131489284216, 0.016144588744588743], [0.4212137794842341, 0.45024806105544746, 0.03631610553717918, 0.03032552702423326, 0.04577900259930627, 0.01611752429959977], [0.3836312260749733, 0.1240537683264146, 0.3988937653243784, 0.026288786761266968, 0.05124866760190804, 0.015883785911058636], [0.912910310218978, 0.022070909367396592, 0.013025410583941606, 0.013185507907542578, 0.024546700121654497, 0.014261161800486618]], [[0.8982025185185185, 0.02791454320987654, 0.013227333333333334, 0.013487283950617285, 0.031934493827160494, 0.015233827160493827], [0.8333155335445531, 0.058197967159500597, 0.023362463426831154, 0.02207545317878723, 0.04499321484488996, 0.01805536784543792], [0.8404506541196635, 0.0681918946172689, 0.01531354045772166, 0.020938814489402578, 0.03834195268450697, 0.01676314363143631], [0.06572074592074591, 0.025030322455322454, 0.013475699300699301, 0.013680205905205906, 0.02819287101787102, 0.8539001554001554], [0.10446410588547461, 0.5119052944032829, 0.04026256414702179, 0.02114090327876509, 0.3064728874239721, 0.01575424486148347], [0.09067763687427763, 0.1192526798990363, 0.46902400931490124, 0.03520903133427684, 0.27008239771602455, 0.01575424486148347], [0.36434171065374965, 0.5334084793978083, 0.014744923591576855, 0.025247035279906745, 0.0462683342874414, 0.015989516789516788], [0.39839919998009105, 0.49540527865757383, 0.01476137061711479, 0.02441646049024105, 0.05100350292715549, 0.01601418732782369], [0.7803124994893131, 0.12934913002661155, 0.014778119422937823, 0.020583884984174284, 0.038937055540404886, 0.016039310536558243], [0.06393597213394601, 0.04047740605274392, 0.013725264671826904, 0.018770709471936486, 0.8479924687305126, 0.015098178939034045], [0.8204376719704003, 0.0866816236263107, 0.014778119422937823, 0.023453595787155765, 0.038609678656637024, 0.016039310536558243], [0.7729822620808788, 0.06723740926963316, 0.05521772185904595, 0.026954421934386102, 0.061724398944997066, 0.015883785911058636], [0.9132954502369669, 0.022174707740916275, 0.012777677725118484, 0.012943996840442338, 0.024746714060031597, 0.014061453396524487], [0.7328168709254425, 0.07970602041048692, 0.10129207045357562, 0.023365882215376756, 0.04704358702743313, 0.01577556896768515], [0.5521455240905085, 0.09258494794374246, 0.013880960272548792, 0.02035528835589629, 0.305677837160433, 0.015355442176870748], [0.5520416769723971, 0.27372259148384254, 0.020719277140335394, 0.029611541629891144, 0.10661279156141257, 0.01729212121212121], [0.7626402200625133, 0.11557863681475261, 0.014830261931632175, 0.026519235388717206, 0.0643141215027849, 0.01611752429959977], [0.7738092123678404, 0.11361420918263632, 0.01484830489495816, 0.025653173149070056, 0.055930511660906485, 0.016144588744588746], [0.8204376719704003, 0.0866816236263107, 0.014778119422937823, 0.023453595787155765, 0.038609678656637024, 0.016039310536558243], [0.816236859858528, 0.08560390902544891, 0.014866694838348102, 0.02159152283058871, 0.0455288397874126, 0.016172173659673657], [0.7669207074994413, 0.1290801529237007, 0.01476137061711479, 0.023847020227963582, 0.04937656140395571, 0.01601418732782369], [0.43206325578245114, 0.13536040609030117, 0.013700897964787993, 0.024551609549067502, 0.3792441232342572, 0.01507970737913486], [0.3070038244144547, 0.24923251256402085, 0.020719277140335397, 0.03091348068806289, 0.37483878398100506, 0.017292121212121214], [0.7359605292358262, 0.14446411869431433, 0.014830261931632175, 0.02952204128709649, 0.05910552455153092, 0.01611752429959977], [0.738097124346089, 0.15255682133096, 0.01484830489495816, 0.028655979047449348, 0.04969718163595485, 0.016144588744588746], [0.8260526568951617, 0.09369339041087704, 0.01382383165870208, 0.022427449044909127, 0.029153106972034874, 0.014849565018315018], [0.3569128598478006, 0.5457665110201514, 0.013741076913447335, 0.027740172166334738, 0.04111394715183297, 0.0147254329004329], [0.08384078004286348, 0.34506536113045405, 0.013119529333641298, 0.02124206200530196, 0.5225806008210725, 0.014151666666666667], [0.5630137348744764, 0.3432678537041258, 0.013643828399249668, 0.02148405521497844, 0.044010967678033225, 0.0145795601291364], [0.6199881258360798, 0.2970120958948707, 0.01382383165870208, 0.02124909112957931, 0.03307729046245317, 0.014849565018315018], [0.833786186860618, 0.08272871681831505, 0.0136552571776276, 0.019475199078061185, 0.035757936768675024, 0.014596703296703296], [0.051560499218765925, 0.05547275756546786, 0.013119529333641298, 0.015370868454900148, 0.8503246787605581, 0.014151666666666667], [0.8592457515137473, 0.055229103531074686, 0.014728770262923525, 0.018593468863597615, 0.03623761903211999, 0.015965286796536794], [0.06536032555837877, 0.06324990101853628, 0.013662575472716444, 0.016690313003708174, 0.8259862285265513, 0.015050656420108869], [0.8099176275827161, 0.09661137304003313, 0.014778119422937823, 0.023591581094736094, 0.03906198832301855, 0.016039310536558243], [0.7545126339251809, 0.13937603482687475, 0.01476137061711479, 0.027004865890888845, 0.04833090741211693, 0.01601418732782369], [0.7272779226913858, 0.16566976145384277, 0.014830261931632177, 0.03032552702423326, 0.04577900259930627, 0.01611752429959977], [0.4334123590088978, 0.45200752504535163, 0.022235992769156297, 0.02582022597892683, 0.05050970986984389, 0.01601418732782369], [0.43812077455965825, 0.42004121047253007, 0.07234929528382328, 0.02050068636339681, 0.03315408234587631, 0.015833950974715308], [0.912910310218978, 0.022070909367396592, 0.013025410583941606, 0.013185507907542578, 0.024546700121654497, 0.014261161800486618]], [[0.8982025185185185, 0.02791454320987654, 0.013227333333333334, 0.013487283950617285, 0.031934493827160494, 0.015233827160493827], [0.09302090469774545, 0.06460127718679914, 0.014729394173478249, 0.018679884028463926, 0.7920984164567231, 0.01687012345679012], [0.8351590980306973, 0.07912456115041992, 0.014761251245649275, 0.02110543745210218, 0.033822606874585416, 0.01602704524654568], [0.064691396011396, 0.02490520417853751, 0.013607350427350428, 0.013807312440645775, 0.027997473884140547, 0.8549912630579296], [0.367646349577358, 0.520945335624578, 0.015325934643606674, 0.027114019191732064, 0.052245433954083896, 0.016722927008641295], [0.19190991659889614, 0.6483154460166504, 0.022031841688131562, 0.03201295489069414, 0.08754480679202224, 0.018185034013605442], [0.37530812576835776, 0.5177809072584068, 0.014744923591576855, 0.025247035279906745, 0.05092949131223479, 0.015989516789516788], [0.11785232397632163, 0.15333059820247394, 0.013805003341543623, 0.016302971165539252, 0.6835504772407414, 0.015158626073380171], [0.7878286958675519, 0.1241272981041326, 0.014697313780809148, 0.020260662415659582, 0.03716792775848135, 0.015918102073365227], [0.8188900445387862, 0.0882292510579249, 0.014778119422937823, 0.023453595787155765, 0.038609678656637024, 0.016039310536558243], [0.766223836903176, 0.12594081592684347, 0.01476137061711479, 0.027616328824563392, 0.04944346040047859, 0.01601418732782369], [0.749623942105473, 0.1418252651136464, 0.014744923591576857, 0.028446903614229094, 0.0493694487855579, 0.01598951678951679], [0.5190058829273795, 0.07403406516912878, 0.05200654139097176, 0.017084127293155928, 0.3220841271498976, 0.015785256069466597], [0.9110821105527639, 0.022908860971524288, 0.012945175879396986, 0.013121524288107204, 0.025635963149078726, 0.014306365159128979], [0.7851739174051153, 0.07251913873053627, 0.04101246380661074, 0.023087212042986777, 0.06255171739577643, 0.01565555061897444], [0.12895560993789087, 0.15209999904905633, 0.013805003341543623, 0.019748648795108542, 0.6702321128030204, 0.015158626073380171], [0.771096620728574, 0.12756743778255553, 0.01476137061711479, 0.022718678855484856, 0.047841704688447194, 0.01601418732782369], [0.8117465418343549, 0.09242832317856915, 0.01469731378080915, 0.02395646442067212, 0.04125325471222936, 0.01591810207336523], [0.06486131280425679, 0.04627268112945004, 0.013846621168849669, 0.020081528795177266, 0.8397476809899154, 0.015190175112350844], [0.8614396777676224, 0.05361556052699072, 0.014795178391831657, 0.02023775793222879, 0.03384692639142735, 0.016064898989898987], [0.8089697579351375, 0.09630325154061761, 0.014866694838348102, 0.024317025074010023, 0.039371096952213115, 0.016172173659673657], [0.7396009377148605, 0.14295607379396838, 0.014681995841692583, 0.026670284866383204, 0.06019558261840492, 0.01589512516469038], [0.7347569173771467, 0.14427932980114166, 0.014830261931632175, 0.02723818056971882, 0.0627777860207609, 0.01611752429959977], [0.7445983761659626, 0.14231490216902537, 0.014848304894958158, 0.02637211833007167, 0.05572170969539343, 0.016144588744588743], [0.8067981998308444, 0.0964880404337903, 0.014866694838348102, 0.029130878633191568, 0.03654401260415201, 0.01617217365967366], [0.8646656053728702, 0.055697520827636356, 0.013838561467728005, 0.023813100043163407, 0.02711355255674812, 0.014871659731853906], [0.6131298494887191, 0.09367592779778686, 0.01382383165870208, 0.23144353557402372, 0.03307729046245317, 0.014849565018315017], [0.559934396073014, 0.339244530066361, 0.013678711018472744, 0.02933243030962949, 0.04317804847455172, 0.014631884057971013], [0.06592400887983656, 0.30792657325624095, 0.013119529333641298, 0.016844736050718963, 0.5820334858128955, 0.014151666666666667], [0.8252952828902818, 0.08991347268978202, 0.013690746542064333, 0.021539045665604946, 0.034911514868908554, 0.014649937343358396], [0.08845660899048356, 0.11481832397452414, 0.013119529333641298, 0.01954764355943498, 0.7499062274752494, 0.014151666666666667], [0.05731560125958226, 0.07588920701245652, 0.013119529333641298, 0.01537086845490015, 0.824153127272753, 0.014151666666666667], [0.8154056539195249, 0.0990592894011265, 0.014795178391831657, 0.02037574323980912, 0.03429923605780887, 0.01606489898989899], [0.504214692474826, 0.3971688653578548, 0.014778119422937823, 0.022406941182774073, 0.045392071025049, 0.016039310536558243], [0.721809488857429, 0.16918167407345427, 0.014681995841692583, 0.027473770603519965, 0.05095794545921352, 0.01589512516469038], [0.11075353115730505, 0.15232149153060592, 0.013744072980206266, 0.0247761139025634, 0.6832923535606324, 0.015112436868686867], [0.5734162823269124, 0.27266469149619965, 0.02071927714033539, 0.030913480688062885, 0.08499414713636817, 0.01729212121212121], [0.11181885005144844, 0.14367443605270486, 0.01376807267053071, 0.022554913456339556, 0.6930530975630986, 0.01513063020587773], [0.10500252455114138, 0.11120488425542378, 0.08153334446164148, 0.026525471091674767, 0.6606355967010845, 0.015098178939034045], [0.912910310218978, 0.022070909367396592, 0.013025410583941606, 0.013185507907542578, 0.024546700121654497, 0.014261161800486618]], [[0.8982025185185185, 0.02791454320987654, 0.013227333333333334, 0.013487283950617285, 0.031934493827160494, 0.015233827160493827], [0.708669046411633, 0.117782850865935, 0.07292177111168513, 0.03369937263270641, 0.0490160257272818, 0.017910933250758727], [0.753587090635823, 0.12822155430437895, 0.01484830489495816, 0.027350954783826258, 0.05984750663642508, 0.016144588744588746], [0.0545506734788667, 0.022119290911905863, 0.012909939619136088, 0.013072936987149713, 0.02463992878154513, 0.8727072302213965], [0.7532288987255173, 0.13826379243864928, 0.015441974882095892, 0.02662084817815289, 0.049547498409209585, 0.01689698736637512], [0.7179275322160314, 0.174406304073923, 0.014744923591576855, 0.02524703527990675, 0.05168468804904509, 0.015989516789516788], [0.42437233196517704, 0.4680636398008363, 0.01476137061711479, 0.02441646049024105, 0.052372009798807025, 0.01601418732782369], [0.06220740700545952, 0.03965933321508034, 0.013945516956253713, 0.018795133990148996, 0.850127464236406, 0.015265144596651445], [0.07328101238099217, 0.08713558984196075, 0.013970310060998015, 0.02464643076532242, 0.7856827175567872, 0.015283939393939395], [0.7361879325284201, 0.1538736388638607, 0.014637599780863216, 0.02640278177039901, 0.0530695159830107, 0.01582853107344633], [0.11343869300164883, 0.45446314594066606, 0.013887624427409154, 0.024227845239511665, 0.3787614331228056, 0.015221258267958775], [0.27117261666488846, 0.5658707747947844, 0.02071927714033539, 0.029611541629891144, 0.09533366855797921, 0.01729212121212121], [0.14009364791013532, 0.4672133418056272, 0.01376807267053071, 0.019750950107287474, 0.34404335730054153, 0.01513063020587773], [0.43972370152123746, 0.104865252089708, 0.041309552971058136, 0.023365882215376752, 0.3749600422349344, 0.015775568967685148], [0.9110821105527639, 0.022908860971524288, 0.012945175879396986, 0.013121524288107204, 0.025635963149078726, 0.014306365159128979], [0.09098264628502016, 0.12510544460712053, 0.056926061938845286, 0.016282528730988354, 0.6955726882321479, 0.01513063020587773], [0.8205904983164692, 0.0913654956552153, 0.01469731378080915, 0.02026066241565959, 0.03716792775848136, 0.01591810207336523], [0.06238405380190571, 0.04405288387942502, 0.01392300877312959, 0.016368291351869006, 0.8480236802740619, 0.015248081919608743], [0.062012827882707434, 0.033383034810514196, 0.013970310060998015, 0.016394474290193774, 0.8589554135616473, 0.015283939393939395], [0.8690796950660035, 0.04724682962926155, 0.014812556219957147, 0.018844826734698478, 0.03392512661799206, 0.016090965732087226], [0.8557191880237734, 0.05475797673147589, 0.014795178391831657, 0.02481583147159265, 0.03384692639142735, 0.016064898989898987], [0.09014249168483844, 0.12491646560615481, 0.01376807267053071, 0.01868583731353753, 0.7373565025190607, 0.01513063020587773], [0.7484540859311292, 0.14113516950616362, 0.01476137061711479, 0.026201380153752084, 0.053433806464016534, 0.01601418732782369], [0.8089697579351375, 0.09630325154061761, 0.014866694838348102, 0.024317025074010023, 0.039371096952213115, 0.016172173659673657], [0.8582228467677102, 0.057627258289801926, 0.014885441868017461, 0.02128327379806783, 0.03178088507222488, 0.0162002942041777], [0.8893853680829408, 0.035096347538055093, 0.013853580096538753, 0.01996729433065745, 0.02680322227673774, 0.014894187675070027], [0.8672552041588295, 0.05305662130933417, 0.013838561467728005, 0.023864400775506223, 0.02711355255674812, 0.014871659731853906], [0.8261240926144985, 0.08546333299585837, 0.013690746542064331, 0.02471029167289055, 0.035361598831329694, 0.014649937343358396], [0.08494139545532557, 0.1307077847206128, 0.013119529333641298, 0.01957678303340278, 0.7375028407903509, 0.014151666666666667], [0.785966234849725, 0.11776988962919621, 0.013741076913447335, 0.02179886733283505, 0.04599849837436336, 0.0147254329004329], [0.778956615469435, 0.11991476884075972, 0.013666883003908597, 0.024356275960379738, 0.04849131468939213, 0.014614142036124794], [0.09393527962540422, 0.10970785549563462, 0.013119529333641298, 0.01954764355943498, 0.7495380253192182, 0.014151666666666667], [0.49033208873802075, 0.4050025184724018, 0.01469731378080915, 0.023802602953825983, 0.05024737398157689, 0.01591810207336523], [0.4253200346958718, 0.4542986082163904, 0.01476137061711479, 0.027004865890888845, 0.0626009332519102, 0.01601418732782369], [0.08852611716146372, 0.4298933906237286, 0.013781318031136235, 0.023981490995079305, 0.4286770121318345, 0.015140671056757603], [0.7416779088988676, 0.1504183797906142, 0.014637599780863214, 0.025419556010745685, 0.05201802444546271, 0.015828531073446325], [0.7497602946696817, 0.14264416584486336, 0.014830261931632175, 0.028041666306855582, 0.048606086947367386, 0.01611752429959977], [0.7540716203195506, 0.13981704843250514, 0.01476137061711479, 0.027004865890888845, 0.04833090741211693, 0.01601418732782369], [0.783259396068868, 0.08578242222238154, 0.057850210687863675, 0.02050068636339681, 0.0367733336827747, 0.015833950974715308], [0.912910310218978, 0.022070909367396592, 0.013025410583941606, 0.013185507907542578, 0.024546700121654497, 0.014261161800486618]], [[0.8982025185185185, 0.02791454320987654, 0.013227333333333334, 0.013487283950617285, 0.031934493827160494, 0.015233827160493827], [0.6095429126682249, 0.13552124786829078, 0.1087043647295499, 0.06835731588617586, 0.05979885606373272, 0.01807530278402592], [0.7141762835313706, 0.1636133633704943, 0.014830261931632175, 0.03762693195565522, 0.05363563491124763, 0.01611752429959977], [0.7901215035912885, 0.10549133715310918, 0.01484830489495816, 0.027350954783826258, 0.04604331083222928, 0.016144588744588746], [0.8107188405444238, 0.09540629250652227, 0.014778119422937823, 0.022268955875193744, 0.04078848111436397, 0.01603931053655824], [0.1157133932937065, 0.12117529354987158, 0.013662575472716444, 0.023437641446055375, 0.7109604398175412, 0.015050656420108869], [0.8008805795275787, 0.10878104998834594, 0.014778119422937823, 0.020583884984174284, 0.038937055540404886, 0.016039310536558243], [0.849187617571095, 0.06406578600464813, 0.01471290283389238, 0.019949793479441327, 0.03614241445793312, 0.015941485652990077], [0.07117344070738275, 0.07807729222659539, 0.013970310060998015, 0.022469758381102864, 0.7990252592299815, 0.015283939393939393], [0.11923722156131797, 0.1552632098198787, 0.013970310060998015, 0.021423202188801185, 0.6748221169750648, 0.015283939393939393], [0.12354545034221955, 0.44934641868595787, 0.013910423774906082, 0.019742079585274235, 0.37821708594497555, 0.015238541666666666], [0.40249992985855776, 0.46873289356798736, 0.014744923591576855, 0.023549253645150557, 0.0744834825472107, 0.015989516789516788], [0.6871610075341694, 0.20608555769886713, 0.01476137061711479, 0.022718678855484852, 0.05325919796654003, 0.01601418732782369], [0.7023090331341106, 0.18364073493249014, 0.014744923591576855, 0.023549253645150557, 0.05976653790715499, 0.015989516789516788], [0.6999749602122015, 0.05060679487179487, 0.10922423076923077, 0.0338088141025641, 0.08867237953138814, 0.017712820512820512], [0.9132954502369669, 0.022174707740916275, 0.012777677725118484, 0.012943996840442338, 0.024746714060031597, 0.014061453396524487], [0.7970661876940498, 0.07571659554457415, 0.041760456901781005, 0.023690533045497217, 0.04588244090303904, 0.015883785911058636], [0.8089529385078568, 0.10300305546382772, 0.014697313780809148, 0.020260662415659582, 0.03716792775848135, 0.015918102073365227], [0.06266175419564207, 0.04421215493356067, 0.013887624427409154, 0.016348704863140887, 0.8476685033122884, 0.015221258267958775], [0.8402615816701715, 0.06731903447240016, 0.014795178391831657, 0.027712380084270294, 0.033846926391427355, 0.01606489898989899], [0.7935390861291004, 0.09928512713059284, 0.014778119422937823, 0.03774867812417359, 0.038609678656637024, 0.016039310536558243], [0.110690397669283, 0.4458739675934992, 0.013725264671826904, 0.022285434654405186, 0.3923267564719517, 0.015098178939034045], [0.796179958316761, 0.1087632713686149, 0.014778119422937823, 0.022998549574382465, 0.041240790780745495, 0.016039310536558243], [0.8522461151659786, 0.06360398989153353, 0.014885441868017461, 0.02128327379806783, 0.03178088507222488, 0.0162002942041777], [0.8764189246284229, 0.04194080595752467, 0.014904556486503868, 0.019120827534338636, 0.03138591926130257, 0.016228966131907305], [0.8757884221252054, 0.04796919817618551, 0.013767640165010586, 0.018617204853256616, 0.02909225690256411, 0.014765277777777776], [0.8331980689320522, 0.08023781345379007, 0.013690746542064333, 0.023311918859826454, 0.034911514868908554, 0.014649937343358396], [0.08998827540464455, 0.34139076117683625, 0.013119529333641298, 0.023596421931090458, 0.5177533454871208, 0.014151666666666667], [0.5721666087194942, 0.33082985423418565, 0.013666883003908597, 0.023495657558437206, 0.04522685444784952, 0.014614142036124794], [0.7773778942