{"prediction": [[[0.9185821054562127, 0.017227512456059912, 0.012227970961332721, 0.01243484854042488, 0.025922117377349833, 0.013605445208619898], [0.9185535798627001, 0.017231489549961863, 0.012241100533943554, 0.012447599389778794, 0.02591017757437071, 0.01361605308924485], [0.9185821054562127, 0.017227512456059912, 0.012227970961332721, 0.01243484854042488, 0.025922117377349833, 0.013605445208619898], [0.9185821054562127, 0.017227512456059912, 0.012227970961332721, 0.01243484854042488, 0.025922117377349833, 0.013605445208619898], [0.9185821054562127, 0.017227512456059912, 0.012227970961332721, 0.01243484854042488, 0.025922117377349833, 0.013605445208619898], [0.9185821054562127, 0.017227512456059912, 0.012227970961332721, 0.01243484854042488, 0.025922117377349833, 0.013605445208619898], [0.9185821054562127, 0.017227512456059912, 0.012227970961332721, 0.01243484854042488, 0.025922117377349833, 0.013605445208619898], [0.9185821054562127, 0.017227512456059912, 0.012227970961332721, 0.01243484854042488, 0.025922117377349833, 0.013605445208619898], [0.9185821054562127, 0.017227512456059912, 0.012227970961332721, 0.01243484854042488, 0.025922117377349833, 0.013605445208619898], [0.9185821054562127, 0.017227512456059912, 0.012227970961332721, 0.01243484854042488, 0.025922117377349833, 0.013605445208619898], [0.9185821054562127, 0.017227512456059912, 0.012227970961332721, 0.01243484854042488, 0.025922117377349833, 0.013605445208619898], [0.9185821054562127, 0.017227512456059912, 0.012227970961332721, 0.01243484854042488, 0.025922117377349833, 0.013605445208619898], [0.9185821054562127, 0.017227512456059912, 0.012227970961332721, 0.01243484854042488, 0.025922117377349833, 0.013605445208619898], [0.9186394716981131, 0.017219514342690596, 0.01220156680472465, 0.012409206013192207, 0.025946128854118726, 0.013584112287160607], [0.9188399310184104, 0.017191565913151557, 0.012109300706905926, 0.012319601336129884, 0.026030034024702865, 0.013509567000699137], [0.9107998006684898, 0.019091160538843313, 0.012464603261420034, 0.012738805631520307, 0.030615276815557584, 0.014290353084168945], [0.9109323683559951, 0.01908591141326741, 0.01234672723526988, 0.012625590028842192, 0.030805894932014834, 0.01420350803461063], [0.9109717838509318, 0.019084350724637683, 0.012311679917184265, 0.012591928364389235, 0.030862570186335404, 0.014177686956521739], [0.9109717838509318, 0.019084350724637683, 0.012311679917184265, 0.012591928364389235, 0.030862570186335404, 0.014177686956521739], [0.9109717838509318, 0.019084350724637683, 0.012311679917184265, 0.012591928364389235, 0.030862570186335404, 0.014177686956521739], [0.9109717838509318, 0.019084350724637683, 0.012311679917184265, 0.012591928364389235, 0.030862570186335404, 0.014177686956521739], [0.9109717838509318, 0.019084350724637683, 0.012311679917184265, 0.012591928364389235, 0.030862570186335404, 0.014177686956521739], [0.9109717838509318, 0.019084350724637683, 0.012311679917184265, 0.012591928364389235, 0.030862570186335404, 0.014177686956521739], [0.9109323683559951, 0.01908591141326741, 0.01234672723526988, 0.012625590028842192, 0.030805894932014834, 0.01420350803461063], [0.9107998006684898, 0.019091160538843313, 0.012464603261420034, 0.012738805631520307, 0.030615276815557584, 0.014290353084168945], [0.9188399310184104, 0.017191565913151557, 0.012109300706905926, 0.012319601336129884, 0.026030034024702865, 0.013509567000699137], [0.9186394716981131, 0.017219514342690596, 0.01220156680472465, 0.012409206013192207, 0.025946128854118726, 0.013584112287160607], [0.9185821054562127, 0.017227512456059912, 0.012227970961332721, 0.01243484854042488, 0.025922117377349833, 0.013605445208619898], [0.9185821054562127, 0.017227512456059912, 0.012227970961332721, 0.01243484854042488, 0.025922117377349833, 0.013605445208619898], [0.9185821054562127, 0.017227512456059912, 0.012227970961332721, 0.01243484854042488, 0.025922117377349833, 0.013605445208619898], [0.9185535798627001, 0.017231489549961863, 0.012241100533943554, 0.012447599389778794, 0.02591017757437071, 0.01361605308924485], [0.9185535798627001, 0.017231489549961863, 0.012241100533943554, 0.012447599389778794, 0.02591017757437071, 0.01361605308924485], [0.9185535798627001, 0.017231489549961863, 0.012241100533943554, 0.012447599389778794, 0.02591017757437071, 0.01361605308924485], [0.9185821054562127, 0.017227512456059912, 0.012227970961332721, 0.01243484854042488, 0.025922117377349833, 0.013605445208619898], [0.9185821054562127, 0.017227512456059912, 0.012227970961332721, 0.01243484854042488, 0.025922117377349833, 0.013605445208619898], [0.9185821054562127, 0.017227512456059912, 0.012227970961332721, 0.01243484854042488, 0.025922117377349833, 0.013605445208619898], [0.9185821054562127, 0.017227512456059912, 0.012227970961332721, 0.01243484854042488, 0.025922117377349833, 0.013605445208619898], [0.9185821054562127, 0.017227512456059912, 0.012227970961332721, 0.01243484854042488, 0.025922117377349833, 0.013605445208619898], [0.9185535798627001, 0.017231489549961863, 0.012241100533943554, 0.012447599389778794, 0.02591017757437071, 0.01361605308924485], [0.9185821054562127, 0.017227512456059912, 0.012227970961332721, 0.01243484854042488, 0.025922117377349833, 0.013605445208619898]], [[0.9185535798627001, 0.017231489549961863, 0.012241100533943554, 0.012447599389778794, 0.02591017757437071, 0.01361605308924485], [0.8996309597027534, 0.027871657247259173, 0.01253903371750418, 0.013600348527184322, 0.031871893110510786, 0.014486107694787987], [0.06462816921245482, 0.02618855907395433, 0.013063880577340512, 0.015409112071480924, 0.8656462094370423, 0.015064069627726995], [0.06462816921245482, 0.02618855907395433, 0.013063880577340512, 0.015409112071480924, 0.8656462094370423, 0.015064069627726995], [0.06894446900208089, 0.02746765509955073, 0.013305964968636555, 0.015836498704289294, 0.8589812185777469, 0.015464193647695548], [0.06462816921245482, 0.02618855907395433, 0.013063880577340512, 0.015409112071480924, 0.8656462094370423, 0.015064069627726995], [0.9028728040517926, 0.02644121473977256, 0.012393004335148608, 0.013361467144708716, 0.03076168449585811, 0.014169825232719348], [0.06573077811965017, 0.026354056060286082, 0.012909413530937188, 0.015311818976177132, 0.8647355685044246, 0.014958364808524843], [0.9006713239271747, 0.028389305084030217, 0.013177990327588252, 0.014116959500436841, 0.029301545846886302, 0.014342875313883367], [0.8993664696888453, 0.029085567872899516, 0.013483900365350958, 0.014411115808279112, 0.02930668540589037, 0.014346260858734614], [0.8771193349860165, 0.0449977002035968, 0.019084329946414423, 0.014753317212526174, 0.029665901113246934, 0.01437941653819925], [0.8394750896818252, 0.055290894704332565, 0.03640641197544026, 0.01748688939307265, 0.03695771844805733, 0.014382995797272004], [0.5704661931932035, 0.2830691107615386, 0.0630986715620315, 0.025497667780607143, 0.04351183232675775, 0.014356524375861343], [0.83057632865146, 0.06418965573469759, 0.036406411975440256, 0.01748688939307265, 0.036957718448057314, 0.014382995797272004], [0.8721056746867458, 0.049493667863984854, 0.019048627049504614, 0.014706811780641763, 0.03029555449501526, 0.014349664124107743], [0.08233346548348933, 0.031041527680360434, 0.013528597900145968, 0.0166579602297318, 0.8402408962564504, 0.016197552449821975], [0.07089515927295538, 0.0367266373585003, 0.020699804252498795, 0.015311818976177134, 0.8414082153313437, 0.014958364808524843], [0.8230669888557928, 0.056171808297778104, 0.04177443423772443, 0.01488582158391391, 0.04985309727169009, 0.014247849753100809], [0.5651974214448845, 0.06053530406475133, 0.07343669702491627, 0.022425991016751492, 0.26411540709006553, 0.01428917935863083], [0.08751798759635634, 0.05142125905394526, 0.030713725184946236, 0.02969693968598003, 0.7857084451203797, 0.014941643358392228], [0.800567968256279, 0.06227354103328037, 0.05244595280862627, 0.021502898248080174, 0.048853115277872956, 0.014356524375861345], [0.8406984281361963, 0.06535524986930431, 0.028214933379149418, 0.018040807417475817, 0.033337495948377836, 0.01435308524949619], [0.07013402989802023, 0.04002292220627724, 0.015549372545722412, 0.015372244746506152, 0.8438974157597864, 0.015024014843687521], [0.07007551313919899, 0.03999913567547416, 0.015553813869199087, 0.015376890369635904, 0.8439655848304211, 0.015029062116070812], [0.8349655213273817, 0.05932589568276877, 0.038151823525210155, 0.014952966114130295, 0.03827930978366724, 0.014324483566841874], [0.8911800395148396, 0.04013455524167744, 0.014804943316431826, 0.013941555259722842, 0.026307398076829046, 0.013631508590499188], [0.9070599364044768, 0.027219480305974743, 0.012912650092138812, 0.013690674310484445, 0.025488702449726577, 0.013628556437198671], [0.9081641711046392, 0.0266301871444872, 0.012653161812669112, 0.013441129328600846, 0.025485730605179596, 0.013625620004423957], [0.9090955760079229, 0.02524881654975561, 0.01263525953160544, 0.013413873437743643, 0.0260052666699987, 0.013601207802973494], [0.055298880352642805, 0.02342390951673253, 0.012540637214986347, 0.014485354791721375, 0.8800519801214183, 0.014199238002498477], [0.05947938319894261, 0.027604412363032342, 0.01463088863813625, 0.014485354791721375, 0.8696007230056688, 0.014199238002498477], [0.9185713961053837, 0.017229005574646815, 0.012232900190912561, 0.012439635586101566, 0.025917634822451317, 0.01360942772050401], [0.87016080421995, 0.046660276885693484, 0.021702860610363355, 0.014733026021314499, 0.032385539669727494, 0.014357492592951212], [0.8959769682673073, 0.032475069294437546, 0.013483900365350958, 0.014411115808279112, 0.02930668540589037, 0.014346260858734614], [0.06623580555886908, 0.02642985856710437, 0.012838663062317072, 0.015267255865490912, 0.8643184680663211, 0.014909948879897387], [0.8985799001183197, 0.031086159685543145, 0.012873669001994796, 0.013824330862982072, 0.029296432979650823, 0.014339507351509451], [0.8974831741867596, 0.03273778629283536, 0.012888311734679997, 0.013850488321971022, 0.028671446646874064, 0.014368792816879854], [0.896158595082226, 0.03344466990013015, 0.013199579577292042, 0.014149828732660517, 0.02867501150784816, 0.01437231519984308], [0.8952079695368058, 0.03501299094278912, 0.012888311734679995, 0.01385048832197102, 0.028671446646874058, 0.014368792816879854], [0.9185535798627001, 0.017231489549961863, 0.012241100533943554, 0.012447599389778794, 0.02591017757437071, 0.01361605308924485]], [[0.9185821054562127, 0.017227512456059912, 0.012227970961332721, 0.01243484854042488, 0.025922117377349833, 0.013605445208619898], [0.06531105678476831, 0.026291057643015203, 0.012968213268984449, 0.015348854762455667, 0.8650822149221545, 0.01499860261862183], [0.06462816921245482, 0.030036363841070612, 0.013063880577340512, 0.015409112071480924, 0.861798404669926, 0.015064069627726995], [0.8968651819349999, 0.03203028718320804, 0.012846429187113517, 0.013432955109910752, 0.030596770649758555, 0.014228375935009238], [0.06462816921245483, 0.030777422536959677, 0.013063880577340514, 0.015409112071480924, 0.8610573459740369, 0.015064069627726996], [0.06462816921245483, 0.030777422536959677, 0.013063880577340514, 0.015409112071480924, 0.8610573459740369, 0.015064069627726996], [0.06462816921245482, 0.030036363841070612, 0.013063880577340512, 0.015409112071480924, 0.861798404669926, 0.015064069627726995], [0.8980104804796757, 0.030729400609703014, 0.012938517628755194, 0.014091044453271088, 0.029910892766742303, 0.014319664061852637], [0.8963872292865595, 0.03209683073308073, 0.012960200537070494, 0.01442747844222158, 0.029769787249893417, 0.014358473751174283], [0.06865915304676991, 0.03339123509258672, 0.012923077923503636, 0.016251254273622763, 0.8538075640440626, 0.014967715619454263], [0.8552453131517074, 0.06425005243553795, 0.012972134437366301, 0.017038119732137112, 0.03611454630569664, 0.01437983393755431], [0.7973977662821493, 0.10636324505755608, 0.012978248232535228, 0.02304408057440569, 0.04582588298841917, 0.014390776864934344], [0.11329989077725569, 0.11719683987085705, 0.012838663062317072, 0.019725950846857958, 0.7220287065628147, 0.014909948879897387], [0.5920505720082597, 0.3117104393314458, 0.012978248232535228, 0.02304408057440569, 0.04582588298841917, 0.014390776864934344], [0.8476618940069277, 0.07014760325152862, 0.01298954444348805, 0.01737919849576857, 0.03741076413500307, 0.014410995667283913], [0.8628102180762176, 0.055018978947449865, 0.013628990448522085, 0.0164018391373764, 0.03671095823538652, 0.015429015155047753], [0.8468051896131868, 0.06567941873566667, 0.012814551093042687, 0.01692559835130629, 0.04354419043290781, 0.014231051773889562], [0.10532458214710735, 0.10956363176933578, 0.013063880577340514, 0.019415740530055264, 0.7375680953484339, 0.015064069627726996], [0.10064178491504559, 0.10953088747866806, 0.013012723903801164, 0.01927404051036093, 0.7425115010760535, 0.015029062116070814], [0.5451906706733756, 0.22354406673767496, 0.01693084272621788, 0.032726414844713905, 0.16572857923562842, 0.015879425782389316], [0.8038179618292088, 0.09767836233999888, 0.013002460887372932, 0.020430767615315593, 0.05063633284451425, 0.014434114483589524], [0.8063117964508931, 0.09913614311347556, 0.012978248232535228, 0.019748267067857567, 0.047434768270304226, 0.014390776864934344], [0.07935932316070408, 0.05902456356776061, 0.01299202918837724, 0.01739394833897178, 0.8162152354263971, 0.015014900317789164], [0.8483653914854575, 0.06170145182061246, 0.01294716425180979, 0.016975426119060305, 0.0456754258892395, 0.01433514043382039], [0.11610672114705871, 0.10659393598726756, 0.012909413530937188, 0.019722436140117344, 0.7297091283860944, 0.014958364808524843], [0.8712705019056945, 0.05514216367613901, 0.012464559296260103, 0.015836163800652597, 0.031654756614021694, 0.013631854707231944], [0.895604312967295, 0.03668408268025918, 0.012459571435989795, 0.014251663017439091, 0.02737744283676024, 0.013622927062256669], [0.907945380021881, 0.026479907490729662, 0.012468636343669539, 0.013704870221692369, 0.025762053810729067, 0.013639152111298273], [0.9055431104330673, 0.02832317842572349, 0.01245466344345314, 0.013671362579223585, 0.026393542748014087, 0.013614142370518332], [0.8929881187635856, 0.039238699007477146, 0.01244599834545277, 0.014213689323060781, 0.027514861629711215, 0.013598632930712295], [0.8650946025797841, 0.06042622239483885, 0.012464559296260103, 0.015836163800652597, 0.03254659722123233, 0.013631854707231944], [0.7993336220803616, 0.051851068122221, 0.08224808464247324, 0.018526581201566562, 0.03365404963192562, 0.01438659432145197], [0.9188214953445067, 0.01719413625077592, 0.012117786157666045, 0.012327842023587835, 0.026022317504655494, 0.013516422718808194], [0.8632349540322292, 0.05227783327146889, 0.02302539814397825, 0.014753317212526174, 0.03232908080159824, 0.01437941653819925], [0.8963872292865595, 0.03209683073308073, 0.012960200537070494, 0.01442747844222158, 0.029769787249893417, 0.014358473751174283], [0.9003581503167463, 0.02914009349740685, 0.01297095674170168, 0.014155869828448603, 0.028997203605833223, 0.014377726009863303], [0.9003581503167463, 0.02914009349740685, 0.01297095674170168, 0.014155869828448603, 0.028997203605833223, 0.014377726009863303], [0.8992842454726117, 0.029873938781726617, 0.012977051151290268, 0.014467886972155328, 0.029008243382732765, 0.014388634239483273], [0.8938930847591036, 0.035710180223252536, 0.013199579577292042, 0.014149828732660519, 0.028675011507848167, 0.01437231519984308], [0.9185821054562127, 0.017227512456059912, 0.012227970961332721, 0.01243484854042488, 0.025922117377349833, 0.013605445208619898]], [[0.9185821054562127, 0.017227512456059912, 0.012227970961332721, 0.01243484854042488, 0.025922117377349833, 0.013605445208619898], [0.903260755180725, 0.02700759931703965, 0.01257092404440594, 0.01353321802603985, 0.029291346596791036, 0.014336156834998448], [0.9000495711013892, 0.029342073449799687, 0.012927628156935302, 0.013509112930589763, 0.029871441089693695, 0.014300173271592333], [0.8984876458844212, 0.03066474768343272, 0.01294864279491479, 0.013822794121483102, 0.029738382675010493, 0.014337786840737733], [0.06462816921245483, 0.030777422536959677, 0.013063880577340514, 0.015409112071480924, 0.8610573459740369, 0.015064069627726996], [0.06462816921245483, 0.030777422536959677, 0.013063880577340514, 0.015409112071480924, 0.8610573459740369, 0.015064069627726996], [0.06462816921245483, 0.030777422536959677, 0.013063880577340514, 0.015409112071480924, 0.8610573459740369, 0.015064069627726996], [0.8969669850321127, 0.03143935903932055, 0.012944090266944699, 0.014388845290686077, 0.02993108198489698, 0.014329638386038845], [0.8849081931841807, 0.04159874723996141, 0.012949750865111236, 0.015081497192798698, 0.031122041370383997, 0.014339770147563796], [0.07700165957452068, 0.0591718325612761, 0.012968213268984449, 0.017386492630127075, 0.8184731993464699, 0.01499860261862183], [0.8048990186807922, 0.09886199265891323, 0.012978248232535228, 0.023044080574405684, 0.045825882988419164, 0.014390776864934344], [0.7989499345727518, 0.10445169457704004, 0.012984463163234839, 0.02336923674227164, 0.04584277013245809, 0.014401900812243445], [0.33115147676378043, 0.4302645373499593, 0.01693084272621788, 0.029628932007185305, 0.1761447853704679, 0.015879425782389316], [0.7868954650816643, 0.11481249233084907, 0.013002460887372932, 0.02372658112186371, 0.04712888609466044, 0.014434114483589524], [0.7948972224544067, 0.10886378888529873, 0.012978248232535228, 0.02304408057440569, 0.04582588298841917, 0.014390776864934344], [0.8209248797613021, 0.08771195774720522, 0.013594092721470198, 0.018849447864371247, 0.04350605363972031, 0.015413568265930893], [0.07008513433969864, 0.03519266749079027, 0.012992029188377238, 0.016284774825211134, 0.8504304938381334, 0.015014900317789162], [0.08355367363562949, 0.06135940343925724, 0.013049348193343588, 0.017552906256106404, 0.809430543642368, 0.015054124833295178], [0.7998850977838506, 0.09985249200513406, 0.012961344405271295, 0.023327928666940362, 0.04961261600686028, 0.014360521131943162], [0.7998402767088344, 0.09964280987625444, 0.012984463163234839, 0.02336923674227164, 0.04976131269716105, 0.014401900812243445], [0.7923578773534554, 0.10633855417910384, 0.012995948439100381, 0.020904596667117786, 0.052980565344123, 0.014422458017099616], [0.8523147833693311, 0.062183630979649254, 0.01298954444348805, 0.01737919849576857, 0.04072184704447916, 0.014410995667283915], [0.849686066030527, 0.066307045578566, 0.012972134437366303, 0.017038119732137112, 0.039616800283849174, 0.014379833937554312], [0.797186879813913, 0.09689417982244428, 0.012995948439100381, 0.020097348031514715, 0.058403185875928104, 0.014422458017099616], [0.7971058721975552, 0.09990621539833432, 0.012984463163234839, 0.020073423235723524, 0.05552812519290857, 0.014401900812243445], [0.8280024852028854, 0.08490429314499627, 0.012469628989787276, 0.018083477625528952, 0.042899186213317585, 0.013640928823484456], [0.059479383198942616, 0.04584120150684236, 0.023192558467358265, 0.014485354791721375, 0.8428022640326368, 0.014199238002498477], [0.8894730513579121, 0.04100171613929441, 0.014747024265996935, 0.013866111789081962, 0.027328853732577783, 0.013583242715136779], [0.059861474418222434, 0.029144313096927554, 0.012540637214986347, 0.015240438713422639, 0.8690138985539425, 0.014199238002498477], [0.06695678090652797, 0.05607873049017194, 0.012540637214986347, 0.01614987680696339, 0.8340747365788519, 0.014199238002498477], [0.6477386438727333, 0.2622080368600562, 0.013586580154063086, 0.017641833024522824, 0.04520906598490707, 0.013615840103717575], [0.7785913252426172, 0.10936464488849726, 0.023616741776253364, 0.01961431836779183, 0.05437885524125095, 0.014434114483589524], [0.5863839999692033, 0.0506955588844746, 0.2939883809721571, 0.018526581201566562, 0.036018884651146436, 0.01438659432145197], [0.9187299569544085, 0.017206898711717968, 0.012159918845946154, 0.012368759392116022, 0.025984002777134918, 0.013550463318676232], [0.8679879680268112, 0.05000262862151512, 0.020547588799349807, 0.014753317212526172, 0.03232908080159824, 0.01437941653819925], [0.8992842454726117, 0.029873938781726617, 0.012977051151290268, 0.014467886972155328, 0.029008243382732765, 0.014388634239483273], [0.8992842454726117, 0.029873938781726617, 0.012977051151290268, 0.014467886972155328, 0.029008243382732765, 0.014388634239483273], [0.8802471365704775, 0.04592925496370317, 0.0129832462137926, 0.015175207768916316, 0.031265431857901996, 0.014399722625208448], [0.8852049781151788, 0.04160896303972297, 0.01351250937884932, 0.014450767417906872, 0.030846925658402122, 0.014375856389939816], [0.9185821054562127, 0.017227512456059912, 0.012227970961332721, 0.01243484854042488, 0.025922117377349833, 0.013605445208619898]], [[0.9185821054562127, 0.017227512456059912, 0.012227970961332721, 0.01243484854042488, 0.025922117377349833, 0.013605445208619898], [0.903260755180725, 0.02700759931703965, 0.01257092404440594, 0.01353321802603985, 0.029291346596791036, 0.014336156834998448], [0.06588332536651635, 0.027368679582099473, 0.012888042832309042, 0.015298358361329173, 0.8636178534360226, 0.014943740421723181], [0.8980104804796757, 0.030729400609703014, 0.012938517628755194, 0.014091044453271088, 0.029910892766742303, 0.014319664061852637], [0.06894446900208089, 0.02746765509955073, 0.013305964968636555, 0.015836498704289294, 0.8589812185777469, 0.015464193647695548], [0.06806066349163102, 0.036486041911482935, 0.013063880577340514, 0.015409112071480924, 0.8519162323203375, 0.015064069627726996], [0.06462816921245483, 0.030777422536959677, 0.013063880577340514, 0.015409112071480924, 0.8610573459740369, 0.015064069627726996], [0.06462816921245482, 0.030036363841070612, 0.013063880577340512, 0.015409112071480924, 0.861798404669926, 0.015064069627726995], [0.06514105518593556, 0.028751738092117007, 0.012992029188377238, 0.015985404776229097, 0.8621148724395519, 0.015014900317789162], [0.8849081931841807, 0.04159874723996141, 0.012949750865111236, 0.015081497192798698, 0.031122041370383997, 0.014339770147563796], [0.8552453131517074, 0.06425005243553795, 0.012972134437366301, 0.017038119732137112, 0.03611454630569664, 0.01437983393755431], [0.11263706801882802, 0.12274368570706277, 0.012884978381877188, 0.019723650017350727, 0.717068974516489, 0.01494164335839223], [0.7859564118118307, 0.1159691682292182, 0.012967281750257922, 0.023645219373587906, 0.04709077059950152, 0.0143711482356036], [0.5943152452890592, 0.3094457660506463, 0.012978248232535228, 0.023044080574405684, 0.045825882988419164, 0.014390776864934344], [0.09060311188353187, 0.06717976123653577, 0.012838663062317072, 0.01780127908389171, 0.796667235853826, 0.014909948879897387], [0.848397586920105, 0.06941950023403422, 0.013613700755862884, 0.016393895820401534, 0.036756821828003085, 0.01541849444159336], [0.6724137225339769, 0.2541674777091835, 0.012966119328985405, 0.015127291556499773, 0.0309563212241937, 0.014369067647160788], [0.8767590981935067, 0.04982210204965355, 0.012966119328985403, 0.015127291556499771, 0.030956321224193693, 0.014369067647160786], [0.8474685132925279, 0.07001993620202614, 0.012972134437366303, 0.017038119732137112, 0.03812146239838819, 0.014379833937554314], [0.11753688658866777, 0.12031668566125375, 0.012838663062317072, 0.0194602871223482, 0.7149375286855156, 0.014909948879897387], [0.5839391678826108, 0.1109171229693189, 0.012978248232535228, 0.02168635089251157, 0.256088333158089, 0.014390776864934344], [0.8314340518657356, 0.07483792259788195, 0.012972134437366301, 0.018976203556791117, 0.04739985360467044, 0.01437983393755431], [0.7911916322455389, 0.1029644984898171, 0.012995948439100381, 0.020097348031514715, 0.05832811477692948, 0.014422458017099616], [0.5913883581638474, 0.10242379735611057, 0.013002460887372932, 0.020430767615315593, 0.25832050149376395, 0.014434114483589524], [0.33321775600768255, 0.236014874735138, 0.01693084272621788, 0.029628932007185298, 0.3683281687413869, 0.015879425782389312], [0.8374286846305862, 0.054129653538252574, 0.03543123606806974, 0.01732538267330888, 0.042044582443582765, 0.013640460646199679], [0.9239239362428842, 0.015996510309930424, 0.011858369892473119, 0.012029603289057559, 0.02319306944971537, 0.01299851081593928], [0.9239239362428842, 0.015996510309930424, 0.011858369892473119, 0.012029603289057559, 0.02319306944971537, 0.01299851081593928], [0.8629717955872979, 0.04294164209420434, 0.039493584751421666, 0.01414947631481503, 0.026833827145942506, 0.013609674106318472], [0.6488983546972404, 0.2561869179083999, 0.012448587842053705, 0.018022008947992448, 0.05084086279911301, 0.013603267805200547], [0.08916669454582347, 0.44509454692490175, 0.012540637214986347, 0.020783678019350264, 0.4182152052924396, 0.014199238002498477], [0.3042667716985857, 0.23238387968744234, 0.03221569774102036, 0.029628932007185298, 0.3856252930833769, 0.015879425782389312], [0.5700869894541638, 0.05187778069660994, 0.3037485914512043, 0.018834042720443433, 0.04106238341088006, 0.014390212266698468], [0.9185535798627001, 0.017231489549961863, 0.012241100533943554, 0.012447599389778794, 0.02591017757437071, 0.01361605308924485], [0.8459444553410486, 0.05520231532408046, 0.03708003922389363, 0.015057491089128643, 0.032332703224576625, 0.014382995797272004], [0.8850120200907535, 0.041164371443427064, 0.0129832462137926, 0.015175207768916314, 0.03126543185790199, 0.014399722625208448], [0.8769522486760943, 0.048553436692924265, 0.012966119328985405, 0.015127291556499774, 0.032031836098335584, 0.01436906764716079], [0.8373442763442357, 0.07595876492573488, 0.012989544443488052, 0.017379198495768574, 0.04191722012348896, 0.014410995667283915], [0.6514138614682474, 0.26121298929414904, 0.01845769943150823, 0.014753317212526172, 0.0397827160553697, 0.01437941653819925], [0.9185821054562127, 0.017227512456059912, 0.012227970961332721, 0.01243484854042488, 0.025922117377349833, 0.013605445208619898]], [[0.9185821054562127, 0.017227512456059912, 0.012227970961332721, 0.01243484854042488, 0.025922117377349833, 0.013605445208619898], [0.9008726756082978, 0.029348284871297328, 0.012888311734679997, 0.013850488321971022, 0.028671446646874064, 0.014368792816879854], [0.8974457789927169, 0.031375101961302145, 0.012954375766605805, 0.014122734892447971, 0.029753960245122953, 0.014348048141804117], [0.8906625311441124, 0.03881236914678303, 0.012977051151290268, 0.014467886972155328, 0.028691527346175652, 0.014388634239483273], [0.05665736399535423, 0.017198747812620985, 0.012133010298102981, 0.012342627022841657, 0.026008472938443668, 0.8756597779326365], [0.056442252193995374, 0.0172114571208622, 0.012174967513471902, 0.012383373979984603, 0.02597031778290993, 0.8758176314087759], [0.895634051422283, 0.032537834004639346, 0.01283099773491869, 0.014604657435137454, 0.030145851259266276, 0.014246608143755253], [0.8969669850321127, 0.03143935903932055, 0.012944090266944699, 0.014388845290686077, 0.02993108198489698, 0.014329638386038845], [0.8974457789927169, 0.031375101961302145, 0.012954375766605805, 0.014122734892447971, 0.029753960245122953, 0.014348048141804117], [0.8992842454726117, 0.029873938781726617, 0.012977051151290268, 0.014467886972155328, 0.029008243382732765, 0.014388634239483273], [0.8874716758463997, 0.03978023056192273, 0.0129832462137926, 0.015175207768916314, 0.030189916983760112, 0.014399722625208448], [0.8506786285631581, 0.06733284930797614, 0.012955501522396393, 0.017329590060675353, 0.03735336744216595, 0.01435006310362794], [0.112637068018828, 0.3363559210011804, 0.012884978381877188, 0.019723650017350727, 0.5034567392223713, 0.014941643358392228], [0.8402186046393499, 0.07434203757256184, 0.012972134437366301, 0.018976203556791117, 0.039111185856376116, 0.01437983393755431], [0.8776287985066781, 0.04895240173648224, 0.012966119328985405, 0.015127291556499773, 0.0309563212241937, 0.014369067647160788], [0.8591360161282044, 0.05958825117964001, 0.013704475263023172, 0.01649065094536483, 0.0355756652760418, 0.015504941207725689], [0.8450239677485577, 0.07447139783868778, 0.012972134437366303, 0.017038119732137112, 0.036114546305696646, 0.014379833937554314], [0.8788207804823897, 0.047760419760770605, 0.012966119328985403, 0.015127291556499771, 0.030956321224193693, 0.014369067647160786], [0.8447161447475054, 0.06979666561412452, 0.01298954444348805, 0.020675885392594753, 0.03741076413500307, 0.014410995667283913], [0.5778313291108775, 0.31069116527508495, 0.012978248232535228, 0.031649324949795304, 0.05245915556677261, 0.014390776864934344], [0.5783550187956058, 0.31685610887264976, 0.012984463163234839, 0.023559574896735123, 0.053842933459531096, 0.014401900812243445], [0.11716087024013092, 0.10754439121366906, 0.012838663062317072, 0.019725950846857958, 0.7278201757571275, 0.014909948879897387], [0.6300308722231175, 0.28089313696112056, 0.012972134437366303, 0.018976203556791117, 0.04274781888405009, 0.014379833937554312], [0.7769133255031615, 0.11435971450910623, 0.012978248232535228, 0.02168635089251157, 0.059671583997751, 0.014390776864934344], [0.12063024335313063, 0.1133023236493785, 0.012888042832309042, 0.019459833409291957, 0.7187758163341667, 0.014943740421723181], [0.6672464862574686, 0.24558235492723798, 0.012455611964143371, 0.020443164061044725, 0.04065654268638755, 0.013615840103717573], [0.10231920073242742, 0.25493478609589604, 0.014629078041567586, 0.01448348894312294, 0.5994361826575313, 0.014197263529454628], [0.867405978173901, 0.0501213896772689, 0.02573375824017201, 0.01629537265639691, 0.026833827145942506, 0.013609674106318472], [0.9239239362428842, 0.015996510309930424, 0.011858369892473119, 0.012029603289057559, 0.02319306944971537, 0.01299851081593928], [0.05947938319894261, 0.04335211842734052, 0.01463088863813625, 0.014485354791721375, 0.8538530169413606, 0.014199238002498477], [0.4686865693065793, 0.2644542976027664, 0.02192340650065043, 0.017641833024522824, 0.2136780534617635, 0.013615840103717575], [0.5533030963360898, 0.07328834817435478, 0.28838342459088145, 0.02180328644598878, 0.04886186280703336, 0.0143599816456519], [0.9186214994254193, 0.017222020072014097, 0.012209838964222784, 0.012417239561786562, 0.025938606297402897, 0.013590795679154217], [0.9185535798627001, 0.017231489549961863, 0.012241100533943554, 0.012447599389778794, 0.02591017757437071, 0.01361605308924485], [0.9186214994254193, 0.017222020072014097, 0.012209838964222784, 0.012417239561786562, 0.025938606297402897, 0.013590795679154217], [0.8691153299345556, 0.050447463442729955, 0.01842199653459842, 0.014706811780641763, 0.03295873418336657, 0.014349664124107743], [0.09776973461722736, 0.06468903099186227, 0.012909413530937188, 0.02113253580263081, 0.7885409202488176, 0.014958364808524843], [0.5763392644137312, 0.32122898666605454, 0.012961344405271295, 0.019215665912868482, 0.05589421747013125, 0.014360521131943162], [0.6096523676073402, 0.07155256428484537, 0.038253136767429155, 0.01748688939307265, 0.24867204615004068, 0.014382995797272004], [0.9185821054562127, 0.017227512456059912, 0.012227970961332721, 0.01243484854042488, 0.025922117377349833, 0.013605445208619898]], [[0.9185821054562127, 0.017227512456059912, 0.012227970961332721, 0.01243484854042488, 0.025922117377349833, 0.013605445208619898], [0.899548096503764, 0.030055168478592117, 0.013199579577292042, 0.014149828732660517, 0.02867501150784816, 0.01437231519984308], [0.8992842454726117, 0.029873938781726617, 0.012977051151290268, 0.014467886972155328, 0.029008243382732765, 0.014388634239483273], [0.8949967888050319, 0.03381571959720882, 0.0129832462137926, 0.014785057270436795, 0.02901946548832155, 0.014399722625208448], [0.8967374128502102, 0.03204037915092216, 0.01298954444348805, 0.015107509447537429, 0.028714158440558038, 0.014410995667283913], [0.058062593070489846, 0.01747254703305456, 0.012261555396256472, 0.01247718263639984, 0.0265348807646356, 0.8731912410991637], [0.09197821776477881, 0.02901519890950699, 0.013559837812713027, 0.016321535907402762, 0.8332099888367578, 0.015915220768840464], [0.06832938321638923, 0.04044945006568766, 0.013028890502295914, 0.015387073113753254, 0.8477650778664466, 0.015040125235427283], [0.8963872292865595, 0.03209683073308073, 0.012960200537070494, 0.01442747844222158, 0.029769787249893417, 0.014358473751174283], [0.9003581503167463, 0.02914009349740685, 0.01297095674170168, 0.014155869828448603, 0.028997203605833223, 0.014377726009863303], [0.8992842454726117, 0.029873938781726617, 0.012977051151290268, 0.014467886972155328, 0.029008243382732765, 0.014388634239483273], [0.8845906642488779, 0.04199053599428243, 0.012966119328985405, 0.015127291556499773, 0.0309563212241937, 0.014369067647160788], [0.8456766879827481, 0.0688839542291637, 0.012972134437366301, 0.018976203556791117, 0.039111185856376116, 0.01437983393755431], [0.7974892758545195, 0.10320891397760178, 0.012995948439100381, 0.023393161538062833, 0.048490242173615895, 0.014422458017099616], [0.8430668373555554, 0.0747426599029009, 0.01298954444348805, 0.01737919849576857, 0.03741076413500308, 0.014410995667283915], [0.8100161348526256, 0.09897370595897753, 0.013743005040717793, 0.018863568654017053, 0.04288777157230384, 0.015515813921358023], [0.10532458214710735, 0.32223147858078605, 0.013063880577340514, 0.019415740530055264, 0.5249002485369837, 0.015064069627726996], [0.09767692398658312, 0.06607849113837315, 0.013012723903801164, 0.018450841461135646, 0.789751957394036, 0.015029062116070812], [0.7978750234504801, 0.0999957210467322, 0.012978248232535228, 0.0289343474168988, 0.04582588298841917, 0.014390776864934344], [0.5916467229469198, 0.10790884161906499, 0.012984463163234839, 0.22721530132607878, 0.0458427701324581, 0.014401900812243445], [0.5903441941034256, 0.21444996490634946, 0.01693084272621788, 0.032501350788482375, 0.1298942216931352, 0.015879425782389312], [0.5860043118151874, 0.3174268947696064, 0.012984463163234839, 0.021730774025384772, 0.04745165541434316, 0.014401900812243445], [0.7785610845276452, 0.12195213166138992, 0.012978248232535228, 0.02168635089251157, 0.0504314078209837, 0.014390776864934344], [0.6052704313413134, 0.30501215580539803, 0.012995948439100381, 0.018215809481763094, 0.0440831969153254, 0.014422458017099616], [0.7889301472809358, 0.09968857007677258, 0.012978248232535228, 0.019289675365147578, 0.06472258217967437, 0.014390776864934344], [0.8162141511546696, 0.09496375304972382, 0.012489706656132773, 0.021869040494477243, 0.04078648331420217, 0.013676865330794348], [0.6574764986647835, 0.08798625975816539, 0.012469628989787276, 0.18490007044732795, 0.043526613316451385, 0.013640928823484458], [0.8213167636562803, 0.08847114642851911, 0.012484306390677167, 0.021786864878841593, 0.04227371911347606, 0.013667199532205944], [0.8360670786017984, 0.04250523536734484, 0.049504466096493505, 0.018226812964468007, 0.04005594632369549, 0.013640460646199679], [0.9239239362428842, 0.015996510309930424, 0.011858369892473119, 0.012029603289057559, 0.02319306944971537, 0.01299851081593928], [0.679253634670104, 0.04696926102740229, 0.2125928546323165, 0.01414947631481503, 0.03342509924904353, 0.013609674106318472], [0.10853044555840986, 0.11935444604128731, 0.012838663062317072, 0.02313269743174784, 0.7212337990263404, 0.014909948879897387], [0.622431736946544, 0.2723767351199829, 0.04287045538963172, 0.015004059537545814, 0.03296392775679914, 0.01435308524949619], [0.9185535798627001, 0.017231489549961863, 0.012241100533943554, 0.012447599389778794, 0.02591017757437071, 0.01361605308924485], [0.8654918322151143, 0.05458865380105371, 0.01845769943150823, 0.014753317212526172, 0.03232908080159824, 0.01437941653819925], [0.8513232062714221, 0.06337864750647357, 0.012989544443488052, 0.017379198495768574, 0.04051840761556379, 0.014410995667283915], [0.7879232994554943, 0.11167229050086536, 0.012952873667648288, 0.018857689689757744, 0.05424848711337223, 0.014345359572861986], [0.3255893645459088, 0.11795321548930664, 0.012930644421256552, 0.029273827841583146, 0.49928005418017674, 0.014972893521767984], [0.7631116101377843, 0.07377575399865398, 0.08340695006876436, 0.021502898248080174, 0.04384626317085576, 0.014356524375861345], [0.9185535798627001, 0.017231489549961863, 0.012241100533943554, 0.012447599389778794, 0.02591017757437071, 0.01361605308924485]], [[0.9185535798627001, 0.017231489549961863, 0.012241100533943554, 0.012447599389778794, 0.02591017757437071, 0.01361605308924485], [0.8959412403961772, 0.03304103101436724, 0.01351250937884932, 0.014450767417906872, 0.028678595402759507, 0.014375856389939816], [0.8920144667496603, 0.03634348652957542, 0.013827114485580314, 0.014753317212526174, 0.028682198484458625, 0.01437941653819925], [0.8601177980177782, 0.040889104458001986, 0.03114919651460616, 0.01748688939307265, 0.03597401581926902, 0.014382995797272004], [0.8065771506382187, 0.09131520134390564, 0.012978248232535228, 0.02300495071396492, 0.051733672206441234, 0.014390776864934344], [0.46681518126986066, 0.08199006298140424, 0.013422933845278005, 0.016249371139650207, 0.40568891952465447, 0.0158335312391525], [0.07339966835443036, 0.019643547257383966, 0.012742281434599156, 0.01302785105485232, 0.03164540379746835, 0.8495412481012656], [0.0892091187517235, 0.029093562388802077, 0.013512240728872058, 0.016296446550494878, 0.8360018116199968, 0.01588681996011056], [0.8775744779493797, 0.04620958689893101, 0.012966119328985405, 0.014737141058020254, 0.03414360711752294, 0.01436906764716079], [0.8963872292865595, 0.03209683073308073, 0.012960200537070494, 0.01442747844222158, 0.029769787249893417, 0.014358473751174283], [0.8923936742184684, 0.03574812801861012, 0.012966119328985405, 0.014737141058020254, 0.029785869728755146, 0.01436906764716079], [0.0664479564848592, 0.05528161977115768, 0.012540637214986347, 0.01614987680696339, 0.8353806717195349, 0.014199238002498477], [0.8201373859848505, 0.08977504840734032, 0.012455611964143371, 0.021051811816798743, 0.04296430172314942, 0.013615840103717573], [0.6560710355760215, 0.25234028637833394, 0.012489706656132773, 0.02138238320731393, 0.04403972285140342, 0.013676865330794348], [0.6492884101409226, 0.257956783165887, 0.012469628989787276, 0.022423540497892004, 0.044220708382026644, 0.013640928823484456], [0.5835671772034915, 0.3152591107608805, 0.012978248232535228, 0.024982164399059693, 0.04882252253909864, 0.014390776864934344], [0.08462260675649386, 0.1000237612488481, 0.012540637214986347, 0.01769107506876938, 0.7709226817084037, 0.014199238002498477], [0.8242712628591626, 0.08786682685367775, 0.012455611964143371, 0.021051811816798743, 0.040738646402499884, 0.013615840103717573], [0.8771507772804781, 0.048854723524001276, 0.012450766917053555, 0.018553254567511564, 0.029383309634512474, 0.0136071680764429], [0.0929858707931725, 0.09610638790417778, 0.012540637214986347, 0.018055694985529523, 0.7661121710996353, 0.014199238002498477], [0.8217791027462399, 0.09082416441668047, 0.012474782547122627, 0.020216060212123257, 0.04105573703238702, 0.013650153045446652], [0.6664560055438821, 0.25013779149761195, 0.012455611964143371, 0.018560686132651043, 0.03877406475799386, 0.013615840103717573], [0.09119204231162184, 0.09825197545195986, 0.012540637214986347, 0.016272013771108273, 0.7675440932478251, 0.014199238002498477], [0.8163237656525754, 0.09086180681155759, 0.012474782547122627, 0.019960206044373773, 0.046729285898923854, 0.013650153045446652], [0.8320730120414336, 0.08749878418421402, 0.012489706656132775, 0.017089208921539763, 0.03717242286588561, 0.01367686533079435], [0.5477486552798835, 0.29045895553894, 0.014908878883885273, 0.020861593658249553, 0.1118577204203964, 0.014164196218645267], [0.8201759545505293, 0.09105547492164254, 0.012489706656132773, 0.02125287752819004, 0.04134912101271089, 0.013676865330794348], [0.8207823656652838, 0.08972724716149433, 0.012489706656132773, 0.020454759180457912, 0.04286905600583675, 