{"prediction": [[[0.9107620635016631, 0.019092654772704366, 0.012498158250176392, 0.012771033968349964, 0.030561014817054734, 0.014315074690051405], [0.9187226796206336, 0.017207913331791194, 0.012163268409283676, 0.012372012337111573, 0.02598095674300254, 0.013553169558177192], [0.9185535798627001, 0.017231489549961863, 0.012241100533943554, 0.012447599389778794, 0.02591017757437071, 0.01361605308924485], [0.9185535798627001, 0.017231489549961863, 0.012241100533943554, 0.012447599389778794, 0.02591017757437071, 0.01361605308924485], [0.9185535798627001, 0.017231489549961863, 0.012241100533943554, 0.012447599389778794, 0.02591017757437071, 0.01361605308924485], [0.9185821054562127, 0.017227512456059912, 0.012227970961332721, 0.01243484854042488, 0.025922117377349833, 0.013605445208619898], [0.9185821054562127, 0.017227512456059912, 0.012227970961332721, 0.01243484854042488, 0.025922117377349833, 0.013605445208619898], [0.9185821054562127, 0.017227512456059912, 0.012227970961332721, 0.01243484854042488, 0.025922117377349833, 0.013605445208619898], [0.9185821054562127, 0.017227512456059912, 0.012227970961332721, 0.01243484854042488, 0.025922117377349833, 0.013605445208619898], [0.9185821054562127, 0.017227512456059912, 0.012227970961332721, 0.01243484854042488, 0.025922117377349833, 0.013605445208619898], [0.9185821054562127, 0.017227512456059912, 0.012227970961332721, 0.01243484854042488, 0.025922117377349833, 0.013605445208619898], [0.9185535798627001, 0.017231489549961863, 0.012241100533943554, 0.012447599389778794, 0.02591017757437071, 0.01361605308924485], [0.9185535798627001, 0.017231489549961863, 0.012241100533943554, 0.012447599389778794, 0.02591017757437071, 0.01361605308924485], [0.9239239362428842, 0.015996510309930424, 0.011858369892473119, 0.012029603289057559, 0.02319306944971537, 0.01299851081593928], [0.9239239362428842, 0.015996510309930424, 0.011858369892473119, 0.012029603289057559, 0.02319306944971537, 0.01299851081593928], [0.9239239362428842, 0.015996510309930424, 0.011858369892473119, 0.012029603289057559, 0.02319306944971537, 0.01299851081593928], [0.9185535798627001, 0.017231489549961863, 0.012241100533943554, 0.012447599389778794, 0.02591017757437071, 0.01361605308924485], [0.9185535798627001, 0.017231489549961863, 0.012241100533943554, 0.012447599389778794, 0.02591017757437071, 0.01361605308924485], [0.9185821054562127, 0.017227512456059912, 0.012227970961332721, 0.01243484854042488, 0.025922117377349833, 0.013605445208619898], [0.9185821054562127, 0.017227512456059912, 0.012227970961332721, 0.01243484854042488, 0.025922117377349833, 0.013605445208619898], [0.9185535798627001, 0.017231489549961863, 0.012241100533943554, 0.012447599389778794, 0.02591017757437071, 0.01361605308924485], [0.9185535798627001, 0.017231489549961863, 0.012241100533943554, 0.012447599389778794, 0.02591017757437071, 0.01361605308924485], [0.9185535798627001, 0.017231489549961863, 0.012241100533943554, 0.012447599389778794, 0.02591017757437071, 0.01361605308924485], [0.9185535798627001, 0.017231489549961863, 0.012241100533943554, 0.012447599389778794, 0.02591017757437071, 0.01361605308924485], [0.9185535798627001, 0.017231489549961863, 0.012241100533943554, 0.012447599389778794, 0.02591017757437071, 0.01361605308924485], [0.9239239362428842, 0.015996510309930424, 0.011858369892473119, 0.012029603289057559, 0.02319306944971537, 0.01299851081593928], [0.9239239362428842, 0.015996510309930424, 0.011858369892473119, 0.012029603289057559, 0.02319306944971537, 0.01299851081593928], [0.9239239362428842, 0.015996510309930424, 0.011858369892473119, 0.012029603289057559, 0.02319306944971537, 0.01299851081593928], [0.9185535798627001, 0.017231489549961863, 0.012241100533943554, 0.012447599389778794, 0.02591017757437071, 0.01361605308924485], [0.9185535798627001, 0.017231489549961863, 0.012241100533943554, 0.012447599389778794, 0.02591017757437071, 0.01361605308924485], [0.9185821054562127, 0.017227512456059912, 0.012227970961332721, 0.01243484854042488, 0.025922117377349833, 0.013605445208619898], [0.9185821054562127, 0.017227512456059912, 0.012227970961332721, 0.01243484854042488, 0.025922117377349833, 0.013605445208619898], [0.9185821054562127, 0.017227512456059912, 0.012227970961332721, 0.01243484854042488, 0.025922117377349833, 0.013605445208619898], [0.9185821054562127, 0.017227512456059912, 0.012227970961332721, 0.01243484854042488, 0.025922117377349833, 0.013605445208619898], [0.9185821054562127, 0.017227512456059912, 0.012227970961332721, 0.01243484854042488, 0.025922117377349833, 0.013605445208619898], [0.9185821054562127, 0.017227512456059912, 0.012227970961332721, 0.01243484854042488, 0.025922117377349833, 0.013605445208619898], [0.9185821054562127, 0.017227512456059912, 0.012227970961332721, 0.01243484854042488, 0.025922117377349833, 0.013605445208619898], [0.9185821054562127, 0.017227512456059912, 0.012227970961332721, 0.01243484854042488, 0.025922117377349833, 0.013605445208619898], [0.9185535798627001, 0.017231489549961863, 0.012241100533943554, 0.012447599389778794, 0.02591017757437071, 0.01361605308924485], [0.9185821054562127, 0.017227512456059912, 0.012227970961332721, 0.01243484854042488, 0.025922117377349833, 0.013605445208619898]], [[0.9105921750961257, 0.019099381642512084, 0.01264921896874692, 0.012916122251799271, 0.030316733510795627, 0.014426368530020705], [0.9043631847379251, 0.026031574863438732, 0.012743607551006219, 0.013727165840237044, 0.028877478794582377, 0.014256988212810517], [0.9030091705421796, 0.026754166995340077, 0.01306179245678742, 0.014033158260052973, 0.028881122874689233, 0.014260588870950703], [0.9185535798627001, 0.017231489549961863, 0.012241100533943554, 0.012447599389778794, 0.02591017757437071, 0.01361605308924485], [0.06623580555886908, 0.02642985856710437, 0.032278559658611775, 0.015267255865490912, 0.8448785714700263, 0.014909948879897387], [0.8993664696888453, 0.029085567872899516, 0.013483900365350958, 0.014411115808279112, 0.02930668540589037, 0.014346260858734614], [0.8811937378329888, 0.04421310755988183, 0.015794519743156918, 0.014753317212526172, 0.029665901113246927, 0.01437941653819925], [0.8446834517243316, 0.05176760638620531, 0.03311660177218276, 0.019091625871951002, 0.03695771844805732, 0.014382995797272004], [0.7992273304926945, 0.06360793352986661, 0.06268122536920126, 0.020955979505510564, 0.03914093678127502, 0.01438659432145197], [0.831455321875675, 0.07459835612982552, 0.028214933379149418, 0.018040807417475817, 0.03333749594837783, 0.014353085249496187], [0.07145648091431933, 0.03691550591738442, 0.020713972734872004, 0.015267255865490912, 0.8407368356880358, 0.014909948879897387], [0.8993664696888453, 0.029085567872899516, 0.013483900365350958, 0.014411115808279112, 0.02930668540589037, 0.014346260858734614], [0.9006713239271747, 0.028389305084030217, 0.013177990327588252, 0.014116959500436841, 0.029301545846886302, 0.014342875313883367], [0.055298880352642805, 0.02342390951673253, 0.012540637214986347, 0.014485354791721375, 0.8800519801214183, 0.014199238002498477], [0.9053088929714258, 0.028110302490085254, 0.012866236455253439, 0.013626345793484424, 0.026507679959675186, 0.013580542330075872], [0.059479383198942616, 0.03182038614257348, 0.01884686241767739, 0.014485354791721375, 0.8611687754465865, 0.014199238002498477], [0.11391940000683207, 0.036314287178801426, 0.03541878896986332, 0.015409112071480924, 0.7838743421452952, 0.015064069627726995], [0.11586877071621424, 0.026188559073954336, 0.02781379885128625, 0.022399958753403122, 0.792664842977415, 0.015064069627726996], [0.8455533377435873, 0.048076785655981426, 0.03970186957134782, 0.014902536893948017, 0.03749854276019925, 0.014266927374936123], [0.06588332536651637, 0.03160230126325547, 0.018113391331411068, 0.015298358361329173, 0.8541588832557646, 0.014943740421723181], [0.874626418355399, 0.04769358688407764, 0.01429974314464702, 0.01540296952051972, 0.033004741493494694, 0.014972540601861786], [0.9185535798627001, 0.017231489549961863, 0.012241100533943554, 0.012447599389778794, 0.02591017757437071, 0.01361605308924485], [0.9185535798627001, 0.017231489549961863, 0.012241100533943554, 0.012447599389778794, 0.02591017757437071, 0.01361605308924485], [0.8702300179347636, 0.05750026588440055, 0.014143408386998135, 0.015057491089128643, 0.028685820907437008, 0.014382995797272004], [0.8779912082273426, 0.05036674505189318, 0.013827114485580312, 0.014753317212526172, 0.028682198484458625, 0.01437941653819925], [0.9050085575200281, 0.029270859190423326, 0.012912650092138812, 0.013690674310484445, 0.025488702449726577, 0.013628556437198671], [0.9090955760079229, 0.02524881654975561, 0.01263525953160544, 0.013413873437743643, 0.0260052666699987, 0.013601207802973494], [0.055298880352642805, 0.02342390951673253, 0.012540637214986347, 0.014485354791721375, 0.8800519801214183, 0.014199238002498477], [0.8973838780435182, 0.031157678942106165, 0.013157338590198362, 0.014085517613321535, 0.029900872957049546, 0.014314713853806244], [0.898216445046131, 0.03076582636441348, 0.01351250937884932, 0.014450767417906872, 0.028678595402759514, 0.014375856389939816], [0.8680193156127288, 0.05104838100834382, 0.018387851972516956, 0.014662336185002732, 0.033560904899034356, 0.014321210322373188], [0.07089515927295538, 0.04209508981556035, 0.026068256709558854, 0.015311818976177134, 0.8306713104172234, 0.014958364808524843], [0.7854747789474711, 0.05625520285589276, 0.08505802234222358, 0.018407689531144578, 0.040480017136553366, 0.014324289186714429], [0.08487982146405673, 0.05410299373228141, 0.0320571473036126, 0.023321842100554886, 0.7903724678761558, 0.01526572752333842], [0.7824802234310401, 0.05930513824751617, 0.08501294818500925, 0.01840837075114608, 0.04046554572890814, 0.014327773656380301], [0.0712598558683729, 0.04225581991340427, 0.026115482323649207, 0.015282865852778955, 0.8301590675731528, 0.014926908468641873], [0.8712549785730601, 0.04830781480422548, 0.018421996534598424, 0.014706811780641763, 0.032958734183366575, 0.014349664124107743], [0.8948269436245928, 0.03415532778595151, 0.01351250937884932, 0.014450767417906872, 0.028678595402759507, 0.014375856389939816], [0.8984993440762564, 0.030611965303260866, 0.013130647390260701, 0.014076761129100529, 0.02937688617728687, 0.01430439592383452], [0.9185535798627001, 0.017231489549961863, 0.012241100533943554, 0.012447599389778794, 0.02591017757437071, 0.01361605308924485]], [[0.9185535798627001, 0.017231489549961863, 0.012241100533943554, 0.012447599389778794, 0.02591017757437071, 0.01361605308924485], [0.9239239362428842, 0.015996510309930424, 0.011858369892473119, 0.012029603289057559, 0.02319306944971537, 0.01299851081593928], [0.9239239362428842, 0.015996510309930424, 0.011858369892473119, 0.012029603289057559, 0.02319306944971537, 0.01299851081593928], [0.9239239362428842, 0.015996510309930424, 0.011858369892473119, 0.012029603289057559, 0.02319306944971537, 0.01299851081593928], [0.9080135621518508, 0.025826172979994476, 0.012888926868421951, 0.013657794322994255, 0.026009528505453683, 0.01360401517128468], [0.8955307007266998, 0.036757694920854345, 0.012459571435989795, 0.014251663017439091, 0.02737744283676024, 0.013622927062256669], [0.8684064998057803, 0.05618634630258423, 0.012464559296260103, 0.017655983274121455, 0.031654756614021694, 0.013631854707231944], [0.8079269660960121, 0.09930130361299118, 0.012484306390677167, 0.023772412752552357, 0.04284781161556132, 0.013667199532205944], [0.6415213804512525, 0.26682321870818415, 0.012489706656132773, 0.022631234875245092, 0.04285759397839097, 0.013676865330794348], [0.642231927845048, 0.2663006677575147, 0.012484306390677167, 0.020894250493327052, 0.04442164798122712, 0.013667199532205942], [0.8633144553630521, 0.06023790256414193, 0.012464559296260103, 0.015836163800652597, 0.03451506426866124, 0.013631854707231944], [0.8957369215161183, 0.03553380208109432, 0.01247377342585838, 0.014291396195477098, 0.028315759936639567, 0.01364834684481232], [0.9055431104330673, 0.02832317842572349, 0.01245466344345314, 0.013671362579223585, 0.026393542748014087, 0.013614142370518332], [0.048691264093748396, 0.023206946563377243, 0.01217004183516662, 0.014266375046691399, 0.888078665123388, 0.01358670733762836], [0.9040945241738667, 0.032183487115193386, 0.012089207662971816, 0.013599050685985464, 0.02496001957675496, 0.013073710785227519], [0.8714273279834841, 0.05498533759834931, 0.012464559296260103, 0.015836163800652597, 0.031654756614021694, 0.013631854707231944], [0.8209973080077377, 0.07861644449607888, 0.012961344405271295, 0.02354404270157992, 0.049520339257388836, 0.014360521131943162], [0.11939188447456801, 0.09856384811366437, 0.013012723903801164, 0.022030198190238073, 0.7319722832016576, 0.015029062116070812], [0.8189081803579403, 0.07861644449607888, 0.012961344405271295, 0.02354404270157992, 0.05160946690718623, 0.014360521131943162], [0.8149338615571762, 0.039138491135747175, 0.08672149114926865, 0.01491706157295257, 0.03000558981274499, 0.014283504772110493], [0.9185535798627001, 0.017231489549961863, 0.012241100533943554, 0.012447599389778794, 0.02591017757437071, 0.01361605308924485], [0.9160689244444443, 0.01780286650205761, 0.012418175144032921, 0.012640989958847736, 0.027167278024691356, 0.013901765925925924], [0.07696794208272369, 0.047531610868351185, 0.013145351779771428, 0.015742579764919322, 0.8312520531947648, 0.015360462309469584], [0.5735135942945033, 0.3481448995914839, 0.012961344405271295, 0.016127352756920628, 0.03489228781987758, 0.014360521131943162], [0.6326534369825865, 0.2961243550185461, 0.012989544443488052, 0.015107509447537432, 0.028714158440558045, 0.014410995667283915], [0.8991129637620836, 0.03528830963403505, 0.01247377342585838, 0.01396787481438497, 0.025508731518825538, 0.013648346844812318], [0.9071153501498237, 0.027309937362787078, 0.012468636343669539, 0.013704870221692369, 0.025762053810729067, 0.013639152111298273], [0.9043176443122928, 0.029287734608592887, 0.012430086819051892, 0.013379201498592924, 0.02701517946952483, 0.013570153291944666], [0.06477353063783921, 0.027178426442398297, 0.013043516557157495, 0.015396285526256118, 0.8645581067056861, 0.015050134130662758], [0.8849969658404591, 0.04150997458368304, 0.012949750865111236, 0.015081497192798698, 0.031122041370383997, 0.014339770147563796], [0.09155595121357053, 0.06468903099186227, 0.012909413530937188, 0.01781851798734717, 0.7980687214677581, 0.014958364808524843], [0.7968112777804814, 0.10811201549416354, 0.012961344405271295, 0.019215665912868485, 0.04853917527527212, 0.014360521131943162], [0.8002315327092213, 0.10581244399744237, 0.012984463163234839, 0.019256973988199762, 0.04731268532965826, 0.014401900812243445], [0.5548877952019847, 0.21149140605902805, 0.01693084272621788, 0.024122295851578893, 0.1766882343788012, 0.015879425782389312], [0.7923802160512795, 0.11008039923269744, 0.013002460887372932, 0.01961431836779183, 0.050488490977268756, 0.014434114483589524], [0.7978587332058411, 0.10854462569073614, 0.012978248232535228, 0.01893181782033381, 0.04729579818561934, 0.014390776864934344], [0.8533553348778409, 0.06337864750647357, 0.012989544443488052, 0.017379198495768574, 0.03848627900914496, 0.014410995667283915], [0.8827264344394931, 0.04270499111050736, 0.012949750865111236, 0.0150814971927987, 0.03219755624452588, 0.014339770147563796], [0.0659051998725712, 0.026380236036042455, 0.012884978381877188, 0.015296428177028622, 0.8645915141740883, 0.014941643358392228], [0.9185821054562127, 0.017227512456059912, 0.012227970961332721, 0.01243484854042488, 0.025922117377349833, 0.013605445208619898]], [[0.9185535798627001, 0.017231489549961863, 0.012241100533943554, 0.012447599389778794, 0.02591017757437071, 0.01361605308924485], [0.9239239362428842, 0.015996510309930424, 0.011858369892473119, 0.012029603289057559, 0.02319306944971537, 0.01299851081593928], [0.9239239362428842, 0.015996510309930424, 0.011858369892473119, 0.012029603289057559, 0.02319306944971537, 0.01299851081593928], [0.9239239362428842, 0.015996510309930424, 0.011858369892473119, 0.012029603289057559, 0.02319306944971537, 0.01299851081593928], [0.8912373447330462, 0.03923742276416035, 0.014747024265996935, 0.013866111789081962, 0.027328853732577783, 0.013583242715136779], [0.0648487940167574, 0.056514653825954476, 0.012540637214986347, 0.01614987680696339, 0.8357468001328399, 0.014199238002498477], [0.08341280558497334, 0.28218526760661855, 0.012540637214986347, 0.01769107506876938, 0.5899709765221537, 0.014199238002498477], [0.6408982392524079, 0.10484863207197916, 0.012474782547122627, 0.18633707476970462, 0.04179111831333895, 0.013650153045446652], [0.49334280844584316, 0.32532456912553076, 0.015747207346028868, 0.03471935866660096, 0.11599070714293341, 0.014875349273062867], [0.6387960958776638, 0.26903920727739333, 0.012474782547122627, 0.021634801703615508, 0.04440495954875784, 0.013650153045446652], [0.6617990206992322, 0.08489226599919514, 0.012484306390677167, 0.02110590434939935, 0.20605130302929014, 0.013667199532205942], [0.8687604005229795, 0.05382244098544775, 0.012478996056554607, 0.01611899381907185, 0.03516147391650962, 0.013657694699436566], [0.8949655706742397, 0.03652725660246949, 0.012459571435989795, 0.014251663017439091, 0.028173011207605306, 0.013622927062256669], [0.9040945241738667, 0.032183487115193386, 0.012089207662971816, 0.013599050685985464, 0.02496001957675496, 0.013073710785227519], [0.05821405683552804, 0.04577363458398544, 0.01217004183516662, 0.015252812118751548, 0.8550027472889399, 0.01358670733762836], [0.8447606073933858, 0.0668982661191394, 0.012455611964143371, 0.021231018331291127, 0.041038656088322654, 0.013615840103717573], [0.822657841969156, 0.07408901994102228, 0.013002460887372932, 0.023942695156503265, 0.05187386756235606, 0.014434114483589524], [0.3810833914496632, 0.1873613142526424, 0.01693084272621788, 0.02948691221175645, 0.36925811357733085, 0.015879425782389316], [0.1090845867758453, 0.050775299657451305, 0.012992029188377238, 0.015363855531675918, 0.796769328528861, 0.015014900317789162], [0.08670165651483222, 0.029994688132870734, 0.013612270243638402, 0.02526570115748976, 0.8283167481404956, 0.016108935810673228], [0.913157947453083, 0.018472281322609474, 0.01262563252904379, 0.012867562823949956, 0.02864007399463807, 0.014236501876675602], [0.9185535798627001, 0.017231489549961863, 0.012241100533943554, 0.012447599389778794, 0.02591017757437071, 0.01361605308924485], [0.6982965770547274, 0.04340653843141781, 0.11702099100555946, 0.05697322135399793, 0.06626823635852837, 0.018034435795769077], [0.3972748103925199, 0.041404486423785095, 0.012975674738509987, 0.015353554466907574, 0.5179877653302106, 0.015003708648066584], [0.7803808249406403, 0.14127766894534696, 0.012961344405271295, 0.016127352756920628, 0.03489228781987758, 0.014360521131943162], [0.8706211849029786, 0.06304151043224752, 0.012464559296260103, 0.014189099257555137, 0.026051791403726654, 0.013631854707231944], [0.9018916422826568, 0.03205947914025514, 0.012459571435989795, 0.013928141636346966, 0.026038238442494754, 0.013622927062256669], [0.055298880352642805, 0.025462402333213965, 0.012540637214986347, 0.014994977995841733, 0.8775038641008166, 0.014199238002498477], [0.8980104804796757, 0.030729400609703014, 0.012938517628755194, 0.014091044453271088, 0.029910892766742303, 0.014319664061852637], [0.8992842454726117, 0.029873938781726617, 0.012977051151290268, 0.014467886972155328, 0.029008243382732765, 0.014388634239483273], [0.8821310084932318, 0.043374676875786757, 0.012966119328985405, 0.015127291556499773, 0.03203183609833558, 0.014369067647160788], [0.8527856573960614, 0.0656341933170423, 0.012972134437366303, 0.017038119732137112, 0.03719006117983852, 0.014379833937554314], [0.11276744136982195, 0.3438866141065655, 0.012838663062317072, 0.02286703370723808, 0.4927302988741599, 0.014909948879897387], [0.7755587195844839, 0.11375961202039958, 0.012984463163234839, 0.021195057812853767, 0.06210024660678459, 0.014401900812243447], [0.5805656369206065, 0.3161469512699864, 0.012995948439100381, 0.020088147419594027, 0.05578085793361319, 0.014422458017099616], [0.8442521952121698, 0.06926891434896669, 0.012989544443488052, 0.017379198495768574, 0.04169915183232303, 0.014410995667283915], [0.8803297007307491, 0.04517598463826937, 0.012966119328985405, 0.015127291556499774, 0.032031836098335584, 0.01436906764716079], [0.0659051998725712, 0.027372429548961644, 0.012884978381877188, 0.015296428177028622, 0.8635993206611692, 0.01494164335839223], [0.89399437662198, 0.034547180363644195, 0.013157338590198362, 0.014085517613321535, 0.029900872957049546, 0.014314713853806244], [0.9185821054562127, 0.017227512456059912, 0.012227970961332721, 0.01243484854042488, 0.025922117377349833, 0.013605445208619898]], [[0.9185535798627001, 0.017231489549961863, 0.012241100533943554, 0.012447599389778794, 0.02591017757437071, 0.01361605308924485], [0.05986328533686353, 0.027682998688348746, 0.030300985969222552, 0.01443827964604821, 0.8535650280849638, 0.014149422274553061], [0.8877906049519022, 0.04066961773411829, 0.015356950692061916, 0.014417725288702062, 0.027922074557397376, 0.013843026775817847], [0.04934979531249999, 0.01617218932291667, 0.011912814322916666, 0.012089064322916666, 0.02357958515625, 0.8868965515625], [0.055298880352642805, 0.02342390951673253, 0.012540637214986347, 0.014485354791721375, 0.8800519801214183, 0.014199238002498477], [0.8973479654065282, 0.034878852364534585, 0.01244599834545277, 0.014213689323060781, 0.027514861629711215, 0.013598632930712295], [0.8652675236112775, 0.05938394413278719, 0.012464559296260103, 0.017597361638421478, 0.031654756614021694, 0.013631854707231944], [0.6454139638158046, 0.26217564722486986, 0.012484306390677167, 0.023411071420881058, 0.04284781161556131, 0.013667199532205942], [0.6416521103767653, 0.26815709539822835, 0.012474782547122627, 0.0222747403190981, 0.04179111831333895, 0.013650153045446652], [0.091776069621652, 0.28895732471864893, 0.012540637214986347, 0.018055694985529523, 0.5744710354566847, 0.014199238002498477], [0.861793063870969, 0.060204864202805304, 0.012450766917053555, 0.01607785741274218, 0.035866279519987006, 0.013607168076442902], [0.8941108828033959, 0.03652725660246949, 0.012459571435989795, 0.014251663017439093, 0.029027699078449196, 0.013622927062256669], [0.055298880352642805, 0.025462402333213965, 0.012540637214986347, 0.014994977995841733, 0.8775038641008166, 0.014199238002498477], [0.9102475697624279, 0.026971216075675, 0.012079475930147231, 0.013094746159465608, 0.024550699869563587, 0.013056292202720443], [0.05215372212023304, 0.02922667624281701, 0.01217004183516662, 0.014040745175692548, 0.8788221072884623, 0.01358670733762836], [0.07087059147084337, 0.05250872846207999, 0.012540637214986347, 0.016266541039207574, 0.8336142638103842, 0.014199238002498477], [0.8255309150941091, 0.07554680071449896, 0.012978248232535228, 0.023260194609045243, 0.048293064484876996, 0.014390776864934344], [0.8214171738234535, 0.07408901994102228, 0.013002460887372932, 0.023942695156503265, 0.05311453570805853, 0.014434114483589524], [0.8137539705071994, 0.04915319468824943, 0.05246732581706895, 0.019239861242079295, 0.05105787408902248, 0.0143277736563803], [0.9162289787553111, 0.017783306506706655, 0.012332669166041824, 0.012558212780138299, 0.02726240339915021, 0.013834429392651837], [0.8637130739052995, 0.052885766142785506, 0.025274987311137517, 0.015049526836197195, 0.028702851298830746, 0.014373794505749347], [0.5522746533663473, 0.059283039784430475, 0.31828941517954273, 0.015245091709552325, 0.04058002630374677, 0.014327773656380301], [0.1865587274563453, 0.041394280261250874, 0.012978654481210121, 0.0153554312969322, 0.7287071587600205, 0.01500574774424095], [0.8169706220770404, 0.1016110912613115, 0.01545685876162566, 0.016096882942853094, 0.03551918538430725, 0.014345359572861986], [0.0820566534975252, 0.026188559073954336, 0.013063880577340514, 0.015409112071480924, 0.8482177251519719, 0.015064069627726996], [0.0702679698387336, 0.024291717808723322, 0.012704880428884454, 0.014775317121691242, 0.8634894109083981, 0.014470703893569085], [0.9034587296839053, 0.029869526221425947, 0.012434604646870668, 0.013623260683852523, 0.0270356391262253, 0.01357823963772014], [0.06025316705266005, 0.03638633184231651, 0.012540637214986347, 0.014485354791721375, 0.8621352710958171, 0.014199238002498477], [0.8963872292865595, 0.03209683073308073, 0.012960200537070494, 0.01442747844222158, 0.029769787249893417, 0.014358473751174283], [0.8992842454726117, 0.029873938781726617, 0.012977051151290268, 0.014467886972155328, 0.029008243382732765, 0.014388634239483273], [0.8821310084932318, 0.043374676875786757, 0.012966119328985405, 0.015127291556499773, 0.03203183609833558, 0.014369067647160788], [0.846808117144404, 0.06953258913334061, 0.012972134437366303, 0.017038119732137112, 0.03926920561519763, 0.014379833937554314], [0.7753324628419068, 0.11346751484422168, 0.012978248232535228, 0.020869901644987813, 0.06296109557141416, 0.014390776864934344], [0.5671277090677505, 0.12125591194538737, 0.013002460887372932, 0.0204215670033949, 0.26375823661250475, 0.014434114483589524], [0.5717987773864063, 0.12157104399169325, 0.012995948439100381, 0.020088147419594027, 0.2591236247461065, 0.014422458017099616], [0.8402165549570244, 0.0693964093022674, 0.012989544443488052, 0.017379198495768574, 0.04560729713416767, 0.014410995667283915], [0.8833057180119461, 0.041164371443427064, 0.0129832462137926, 0.015175207768916314, 0.03297173393670935, 0.014399722625208448], [0.8963872292865595, 0.03209683073308073, 0.012960200537070494, 0.01442747844222158, 0.029769787249893417, 0.014358473751174283], [0.896158595082226, 0.03344466990013015, 0.013199579577292042, 0.014149828732660517, 0.02867501150784816, 0.01437231519984308], [0.9185821054562127, 0.017227512456059912, 0.012227970961332721, 0.01243484854042488, 0.025922117377349833, 0.013605445208619898]], [[0.9185821054562127, 0.017227512456059912, 0.012227970961332721, 0.01243484854042488, 0.025922117377349833, 0.013605445208619898], [0.8820254200422591, 0.04112215233111116, 0.02066960100471223, 0.014417725288702062, 0.027922074557397376, 0.013843026775817847], [0.04822978216318785, 0.015996510309930424, 0.011858369892473119, 0.012029603289057559, 0.02319306944971537, 0.8886926648956357], [0.04822978216318785, 0.015996510309930424, 0.011858369892473119, 0.012029603289057559, 0.02319306944971537, 0.8886926648956357], [0.8830451344464212, 0.04594619918446182, 0.012459571435989795, 0.014251663017439093, 0.03067450485343154, 0.013622927062256669], [0.04822978216318785, 0.015996510309930424, 0.011858369892473119, 0.012029603289057559, 0.02319306944971537, 0.8886926648956357], [0.8816659892500078, 0.04700887463494392, 0.012459571435989795, 0.014251663017439093, 0.030990974599362772, 0.013622927062256669], [0.8668801754212176, 0.05737586119627863, 0.012478996056554607, 0.016877663656879986, 0.032729608969632534, 0.013657694699436566], [0.8121386610827891, 0.09796777088543937, 0.012484306390677167, 0.020894250493327052, 0.04284781161556131, 0.013667199532205942], [0.8647615236907297, 0.06042066953448027, 0.012450766917053555, 0.01607785741274218, 0.03268201436855127, 0.0136071680764429], [0.05935264999655367, 0.033871573217186035, 0.012540637214986347, 0.015240438713422639, 0.8647954628553528, 0.014199238002498477], [0.9060238566585072, 0.02777798842539484, 0.012441304452855472, 0.013639327119601169, 0.026527291892599586, 0.013590231451041698], [0.055298880352642805, 0.02661459392513825, 0.012540637214986347, 0.014485354791721375, 0.8768612957130126, 0.014199238002498477], [0.04869126409374839, 0.024191071310450334, 0.01217004183516662, 0.013831089100870607, 0.8875298263221355, 0.01358670733762836], [0.048691264093748396, 0.024715937842222657, 0.01217004183516662, 0.013831089100870607, 0.8870049597903633, 0.01358670733762836], [0.05935264999655368, 0.031895667156953654, 0.012540637214986347, 0.014730815509302282, 0.8672809921197054, 0.014199238002498477], [0.8552453131517074, 0.06425005243553795, 0.012972134437366301, 0.017038119732137112, 0.03611454630569664, 0.01437983393755431], [0.8268531497047287, 0.07554680071449894, 0.012978248232535228, 0.023260194609045243, 0.04697082987425732, 0.014390776864934344], [0.08025540801383108, 0.04641214948421294, 0.01812982120760619, 0.015350735953650253, 0.8248512388876772, 0.015000646453022282], [0.9186394716981131, 0.017219514342690596, 0.01220156680472465, 0.012409206013192207, 0.025946128854118726, 0.013584112287160607], [0.539333693760024, 0.377105510097636, 0.020324980496450838, 0.01551441487437118, 0.03262541358053936, 0.015095987190978776], [0.16266655459627885, 0.026380236036042455, 0.012884978381877188, 0.015296428177028622, 0.7678301594503806, 0.014941643358392228], [0.5772968946694295, 0.34051267542838515, 0.016810268193444, 0.016127352756920628, 0.03489228781987758, 0.014360521131943162], [0.8338169592807159, 0.09496083272041657, 0.01298954444348805, 0.01510750944753743, 0.028714158440558038, 0.014410995667283915], [0.890094052838528, 0.03849231098269526, 0.012966119328985405, 0.014737141058020254, 0.029341308144610383, 0.01436906764716079], [0.9000099832140027, 0.03303682515243275, 0.01243919297569715, 0.013871128429152734, 0.027056418057247983, 0.013586452171466626], [0.06253952206387274, 0.036287656775166696, 0.012540637214986347, 0.014994977995841732, 0.8594379679476338, 0.014199238002498477], [0.06544205785824915, 0.06460385779038248, 0.012540637214986347, 0.017079800194515923, 0.8261344089393675, 0.014199238002498477], [0.8844015398941979, 0.04217966034896245, 0.012966119328985405, 0.015127291556499773, 0.0309563212241937, 0.014369067647160788], [0.8844015398941979, 0.04217966034896245, 0.012966119328985405, 0.015127291556499773, 0.0309563212241937, 0.014369067647160788], [0.09218976611600917, 0.0593015938420633, 0.012947228646697284, 0.017379923274923575, 0.8031972456888996, 0.014984242431406891], [0.31248402656403457, 0.111930084531183, 0.01299202918837724, 0.022600748947153422, 0.5249782104514626, 0.015014900317789164], [0.5715032310260931, 0.32012288355316254, 0.012967281750257922, 0.019532956619516026, 0.061502498815366735, 0.0143711482356036], [0.32853266640335593, 0.22209642778914226, 0.01693084272621788, 0.024122295851578893, 0.3924383414473157, 0.015879425782389312], [0.5781659013450152, 0.3112542604348054, 0.013002460887372932, 0.01961431836779183, 0.06352894448142503, 0.014434114483589524], [0.7917833830605733, 0.10831669006769669, 0.012995948439100381, 0.019280898783990957, 0.05320062163153922, 0.014422458017099616], [0.8517505983989626, 0.06498338398535193, 0.012989544443488052, 0.017379198495768574, 0.03848627900914496, 0.014410995667283915], [0.8850120200907535, 0.041164371443427064, 0.0129832462137926, 0.015175207768916314, 0.03126543185790199, 0.014399722625208448], [0.8948269436245928, 0.03415532778595151, 0.01351250937884932, 0.014450767417906872, 0.028678595402759507, 0.014375856389939816], [0.9185821054562127, 0.017227512456059912, 0.012227970961332721, 0.01243484854042488, 0.025922117377349833, 0.013605445208619898]], [[0.9185821054562127, 0.017227512456059912, 0.012227970961332721, 0.01243484854042488, 0.025922117377349833, 0.013605445208619898], [0.6583146451050319, 0.05122539977168615, 0.2206249930309669, 0.021007714983304924, 0.03518978654264471, 0.013637460566365295], [0.6456724383295889, 0.2537421831778317, 0.01546826992440082, 0.02258907943878585, 0.048851163798598315, 0.013676865330794348], [0.6459741586694365, 0.09261476817120597, 0.013350797523264235, 0.020958708186203975, 0.21343436791768322, 0.013667199532205942], [0.8666320784221876, 0.049514947299716554, 0.012478996056554607, 0.01455878063834802, 0.04315750288375661, 0.013657694699436566], [0.04822978216318785, 0.015996510309930424, 0.011858369892473119, 0.012029603289057559, 0.02319306944971537, 0.8886926648956357], [0.055298880352642805, 0.02342390951673253, 0.012540637214986347, 0.014485354791721375, 0.8800519801214183, 0.014199238002498477], [0.8950608431300435, 0.037165974641019284, 0.01244599834545277, 0.014213689323060781, 0.027514861629711215, 0.013598632930712295], [0.8703303985325123, 0.05608226704932124, 0.012464559296260103, 0.015836163800652597, 0.031654756614021694, 0.013631854707231944], [0.8955307007266998, 0.036757694920854345, 0.012459571435989795, 0.014251663017439091, 0.02737744283676024, 0.013622927062256669], [0.055298880352642805, 0.025462402333213965, 0.012540637214986347, 0.014994977995841733, 0.8775038641008166, 0.014199238002498477], [0.9064208831495585, 0.027724705041914675, 0.012449833415572556, 0.013418662519923649, 0.026380418647284118, 0.013605497225746489], [0.9068891460524066, 0.027189275268387506, 0.012436683498607248, 0.013392384110207713, 0.02651055054851307, 0.013581960521877802], [0.9139052774935965, 0.024186839651232656, 0.012077365494896452, 0.012689876981573084, 0.024088125590671836, 0.01305251478802933], [0.048691264093748396, 0.023206946563377243, 0.01217004183516662, 0.014266375046691399, 0.888078665123388, 0.01358670733762836], [0.9060238566585072, 0.02777798842539484, 0.012441304452855472, 0.013639327119601169, 0.026527291892599586, 0.013590231451041698], [0.8845906642488779, 0.04199053599428243, 0.012966119328985405, 0.015127291556499773, 0.0309563212241937, 0.014369067647160788], [0.8506786285631581, 0.06733284930797614, 0.012955501522396393, 0.017329590060675353, 0.03735336744216595, 0.01435006310362794], [0.06462816921245483, 0.03127281120626139, 0.018148132709647567, 0.015409112071480924, 0.8554777051724282, 0.015064069627726996], [0.9185821054562127, 0.017227512456059912, 0.012227970961332721, 0.01243484854042488, 0.025922117377349833, 0.013605445208619898], [0.8901108883415924, 0.03887138306895211, 0.01351250937884932, 0.014450767417906872, 0.028678595402759514, 0.014375856389939816], [0.8827709388538287, 0.04387588735263504, 0.014905656943744856, 0.014737141058020254, 0.029341308144610383, 0.01436906764716079], [0.8342424489069338, 0.09453534309419882, 0.01298954444348805, 0.01510750944753743, 0.028714158440558038, 0.014410995667283915], [0.8898344289937739, 0.03929479544502373, 0.012983246213792599, 0.014785057270436795, 0.02870274945176443, 0.014399722625208448], [0.8922045498637883, 0.03593725237329014, 0.012966119328985405, 0.014737141058020254, 0.029785869728755146, 0.01436906764716079], [0.24284996445991378, 0.061998119143207346, 0.012540637214986347, 0.01590441608938248, 0.6525076250900115, 0.014199238002498477], [0.8696963894698612, 0.05236245752505584, 0.01244385346876827, 0.015460655495623917, 0.03644185017052082, 0.01359479387016985], [0.08925962993204918, 0.2543948162045946, 0.012540637214986347, 0.01769107506876938, 0.6119146035771019, 0.014199238002498477], [0.8550561887970275, 0.06443917679021798, 0.012972134437366303, 0.017038119732137112, 0.036114546305696646, 0.014379833937554312], [0.8872825514917196, 0.03996935491660276, 0.0129832462137926, 0.015175207768916314, 0.030189916983760112, 0.014399722625208448], [0.8827264344394931, 0.04270499111050736, 0.012949750865111236, 0.0150814971927987, 0.03219755624452588, 0.014339770147563796], [0.8429462260046484, 0.06866253668409092, 0.01294716425180979, 0.016975426119060305, 0.044133506506570074, 0.01433514043382039], [0.10154526432604652, 0.12213092674896715, 0.013056622708586036, 0.022568484811145456, 0.7256395984789852, 0.015059102926269639], [0.10116791651158069, 0.32714969371173797, 0.013028890502295914, 0.02272380504016953, 0.5208895689987886, 0.015040125235427283], [0.7881685605494937, 0.11222636641453904, 0.012978248232535228, 0.01893181782033381, 0.053304230118163876, 0.014390776864934344], [0.850247802147226, 0.06648618023708842, 0.012989544443488052, 0.017379198495768574, 0.03848627900914496, 0.014410995667283915], [0.8850120200907535, 0.041164371443427064, 0.0129832462137926, 0.015175207768916314, 0.03126543185790199, 0.014399722625208448], [0.8992842454726117, 0.029873938781726617, 0.012977051151290268, 0.014467886972155328, 0.029008243382732765, 0.014388634239483273], [0.896158595082226, 0.03344466990013015, 0.013199579577292042, 0.014149828732660517, 0.02867501150784816, 0.01437231519984308], [0.9185821054562127, 0.017227512456059912, 0.012227970961332721, 0.01243484854042488, 0.025922117377349833, 0.013605445208619898]], [[0.9185821054562127, 0.017227512456059912, 0.012227970961332721, 0.01243484854042488, 0.025922117377349833, 0.013605445208619898], [0.8196304707144133, 0.05255098257337324, 0.05731019735711234, 0.022700546238328276, 0.03416734247057317, 0.013640460646199679], [0.27203337407117617, 0.3521611445419039, 0.01731515654324456, 0.19976383436479866, 0.14385114120581394, 0.014875349273062867], [0.6310994195680986, 0.2699730791697376, 0.012489706656132773, 0.02408159799977631, 0.04867933127546034, 0.013676865330794348], [0.4687649099594009, 0.2713616767859581, 0.012455611964143371, 0.021894661320195616, 0.21190729986658424, 0.013615840103717573], [0.059263992340664456, 0.027105820280446127, 0.012540637214986347, 0.014730815509302282, 0.8721594966521022, 0.014199238002498477], [0.8895597832649859, 0.03998296713042387, 0.012432540389941968, 0.014176037744142177, 0.030274126594065982, 0.01357454487644006], [0.055298880352642805, 0.025462402333213965, 0.012540637214986347, 0.014994977995841733, 0.8775038641008166, 0.014199238002498477], [0.057753487528451865, 0.029144313096927554, 0.012540637214986347, 0.015240438713422639, 0.871121885443713, 0.014199238002498477], [0.9055431104330673, 0.02832317842572349, 0.01245466344345314, 0.013671362579223585, 0.026393542748014087, 0.013614142370518332], [0.9064208831495585, 0.027724705041914675, 0.012449833415572556, 0.013418662519923649, 0.026380418647284118, 0.013605497225746489], [0.9064208831495585, 0.027724705041914675, 0.012449833415572556, 0.013418662519923649, 0.026380418647284118, 0.013605497225746489], [0.055298880352642805, 0.025462402333213965, 0.012540637214986347, 0.014994977995841733, 0.8775038641008166, 0.014199238002498477], [0.9127776424956521, 0.02513925373920427, 0.012092483322539283, 0.012919992136142242, 0.023991054501002803, 0.013079573805459318], [0.9135155611855625, 0.024636134096693837, 0.01208842285474516, 0.012707554345361614, 0.0239800214408097, 0.013072306076827212], [0.9064208831495585, 0.027724705041914675, 0.012449833415572556, 0.013418662519923649, 0.026380418647284118, 0.013605497225746489], [0.06462816921245482, 0.030036363841070612, 0.013063880577340512, 0.015409112071480924, 0.861798404669926, 0.015064069627726995], [0.06951681132307501, 0.03714613098814209, 0.013063880577340512, 0.015705125339593368, 0.8495039821441219, 0.015064069627726995], [0.06894446900208089, 0.02746765509955073, 0.013305964968636555, 0.015836498704289294, 0.8589812185777469, 0.015464193647695548], [0.9185821054562127, 0.017227512456059912, 0.012227970961332721, 0.01243484854042488, 0.025922117377349833, 0.013605445208619898], [0.8971901163715346, 0.032413148610821535, 0.013199579577292042, 0.014149828732660519, 0.028675011507848167, 0.01437231519984308], [0.8963872292865595, 0.03209683073308073, 0.012960200537070494, 0.01442747844222158, 0.029769787249893417, 0.014358473751174283], [0.8912257090571442, 0.037903515381653534, 0.0129832462137926, 0.014785057270436795, 0.028702749451764438, 0.014399722625208448], [0.8922045498637883, 0.03593725237329014, 0.012966119328985405, 0.014737141058020254, 0.029785869728755146, 0.01436906764716079], [0.860928919087967, 0.06012704849319647, 0.012972134437366303, 0.016647969233657592, 0.034944094810258085, 0.014379833937554312], [0.29696453065017164, 0.2455296765568449, 0.012540637214986347, 0.020822287688047062, 0.40994362988745153, 0.014199238002498477], [0.6660762748123569, 0.2505175222291372, 0.012455611964143371, 0.01856068613265104, 0.03877406475799386, 0.013615840103717573], [0.8191578300666413, 0.09530839303134132, 0.012474782547122627, 0.01835