{"prediction": [[[0.8994093167701862, 0.036852277432712216, 0.012369461697722567, 0.012657494824016562, 0.02520639751552795, 0.013505051759834368], [0.8994093167701862, 0.036852277432712216, 0.012369461697722567, 0.012657494824016562, 0.02520639751552795, 0.013505051759834368], [0.8994093167701862, 0.036852277432712216, 0.012369461697722567, 0.012657494824016562, 0.02520639751552795, 0.013505051759834368], [0.8994093167701862, 0.036852277432712216, 0.012369461697722567, 0.012657494824016562, 0.02520639751552795, 0.013505051759834368], [0.8994093167701862, 0.036852277432712216, 0.012369461697722567, 0.012657494824016562, 0.02520639751552795, 0.013505051759834368], [0.8994093167701862, 0.036852277432712216, 0.012369461697722567, 0.012657494824016562, 0.02520639751552795, 0.013505051759834368], [0.8994093167701862, 0.036852277432712216, 0.012369461697722567, 0.012657494824016562, 0.02520639751552795, 0.013505051759834368], [0.8994093167701862, 0.036852277432712216, 0.012369461697722567, 0.012657494824016562, 0.02520639751552795, 0.013505051759834368], [0.8994093167701862, 0.036852277432712216, 0.012369461697722567, 0.012657494824016562, 0.02520639751552795, 0.013505051759834368], [0.8994093167701862, 0.036852277432712216, 0.012369461697722567, 0.012657494824016562, 0.02520639751552795, 0.013505051759834368], [0.8994093167701862, 0.036852277432712216, 0.012369461697722567, 0.012657494824016562, 0.02520639751552795, 0.013505051759834368], [0.8994093167701862, 0.036852277432712216, 0.012369461697722567, 0.012657494824016562, 0.02520639751552795, 0.013505051759834368], [0.8994093167701862, 0.036852277432712216, 0.012369461697722567, 0.012657494824016562, 0.02520639751552795, 0.013505051759834368], [0.8994093167701862, 0.036852277432712216, 0.012369461697722567, 0.012657494824016562, 0.02520639751552795, 0.013505051759834368], [0.8994093167701862, 0.036852277432712216, 0.012369461697722567, 0.012657494824016562, 0.02520639751552795, 0.013505051759834368], [0.8994093167701862, 0.036852277432712216, 0.012369461697722567, 0.012657494824016562, 0.02520639751552795, 0.013505051759834368], [0.8994093167701862, 0.036852277432712216, 0.012369461697722567, 0.012657494824016562, 0.02520639751552795, 0.013505051759834368], [0.8994093167701862, 0.036852277432712216, 0.012369461697722567, 0.012657494824016562, 0.02520639751552795, 0.013505051759834368], [0.8994093167701862, 0.036852277432712216, 0.012369461697722567, 0.012657494824016562, 0.02520639751552795, 0.013505051759834368], [0.8994093167701862, 0.036852277432712216, 0.012369461697722567, 0.012657494824016562, 0.02520639751552795, 0.013505051759834368], [0.8994093167701862, 0.036852277432712216, 0.012369461697722567, 0.012657494824016562, 0.02520639751552795, 0.013505051759834368], [0.8994093167701862, 0.036852277432712216, 0.012369461697722567, 0.012657494824016562, 0.02520639751552795, 0.013505051759834368], [0.8994093167701862, 0.036852277432712216, 0.012369461697722567, 0.012657494824016562, 0.02520639751552795, 0.013505051759834368], [0.8994270704573546, 0.03676598681499794, 0.012404223320972393, 0.012690832303255047, 0.025177688504326327, 0.01353419859909353], [0.8994867821330902, 0.03647576217968196, 0.012521138458421958, 0.012802957561025017, 0.02508113035551504, 0.013632229312265775], [0.910163365182941, 0.030524757243843702, 0.012152660607473005, 0.012368802920842073, 0.021785597762759262, 0.013004816282140915], [0.9100727105384262, 0.03038396993403896, 0.012244377972081607, 0.012457784936339929, 0.021755407271053843, 0.01308574934805952], [0.9100338672768878, 0.030323646071700995, 0.012283676582761251, 0.012495911517925248, 0.021742471395881008, 0.013120427154843631], [0.9100338672768878, 0.030323646071700995, 0.012283676582761251, 0.012495911517925248, 0.021742471395881008, 0.013120427154843631], [0.9100338672768878, 0.030323646071700995, 0.012283676582761251, 0.012495911517925248, 0.021742471395881008, 0.013120427154843631], [0.9100338672768878, 0.030323646071700995, 0.012283676582761251, 0.012495911517925248, 0.021742471395881008, 0.013120427154843631], [0.9100467675378267, 0.03034368026898976, 0.012270625095521931, 0.012483249274033317, 0.021746767537826686, 0.01310891028580162], [0.9100467675378267, 0.03034368026898976, 0.012270625095521931, 0.012483249274033317, 0.021746767537826686, 0.01310891028580162], [0.9100467675378267, 0.03034368026898976, 0.012270625095521931, 0.012483249274033317, 0.021746767537826686, 0.01310891028580162], [0.9100467675378267, 0.03034368026898976, 0.012270625095521931, 0.012483249274033317, 0.021746767537826686, 0.01310891028580162], [0.9100467675378267, 0.03034368026898976, 0.012270625095521931, 0.012483249274033317, 0.021746767537826686, 0.01310891028580162], [0.9100467675378267, 0.03034368026898976, 0.012270625095521931, 0.012483249274033317, 0.021746767537826686, 0.01310891028580162], [0.9100467675378267, 0.03034368026898976, 0.012270625095521931, 0.012483249274033317, 0.021746767537826686, 0.01310891028580162], [0.9100338672768878, 0.030323646071700995, 0.012283676582761251, 0.012495911517925248, 0.021742471395881008, 0.013120427154843631], [0.9100467675378267, 0.03034368026898976, 0.012270625095521931, 0.012483249274033317, 0.021746767537826686, 0.01310891028580162]], [[0.8994093167701862, 0.036852277432712216, 0.012369461697722567, 0.012657494824016562, 0.02520639751552795, 0.013505051759834368], [0.1624540358764499, 0.10249841402047544, 0.01634789519347562, 0.019857427692082888, 0.6826753835596989, 0.016166843657817107], [0.15852018943157323, 0.08530081922624122, 0.04559407136767751, 0.027298139380847686, 0.6689584990201616, 0.014328281573498965], [0.7222592353862105, 0.12661588381454356, 0.057294743307948356, 0.03778875144728356, 0.04104603768941935, 0.014995348354594868], [0.7749282795204923, 0.1124708087806623, 0.03940814467280448, 0.024147338861169522, 0.034000267040717014, 0.015045161124154258], [0.8994093167701862, 0.036852277432712216, 0.012369461697722567, 0.012657494824016562, 0.02520639751552795, 0.013505051759834368], [0.15526651620507678, 0.17923119716691568, 0.13596901757775517, 0.0283972341600748, 0.4867826768349653, 0.014353358055212196], [0.5711352764126784, 0.17660308074869896, 0.061144122129531575, 0.023681095838023088, 0.15271936669073585, 0.014717058180332091], [0.18122845218331424, 0.15717935614825643, 0.09246432671619371, 0.016918567262145134, 0.5378810161165917, 0.014328281573498965], [0.5639439807993335, 0.2262344970142338, 0.09897917595920316, 0.027654332386573957, 0.0682872284642071, 0.014900785376448466], [0.6988851824298128, 0.1494248734656232, 0.07069174625762314, 0.022460461199242478, 0.04446220319916881, 0.014075533448529583], [0.747898159680547, 0.12320749083256513, 0.04520653581397415, 0.021453278694301935, 0.04802394187987221, 0.014210593098739552], [0.7526524360373275, 0.11971833981172775, 0.04429862233759145, 0.020962112387406376, 0.048113244844762315, 0.014255244581184602], [0.7551782617875299, 0.11852602455076261, 0.043341632457079955, 0.02044439655040835, 0.04820737499694377, 0.014302309657275332], [0.8260794130977979, 0.08247205634690882, 0.027717260024927207, 0.017403599406481143, 0.032064054389741976, 0.01426361673414305], [0.07503564637516104, 0.11586142230453074, 0.04933275425378104, 0.03072615801426662, 0.7154771798365741, 0.013566839215686273], [0.823893229348038, 0.07375343589159464, 0.03239436220942088, 0.021321464644901093, 0.03445415630806358, 0.01418335159798179], [0.8294737018083702, 0.08145282424415269, 0.027776175175375534, 0.015416606746874839, 0.031528702565410925, 0.014351989459815546], [0.8294737018083702, 0.08145282424415269, 0.027776175175375534, 0.015416606746874839, 0.031528702565410925, 0.014351989459815546], [0.8294737018083702, 0.08145282424415269, 0.027776175175375534, 0.015416606746874839, 0.031528702565410925, 0.014351989459815546], [0.8159260384751044, 0.08143992475035144, 0.03254171785585958, 0.02134325399171899, 0.03462486995284376, 0.01412419497412183], [0.09237115745899718, 0.10587529786754199, 0.052801314243097405, 0.02942350911981695, 0.7058147151943384, 0.01371400611620795], [0.09130732668890694, 0.08173630118490123, 0.021773232692472354, 0.023596156950540022, 0.7678847377884732, 0.013702244694706198], [0.8075357939663215, 0.09009386646353756, 0.0324032889524088, 0.02132278463435259, 0.03446449806875151, 0.014179767914627987], [0.822482855126448, 0.08844367092607487, 0.027776175175375534, 0.015416606746874839, 0.031528702565410925, 0.014351989459815546], [0.8190885664158756, 0.08946290302883103, 0.027717260024927207, 0.017403599406481143, 0.032064054389741976, 0.01426361673414305], [0.08285612095444735, 0.07481888897178254, 0.02868140732509545, 0.021525475093356984, 0.7785927364072922, 0.013525371248025275], [0.8192994723129993, 0.07839304043999072, 0.028474915342044507, 0.026013749654595776, 0.0335587340598029, 0.014260088190566778], [0.9100338672768878, 0.030323646071700995, 0.012283676582761251, 0.012495911517925248, 0.021742471395881008, 0.013120427154843631], [0.9100338672768878, 0.030323646071700995, 0.012283676582761251, 0.012495911517925248, 0.021742471395881008, 0.013120427154843631], [0.0704459750136587, 0.08980769444719063, 0.07432866225078265, 0.015529361549201724, 0.7363214675234798, 0.013566839215686273], [0.8232913101800613, 0.0741670082652222, 0.032493235613366214, 0.02133608496615582, 0.03456870257464558, 0.014143658400548865], [0.8270003465014754, 0.08392617955104777, 0.027776175175375534, 0.015416606746874839, 0.031528702565410925, 0.014351989459815546], [0.8254080825790404, 0.08551844347348256, 0.027776175175375534, 0.015416606746874839, 0.031528702565410925, 0.014351989459815546], [0.8220200665545989, 0.08890645949792413, 0.027776175175375534, 0.015416606746874839, 0.031528702565410925, 0.014351989459815546], [0.8250524890604403, 0.08587403699208282, 0.027776175175375534, 0.015416606746874839, 0.031528702565410925, 0.014351989459815546], [0.8260794130977979, 0.08247205634690882, 0.027717260024927207, 0.017403599406481143, 0.032064054389741976, 0.01426361673414305], [0.8260794130977979, 0.08247205634690882, 0.027717260024927207, 0.017403599406481143, 0.032064054389741976, 0.01426361673414305], [0.08052880939010221, 0.07919971073996164, 0.03306222909327454, 0.015501845162110742, 0.7781820343665254, 0.013525371248025275], [0.9100338672768878, 0.030323646071700995, 0.012283676582761251, 0.012495911517925248, 0.021742471395881008, 0.013120427154843631]], [[0.8994093167701862, 0.036852277432712216, 0.012369461697722567, 0.012657494824016562, 0.02520639751552795, 0.013505051759834368], [0.8994093167701862, 0.036852277432712216, 0.012369461697722567, 0.012657494824016562, 0.02520639751552795, 0.013505051759834368], [0.8994093167701862, 0.036852277432712216, 0.012369461697722567, 0.012657494824016562, 0.02520639751552795, 0.013505051759834368], [0.8994093167701862, 0.036852277432712216, 0.012369461697722567, 0.012657494824016562, 0.02520639751552795, 0.013505051759834368], [0.8994093167701862, 0.036852277432712216, 0.012369461697722567, 0.012657494824016562, 0.02520639751552795, 0.013505051759834368], [0.8994093167701862, 0.036852277432712216, 0.012369461697722567, 0.012657494824016562, 0.02520639751552795, 0.013505051759834368], [0.8994093167701862, 0.036852277432712216, 0.012369461697722567, 0.012657494824016562, 0.02520639751552795, 0.013505051759834368], [0.8994093167701862, 0.036852277432712216, 0.012369461697722567, 0.012657494824016562, 0.02520639751552795, 0.013505051759834368], [0.18042831150502836, 0.15649812323775822, 0.09210306922933983, 0.016930836398055416, 0.539686301574606, 0.014353358055212196], [0.5418005816442075, 0.3221336524080291, 0.015130396028280445, 0.033651274830676654, 0.07217863926696523, 0.015105455821841047], [0.08575878631245533, 0.25301541765384633, 0.013622332496979835, 0.029733248342467995, 0.6043448439462251, 0.013525371248025275], [0.6711513991993744, 0.22464158249858818, 0.014184180576952914, 0.024388529215636487, 0.05143549844079812, 0.014198810068649884], [0.7466111235113362, 0.16288320830221706, 0.014250257961377319, 0.02120592228189455, 0.04075156179788835, 0.01429792614528649], [0.7510495656904155, 0.15894525324278805, 0.0142620341288985, 0.02064066624087788, 0.0407868903004519, 0.01431559039656826], [0.7514563394356251, 0.15763748039914213, 0.014274045819770103, 0.02006410507904087, 0.04223442133354611, 0.014333607932875667], [0.7449455697909874, 0.16680691613396878, 0.014153820697622783, 0.01990422369297247, 0.04003619943479389, 0.014153270249654688], [0.07826594353203181, 0.15484746345641798, 0.013742979846230836, 0.02314400397009466, 0.7163515658850931, 0.013648043310131478], [0.7857674973528668, 0.13035570641475194, 0.014173874929840853, 0.016873944127838252, 0.038645625576720244, 0.01418335159798179], [0.7855342258444923, 0.1288081939886046, 0.014227385020615024, 0.017697245751625748, 0.03946933266051936, 0.01426361673414305], [0.7857674973528668, 0.13035570641475194, 0.014173874929840853, 0.016873944127838252, 0.038645625576720244, 0.01418335159798179], [0.08672918899188077, 0.1815904047501638, 0.013820650603490824, 0.019465370631075264, 0.6846673674795296, 0.01372701754385965], [0.2862801755467961, 0.1861581034626338, 0.013820650603490824, 0.019465370631075264, 0.48054868221214436, 0.01372701754385965], [0.5130495175691253, 0.39658694580976966, 0.01407257601565674, 0.021573313179414126, 0.04066933238502877, 0.014048315041005522], [0.07006623495565961, 0.1243951553863398, 0.013745603696023866, 0.020323349883421816, 0.7578189448849866, 0.013650711193568336], [0.7782962342896437, 0.13604618554345316, 0.014227385020615024, 0.017697245751625748, 0.03946933266051936, 0.01426361673414305], [0.7922834458705369, 0.12222098436363167, 0.014286300171063356, 0.017508490959388126, 0.03934878917556442, 0.014351989459815546], [0.7640734834003923, 0.13880908294000582, 0.014227385020615024, 0.015328234021202342, 0.05329819788364135, 0.01426361673414305], [0.7922834458705369, 0.12222098436363167, 0.014286300171063356, 0.017508490959388126, 0.03934878917556442, 0.014351989459815546], [0.822482855126448, 0.08844367092607487, 0.027776175175375534, 0.015416606746874839, 0.031528702565410925, 0.014351989459815546], [0.8303511969349836, 0.0828131144025359, 0.02146886906968041, 0.017212248971529103, 0.03380258116145553, 0.014351989459815546], [0.9100873875951119, 0.030406763507801096, 0.012229528860195219, 0.012443378679578818, 0.021760295134885865, 0.013072646222427178], [0.08217187773740457, 0.0742213107034511, 0.028581326514745146, 0.021502556233934947, 0.7799342118234349, 0.013588716987029223], [0.7707134417395108, 0.14362897809358605, 0.014227385020615024, 0.017697245751625748, 0.03946933266051935, 0.01426361673414305], [0.7769662202653792, 0.13753820996878924, 0.014286300171063356, 0.017508490959388126, 0.03934878917556442, 0.014351989459815546], [0.5337368687564084, 0.3770875459308476, 0.014274045819770103, 0.02006410507904087, 0.040503826481057506, 0.014333607932875667], [0.7728993409450595, 0.1414430788880373, 0.014227385020615024, 0.017697245751625748, 0.03946933266051936, 0.01426361673414305], [0.06747887179501276, 0.11636317882962285, 0.013663116032295272, 0.02033681992877997, 0.7685911741986028, 0.013566839215686275], [0.7795534114133803, 0.13656979235423833, 0.014173874929840853, 0.016873944127838252, 0.038645625576720244, 0.01418335159798179], [0.8260794130977979, 0.08247205634690882, 0.027717260024927207, 0.017403599406481143, 0.032064054389741976, 0.01426361673414305], [0.9100467675378267, 0.03034368026898976, 0.012270625095521931, 0.012483249274033317, 0.021746767537826686, 0.01310891028580162]], [[0.8994093167701862, 0.036852277432712216, 0.012369461697722567, 0.012657494824016562, 0.02520639751552795, 0.013505051759834368], [0.7369281545698152, 0.13278515381334385, 0.04785714476880488, 0.02588166753013156, 0.041438844161912784, 0.015109035155991678], [0.7335002481945404, 0.13440329595322512, 0.049155916749499054, 0.02658428188034316, 0.041311096098237944, 0.015045161124154258], [0.8994093167701862, 0.036852277432712216, 0.012369461697722567, 0.012657494824016562, 0.02520639751552795, 0.013505051759834368], [0.6188603163756912, 0.18975267863072523, 0.07991214529708614, 0.03784369656385084, 0.05880178515082991, 0.014829377981816544], [0.40227598565085443, 0.13689509330996286, 0.1343357105302313, 0.024170219339954287, 0.28864837992958214, 0.013674611239414934], [0.36552025365199525, 0.12011500273024431, 0.07188950058462017, 0.015592961486717734, 0.41321959543981135, 0.013662686106611123], [0.29766905665941534, 0.2374869455486539, 0.0977502561562943, 0.05626260217490433, 0.2968408149325936, 0.013990324528138406], [0.439105219795726, 0.396949165426919, 0.017617124689008175, 0.0326344082240931, 0.098753883542362, 0.014940198321891685], [0.6359864906469472, 0.2492818202501461, 0.014205375209692818, 0.0277688595578501, 0.05852685231760398, 0.01423060201775974], [0.6757119445120389, 0.22101992892323993, 0.01345267867097376, 0.027860230478947638, 0.04849887562881836, 0.013456341785981254], [0.5298540980816413, 0.37061585223749877, 0.013461068964592888, 0.023806034553800877, 0.048794018936056234, 0.013468927226409948], [0.7190310100662678, 0.1877271170722706, 0.01346961463401978, 0.021931285137064792, 0.04435922735982691, 0.013481745730550285], [0.7803668005917626, 0.13621362576806512, 0.013524407455639256, 0.019292197414018823, 0.03703903380753458, 0.013563934962979498], [0.7823971772869084, 0.13350868248026254, 0.013534172512957578, 0.018823474662739342, 0.03815791050817516, 0.013578582548956983], [0.781908236765972, 0.13457185309579492, 0.013524407455639256, 0.019292197414018823, 0.03713937030559542, 0.013563934962979498], [0.7799643529386365, 0.14002774639571985, 0.013444439553816237, 0.01821280029189558, 0.03490667770968677, 0.013443983110244969], [0.0619970504620899, 0.12333181942076134, 0.013168167578226737, 0.01968907780086502, 0.7687233597538697, 0.013090524984187222], [0.05510319164726785, 0.08919905585994817, 0.013168167578226737, 0.014673204285409362, 0.8147658556449607, 0.013090524984187224], [0.06625922375408536, 0.12177686562679148, 0.013168167578226737, 0.01697968861440236, 0.7687255294423069, 0.013090524984187224], [0.08446634378266334, 0.18345827353851182, 0.013820650603490825, 0.019465370631075264, 0.6850623439003992, 0.01372701754385965], [0.7158579064425943, 0.19298465447462304, 0.014054735510899943, 0.022572381445794633, 0.040508767842217616, 0.014021554283870329], [0.0851963010688046, 0.3947413234256699, 0.013820650603490824, 0.023092598881260407, 0.46942210847691457, 0.01372701754385965], [0.5164133612554663, 0.39454046075195354, 0.014134476349731018, 0.021614919680023367, 0.03917252823500871, 0.01412425372781704], [0.7777273937780933, 0.1367770364560754, 0.014286300171063356, 0.017508490959388126, 0.03934878917556442, 0.014351989459815546], [0.7890519057712064, 0.1259279526930787, 0.014286300171063356, 0.015416606746874839, 0.040965245157961044, 0.014351989459815546], [0.04419733394621927, 0.030371347582931127, 0.012252600934651038, 0.012465762659924922, 0.02175270052861411, 0.8789602543476596], [0.795733696454812, 0.11924616200947313, 0.014286300171063356, 0.015416606746874839, 0.040965245157961044, 0.014351989459815546], [0.7855342258444923, 0.1288081939886046, 0.014227385020615024, 0.017697245751625748, 0.03946933266051936, 0.01426361673414305], [0.8201248749942187, 0.09080165105830429, 0.027776175175375534, 0.015416606746874839, 0.031528702565410925, 0.014351989459815546], [0.9100727105384262, 0.03038396993403896, 0.012244377972081607, 0.012457784936339929, 0.021755407271053843, 0.01308574934805952], [0.8110294546705776, 0.08661721056905503, 0.03239436220942088, 0.021321464644901096, 0.03445415630806359, 0.014183351597981791], [0.5802074595067098, 0.3342969707274588, 0.014286300171063356, 0.017508490959388126, 0.03934878917556442, 0.014351989459815546], [0.729513959635165, 0.18131045505209079, 0.014274045819770103, 0.02006410507904087, 0.0405038264810575, 0.014333607932875667], [0.7274950978696162, 0.18281881995559654, 0.0142620341288985, 0.02064066624087788, 0.04046779140844269, 0.01431559039656826], [0.7347280392697303, 0.17609637541752562, 0.014274045819770103, 0.02006410507904087, 0.0405038264810575, 0.014333607932875667], [0.7795534114133803, 0.13656979235423833, 0.014173874929840853, 0.016873944127838252, 0.038645625576720244, 0.01418335159798179], [0.06188309290464265, 0.10838302033699329, 0.013757380962104814, 0.018897400508392864, 0.7834164191812552, 0.013662686106611123], [0.8260794130977979, 0.08247205634690882, 0.027717260024927207, 0.017403599406481143, 0.032064054389741976, 0.01426361673414305], [0.9100467675378267, 0.03034368026898976, 0.012270625095521931, 0.012483249274033317, 0.021746767537826686, 0.01310891028580162]], [[0.8994093167701862, 0.036852277432712216, 0.012369461697722567, 0.012657494824016562, 0.02520639751552795, 0.013505051759834368], [0.7854711289557069, 0.10762511994906568, 0.03331503922637636, 0.0193179283870567, 0.03921426015005355, 0.015056523331740722], [0.6683606647735919, 0.22701983700398504, 0.01507067709080601, 0.022928614656959192, 0.051468695087494305, 0.015151511387163561], [0.7228217843115281, 0.14204476552088513, 0.057715832178656716, 0.024147338861169515, 0.038225118003605986, 0.015045161124154258], [0.6582462446762181, 0.23609126013977585, 0.015025458232558339, 0.024554404627708627, 0.05103057592466463, 0.015052056399074386], [0.09552079741226267, 0.21202570417747638, 0.013775603953230658, 0.02380595601404925, 0.6411907235256415, 0.013681214917339484], [0.6097299359217041, 0.2722567823165324, 0.014094129215405864, 0.03164447883739653, 0.0582091390756683, 0.014065534633292819], [0.6000727784059434, 0.27600602991923906, 0.014163756658130827, 0.027029566565816683, 0.06855969426045314, 0.014168174190416752], [0.6209480717437043, 0.26166119568321244, 0.014205375209692818, 0.027834893286890566, 0.061119862058740385, 0.01423060201775974], [0.6370878309362854, 0.25035003615521595, 0.014216275306530482, 0.02724565490964221, 0.056853250529309604, 0.014246952163016236], [0.6907046411878043, 0.2097653091313358, 0.01346106896459289, 0.02380603455380088, 0.04879401893605624, 0.013468927226409948], [0.06365515641859931, 0.1801251518816656, 0.013168167578226737, 0.02379718266683811, 0.7061638164704831, 0.013090524984187224], [0.0619970504620899, 0.12333181942076134, 0.013168167578226737, 0.01968907780086502, 0.7687233597538697, 0.013090524984187222], [0.771916954751192, 0.14383232410031885, 0.013487189690010932, 0.018935817843184342, 0.03831960530075686, 0.013508108314537014], [0.6154714543093716, 0.13745943479514133, 0.013524407455639256, 0.019292197414018823, 0.20068857106284946, 0.013563934962979498], [0.7196199215978412, 0.1843335729742256, 0.013469614634019779, 0.021931285137064792, 0.04716385992629828, 0.013481745730550283], [0.777233952662326, 0.13985836239239607, 0.013478320035585491, 0.01938373539166914, 0.03655082568512461, 0.013494803832898852], [0.7779361347835285, 0.14205596455082786, 0.013444439553816237, 0.01821280029189558, 0.03490667770968677, 0.013443983110244969], [0.06854432773748961, 0.13514656984261292, 0.013168167578226737, 0.017848893673206627, 0.7522015161842769, 0.013090524984187224], [0.23301412149522138, 0.13397408009327308, 0.013168167578226737, 0.017848893673206623, 0.5889042121758848, 0.013090524984187222], [0.7264327593846619, 0.1836901808278766, 0.014115804848722446, 0.0226325164849906, 0.03903249197744441, 0.014096246476304183], [0.09639499633795172, 0.2248379227733067, 0.01380785393056305, 0.02958845501661312, 0.6216567658253574, 0.01371400611620795], [0.5090220697404776, 0.4011008704720608, 0.014115804848722446, 0.022632516484990598, 0.03903249197744441, 0.014096246476304182], [0.08093722683379316, 0.4024028350827197, 0.013705988588803106, 0.018396954460042136, 0.47094656377199196, 0.01361043126264985], [0.48636517988778527, 0.41054984253931176, 0.014216275306530482, 0.019967124121383344, 0.054654625981972904, 0.014246952163016236], [0.044089519450800925, 0.030323646071700995, 0.012283676582761251, 0.012495911517925248, 0.021742471395881008, 0.8790647749809306], [0.044089519450800925, 0.030323646071700995, 0.012283676582761251, 0.012495911517925248, 0.021742471395881008, 0.8790647749809306], [0.04419733394621927, 0.030371347582931127, 0.012252600934651038, 0.012465762659924922, 0.02175270052861411, 0.8789602543476596], [0.06835862412513022, 0.11678351082613142, 0.013622332496979837, 0.015501845162110742, 0.7722083161416224, 0.013525371248025277], [0.7667913790895323, 0.11458076987989035, 0.041786967543597474, 0.0265507935992356, 0.03607154945255084, 0.014218540435193472], [0.9100727105384262, 0.03038396993403896, 0.012244377972081607, 0.012457784936339929, 0.021755407271053843, 0.01308574934805952], [0.08217187773740457, 0.0742213107034511, 0.028581326514745146, 0.021502556233934947, 0.7799342118234349, 0.013588716987029223], [0.7203658087596546, 0.1921479262999187, 0.014163756658130827, 0.0193776177860462, 0.039776716305832946, 0.014168174190416752], [0.7278327757695111, 0.18248114205570157, 0.0142620341288985, 0.02064066624087788, 0.04046779140844269, 0.01431559039656826], [0.7257124805110973, 0.18410095019446504, 0.014250257961377319, 0.02120592228189455, 0.040432462905879145, 0.01429792614528649], [0.7327899113591732, 0.17752400646603947, 0.0142620341288985, 0.02064066624087788, 0.04046779140844269, 0.01431559039656826], [0.7317326921517096, 0.18078104290786368, 0.014163756658130827, 0.0193776177860462, 0.039776716305832946, 0.014168174190416752], [0.06444192472927522, 0.12021930082844044, 0.013820650603490824, 0.016683866646225586, 0.7711072396487082, 0.01372701754385965], [0.8227361068611391, 0.07454848266688383, 0.032584435304195324, 0.021349570582358434, 0.03467435873374457, 0.01410704585167876], [0.9100467675378267, 0.03034368026898976, 0.012270625095521931, 0.012483249274033317, 0.021746767537826686, 0.01310891028580162]], [[0.8994093167701862, 0.036852277432712216, 0.012369461697722567, 0.012657494824016562, 0.02520639751552795, 0.013505051759834368], [0.09545947114733991, 0.11898417540194277, 0.07671497067657436, 0.03697645079522769, 0.6575366504054164, 0.014328281573498965], [0.6576090185952186, 0.23946407121553556, 0.014907514425034648, 0.022711632775866363, 0.05040099559983834, 0.014906767388506516], [0.6646580544191526, 0.22949077615062424, 0.015059958989869865, 0.024453115071656116, 0.05121376370772629, 0.015124331660970939], [0.5900176012824743, 0.2893810927829905, 0.015135299454891005, 0.027219422244336905, 0.0630558903273812, 0.01519069390792611], [0.6329406661651381, 0.2575648258373557, 0.014102024028541674, 0.02702289251954921, 0.05428256406712354, 0.01408702738229163], [0.10657685480698079, 0.28352430933038103, 0.013757380962104814, 0.028380579213078558, 0.5540981895808437, 0.013662686106611123], [0.10792779225967218, 0.5103664535370595, 0.013736409555692195, 0.031624417454769065, 0.32270356443632225, 0.013641362756484707], [0.5927863917010765, 0.29229008738511225, 0.014115804848722446, 0.029234746697012925, 0.05747672289177162, 0.01409624647630418], [0.6187624806542658, 0.27403141573520423, 0.014227385020615024, 0.025618553380706933, 0.05309654847506487, 0.01426361673414305], [0.5552843742713991, 0.3506684897914439, 0.013514832011084396, 0.02185974571897933, 0.0451229864109461, 0.013549571796147209], [0.7658259545499078, 0.1522497390042605, 0.013478320035585491, 0.01938373539166914, 0.03556744718567829, 0.013494803832898852], [0.6075240069254967, 0.3109375165961784, 0.013487189690010934, 0.018935817843184346, 0.03560736063059278, 0.013508108314537014], [0.6092883116960789, 0.3074584651289727, 0.013524407455639256, 0.019292197414018823, 0.03687268334231069, 0.013563934962979498], [0.7081388876162024, 0.1959571056082024, 0.013469614634019779, 0.02193128513706479, 0.04702136127396024, 0.013481745730550283], [0.07353497559156083, 0.215471824475837, 0.013168167578226737, 0.02357665098887022, 0.661157856381318, 0.013090524984187224], [0.0661720001806433, 0.20174554574293668, 0.013168167578226737, 0.02195699853917971, 0.6838667629748264, 0.013090524984187222], [0.7745108874806799, 0.14356480607348848, 0.013478320035585491, 0.019383735391669144, 0.035567447185678294, 0.013494803832898852], [0.6099888920254779, 0.3080626282098553, 0.013444439553816237, 0.01821280029189558, 0.03684725680870989, 0.013443983110244969], [0.767584850947027, 0.14674221176219907, 0.013478320035585491, 0.01938373539166914, 0.03931607803062052, 0.013494803832898852], [0.6645567235363585, 0.22646240986414384, 0.01423871045730315, 0.025845204452794042, 0.05461634680022528, 0.01428060488917524], [0.41950024585837653, 0.4675799568644907, 0.014125058706678451, 0.029457107161037777, 0.055227504146178406, 0.014110127263238188], [0.6404991367155326, 0.2587276107346139, 0.014238710457303152, 0.02375332024028075, 0.048500616963094365, 0.01428060488917524], [0.04427738067788795, 0.030406763507801096, 0.012229528860195219, 0.012443378679578818, 0.021760295134885865, 0.8788826531396511], [0.777979143607369, 0.13982198681683064, 0.014206173755097487, 0.02067291671834079, 0.033059466811591054, 0.014260312290771062], [0.044089519450800925, 0.030323646071700995, 0.012283676582761251, 0.012495911517925248, 0.021742471395881008, 0.8790647749809306], [0.044089519450800925, 0.030323646071700995, 0.012283676582761251, 0.012495911517925248, 0.021742471395881008, 0.8790647749809306], [0.7654005899057137, 0.13778251961976934, 0.014223831586921837, 0.03517155545515325, 0.03316141524187515, 0.014260088190566778], [0.7080153981555544, 0.19257178602850797, 0.014216275306530482, 0.030123827587539946, 0.0408257607588509, 0.014246952163016236], [0.564115364685152, 0.31429955285078315, 0.04284866895171129, 0.029003232163362293, 0.03547793676780664, 0.014255244581184602], [0.9101136311039111, 0.03044751986422896, 0.012202977705777983, 0.012417619378230348, 0.02176903494561444, 0.013049217002237136], [0.550662714274772, 0.3318319282370896, 0.0518790119555648, 0.02023100679453092, 0.03125307139767545, 0.014142267340367259], [0.07319895293091538, 0.1833008394110968, 0.01366311603229527, 0.023196860496731288, 0.6930733919132749, 0.013566839215686273], [0.7086459778152557, 0.20111451810889688, 0.01419467885298296, 0.021316312474621596, 0.04051395526554791, 0.014214557482694953], [0.44113447851724447, 0.44572013496052565, 0.01423871045730315, 0.027234865659342467, 0.057391205516409034, 0.01428060488917524], [0.7171629918111567, 0.19447433830324717, 0.014144062164980957, 0.020421425922989345, 0.03965854934693372, 0.014138632450691947], [0.06717747397576353, 0.1731533183974747, 0.013796286632327029, 0.021694516205598407, 0.7104761600941302, 0.013702244694706198], [0.0674527508568264, 0.17308298502158412, 0.013820650603490824, 0.0184171530887644, 0.7134994428854746, 0.01372701754385965], [0.08825345076763413, 0.07758366172374968, 0.023425248549315957, 0.020437948076827285, 0.7765726733386134, 0.01372701754385965], [0.9100467675378267, 0.03034368026898976, 0.012270625095521931, 0.012483249274033317, 0.021746767537826686, 0.01310891028580162]], [[0.8994093167701862, 0.036852277432712216, 0.012369461697722567, 0.012657494824016562, 0.02520639751552795, 0.013505051759834368], [0.7161568404250428, 0.13117830720368134, 0.06375753936258009, 0.032045931635579415, 0.04202262541734501, 0.014838755955771332], [0.09865753219257582, 0.22711154040054476, 0.014455355011569845, 0.03266098161950673, 0.6127863092023039, 0.014328281573498965], [0.5747978850540783, 0.30365846516342593, 0.014970725933647787, 0.027502658606564846, 0.0640797831656455, 0.014990482076637824], [0.5551186276322659, 0.3199487716385892, 0.015179072676839052, 0.0299480486057244, 0.064579157414888, 0.015226322031693563], [0.6314648451491449, 0.25597302194235644, 0.014216275306530482, 0.02724565490964221, 0.056853250529309604, 0.014246952163016236], [0.6163478714807417, 0.26686169924550524, 0.014153820697622785, 0.027897580861571583, 0.060585757464904084, 0.014153270249654688], [0.21589282542694613, 0.629884413245462, 0.017617124689008175, 0.03437414217435337, 0.08729129614233865, 0.014940198321891685], [0.09920303339918714, 0.285413784112245, 0.01366311603229527, 0.02544442440234, 0.5627088028382461, 0.013566839215686273], [0.413766712169845, 0.46726045909274294, 0.014163756658130827, 0.027395814855915412, 0.06324508303294896, 0.014168174190416752], [0.5252157457566171, 0.3757509559768063, 0.013505440709694052, 0.023663032314852003, 0.04832934039796876, 0.013535484844061694], [0.5534606812157823, 0.35200317829135513, 0.013514832011084396, 0.021859745718979327, 0.045611990966651576, 0.013549571796147209], [0.7714256940096257, 0.14669389423045545, 0.013524407455639256, 0.019292197414018823, 0.03549987192728123, 0.013563934962979498], [0.5526246415645967, 0.3541491088343816, 0.013514832011084396, 0.02185974571897933, 0.044302100074810974, 0.013549571796147209], [0.3601692605010697, 0.5427163648552185, 0.013505440709694052, 0.023663032314852, 0.04641041677510388, 0.013535484844061692], [0.49237462395725545, 0.4048982778671201, 0.013412915975126581, 0.028891996688507136, 0.047025487769780105, 0.013396697742210488], [0.07353497559156083, 0.5520563512880678, 0.013168167578226737, 0.02357665098887022, 0.32457332956908724, 0.013090524984187224], [0.7257501976008903, 0.1821943564806404, 0.01340537477419005, 0.021244056294023907, 0.04402062890944981, 0.013385385940805688], [0.06593742250911899, 0.31005817220059995, 0.013168167578226737, 0.020856671178578368, 0.5768890415492888, 0.013090524984187224], [0.5492422207687383, 0.1911547627827497, 0.013469614634019779, 0.021931285137064792, 0.21072037094687723, 0.013481745730550283], [0.42640832477666435, 0.45484139490354525, 0.014173874929840851, 0.02819233080508455, 0.06220072298688296, 0.01418335159798179], [0.11471592832544711, 0.27471841917851497, 0.013717931283443232, 0.027584294632931376, 0.555640852199177, 0.01362257438048629], [0.4216384822774535, 0.4676534940039725, 0.014173874929840853, 0.024082900838214103, 0.05826789635253734, 0.014183351597981791], [0.044089519450800925, 0.030323646071700995, 0.012283676582761251, 0.012495911517925248, 0.021742471395881008, 0.8790647749809306], [0.044089519450800925, 0.030323646071700995, 0.012283676582761251, 0.012495911517925248, 0.021742471395881008, 0.8790647749809306], [0.044089519450800925, 0.030323646071700995, 0.012283676582761251, 0.012495911517925248, 0.021742471395881008, 0.8790647749809306], [0.48588350272336084, 0.41433592270608904, 0.014216275306530482, 0.03680895095661492, 0.03450839614438849, 0.014246952163016236], [0.07523154305437978, 0.4024468899498674, 0.013739039502497075, 0.021717956816939554, 0.4732205338370622, 0.013644036839253927], [0.5043728812593905, 0.1978709151108614, 0.014205375209692818, 0.2285435160792142, 0.04077671032308142, 0.01423060201775974], [0.708721631999069, 0.19224042792667678, 0.01425025796137732, 0.029842671609372165, 0.0406470843582183, 0.01429792614528649], [0.7433367434938163, 0.13462320206023473, 0.04731244514112592, 0.024810513965752748, 0.03566185075788574, 0.014255244581184602], [0.9076064676616915, 0.031882669983416254, 0.012272056384742953, 0.012502769485903814, 0.02255437810945274, 0.013181658374792703], [0.7304382389983756, 0.13518400675444753, 0.055096440033517755, 0.03198309530276952, 0.033163205158827494, 0.01413501375206196], [0.43205691375583527, 0.4547976997219348, 0.01423871045730315, 0.027234865659342467, 0.057391205516409034, 0.01428060488917524], [0.39789947328785064, 0.48135307464741467, 0.014173874929840853, 0.02958199201163298, 0.06280823352527919, 0.014183351597981791], [0.07798347437424481, 0.2620356531253618, 0.013684632709154924, 0.02531960534961388, 0.6073879174545953, 0.013588716987029223], [0.7059575913352153, 0.2056797387791886, 0.014144062164980957, 0.020421425922989345, 0.03965854934693372, 0.014138632450691947], [0.5160955623973267, 0.39063018742394723, 0.020194416581977664, 0.02002043448629819, 0.03897237172815858, 0.014087027382291627], [0.07822986045907745, 0.1028899607356029, 0.03081697857245995, 0.0326466310400153, 0.7417353542755049, 0.013681214917339484], [0.9100467675378267, 0.03034368026898976, 0.012270625095521931, 0.012483249274033317, 0.021746767537826686, 0.01310891028580162]], [[0.8994270704573546, 0.03676598681499794, 0.012404223320972393, 0.012690832303255047, 0.025177688504326327, 0.01353419859909353], [0.7227904751514542, 0.14108956258262742, 0.05609262807843549, 0.02607653409300243, 0.038933673487003544, 0.015017126607476967], [0.6576090185952186, 0.23946407121553556, 0.014907514425034648, 0.022711632775866363, 0.05040099559983834, 0.014906767388506516], [0.6658307085179513, 0.22845711919539363, 0.015081312205171858, 0.02442825349688782, 0.05105723842503145, 0.015145368159563948], [0.5754955022378964, 0.3046705652714126, 0.015143055872077291, 0.027187408152908772, 0.06234142510366167, 0.01516204336204336], [0.6281760089425014, 0.26567215008647677, 0.014227385020615024, 0.025552519651666467, 0.05210831956459717, 0.01426361673414305], [0.4168883476265787, 0.4667534373817679, 0.014163756658130827, 0.027395814855915412, 0.060630469287190264, 0.014168174190416752], [0.6187923267092355, 0.26818228626666524, 0.014205375209692818, 0.0277688595578501, 0.056820550238796605, 0.01423060201775974], [0.4143096278823088, 0.46753084936355527, 0.014163756658130827, 0.027395814855915412, 0.062431777049672885, 0.014168174190416754], [0.6205141779241398, 0.2686137672684095, 0.014227385020615026, 0.025552519651666467, 0.05682853340102629, 0.01426361673414305], [0.5490403984167543, 0.19250814475162356, 0.013514832011084396, 0.021859745718979327, 0.2095273073054112, 0.013549571796147209], [0.6104414732847037, 0.30511655054466685, 0.013524407455639256, 0.019292197414018823, 0.03806143633799175, 0.013563934962979498], [0.7147635354980817, 0.1911625021409251, 0.013469614634019779, 0.021931285137064792, 0.04519131685935841, 0.013481745730550283], [0.6843735574160281, 0.2160963929031119, 0.01346106896459289, 0.02380603455380088, 0.04879401893605624, 0.013468927226409948], [0.49618252204683166, 0.4005493513884473, 0.01345267867097376, 0.027860230478947638, 0.04849887562881836, 0.013456341785981254], [0.3364439153357092, 0.5630516124104257, 0.013487189690010932, 0.02816956735702251, 0.04533960689229459, 0.013508108314537012], [0.496059591740895, 0.40121331008348066, 0.013412915975126581, 0.028891996688507136, 0.047025487769780105, 0.013396697742210488], [0.0709320831572223, 0.3902835744780326, 0.013168167578226737, 0.026069128653740982, 0.4864565211485903, 0.013090524984187224], [0.5494230964946912, 0.35728742774812783, 0.013428398794748494, 0.02117088748881326, 0.04527026750197591, 0.013419921971643354], [0.689348233944191, 0.21141069457951814, 0.013505440709694052, 0.023663032314852, 0.04853711360768307, 0.013535484844061692], [0.5962278676033155, 0.28298893701736444, 0.014163756658130827, 0.03012395014642163, 0.06232731438435071, 0.014168174190416752], [0.1176443112246328, 0.4827087849303477, 0.013739039502497075, 0.027553890937986658, 0.3447099365652818, 0.013644036839253927], [0.4050613043136305, 0.4745276838129842, 0.014163756658130827, 0.02601452017955118, 0.06606456084528642, 0.014168174190416752], [0.04436949780143486, 0.03044751986422895, 0.012202977705777983, 0.012417619378230348, 0.02176903494561444, 0.8787933503047134], [0.6672098227933725, 0.22732376884233674, 0.01423871045730315, 0.023753320240280748, 0.053193772777531644, 0.01428060488917524], [0.4956330517898319, 0.4170238972266103, 0.014250257961377319, 0.021224482350716264, 0.03757038452617765, 0.01429792614528649], [0.492395015626015, 0.4155057060813423, 0.014205375209692818, 0.0228865907421088, 0.040776710323081417, 0.01423060201775974], [0.07746183582635827, 0.4152409379741178, 0.013820650603490824, 0.019465370631075264, 0.46028418742109806, 0.01372701754385965], [0.49813702622556005, 0.402312961880354, 0.01419467885298296, 0.030412198840521307, 0.040728576717887065, 0.014214557482694954], [0.64801