{"prediction": [[[0.8994867821330902, 0.03647576217968196, 0.012521138458421958, 0.012802957561025017, 0.02508113035551504, 0.013632229312265775], [0.8994424615384615, 0.03669117948717949, 0.012434358974358975, 0.012719733333333334, 0.025152800000000003, 0.013559466666666667], [0.8994093167701862, 0.036852277432712216, 0.012369461697722567, 0.012657494824016562, 0.02520639751552795, 0.013505051759834368], [0.8994093167701862, 0.036852277432712216, 0.012369461697722567, 0.012657494824016562, 0.02520639751552795, 0.013505051759834368], [0.8994093167701862, 0.036852277432712216, 0.012369461697722567, 0.012657494824016562, 0.02520639751552795, 0.013505051759834368], [0.8994093167701862, 0.036852277432712216, 0.012369461697722567, 0.012657494824016562, 0.02520639751552795, 0.013505051759834368], [0.8994093167701862, 0.036852277432712216, 0.012369461697722567, 0.012657494824016562, 0.02520639751552795, 0.013505051759834368], [0.8994270704573546, 0.03676598681499794, 0.012404223320972393, 0.012690832303255047, 0.025177688504326327, 0.01353419859909353], [0.899459889773423, 0.03660647070830781, 0.012468483363951826, 0.012752459685650131, 0.02512461726883037, 0.0135880791998367], [0.8994696183206106, 0.036559185750636124, 0.012487531806615776, 0.012770727735368956, 0.0251088854961832, 0.01360405089058524], [0.899459889773423, 0.03660647070830781, 0.012468483363951826, 0.012752459685650131, 0.02512461726883037, 0.0135880791998367], [0.8994424615384615, 0.03669117948717949, 0.012434358974358975, 0.012719733333333334, 0.025152800000000003, 0.013559466666666667], [0.8995185185185183, 0.03632150958546622, 0.012583278129077587, 0.012862551440329217, 0.025029810298102976, 0.01368433202850547], [0.8995331334332833, 0.03625047476261869, 0.012611894052973513, 0.012889995002498749, 0.025006176911544227, 0.013708325837081458], [0.8995016641452345, 0.03640342914775592, 0.012550277357539082, 0.012830902672718103, 0.02505706505295007, 0.01365666162380232], [0.8994424615384615, 0.03669117948717949, 0.012434358974358975, 0.012719733333333334, 0.025152800000000003, 0.013559466666666667], [0.8994093167701862, 0.036852277432712216, 0.012369461697722567, 0.012657494824016562, 0.02520639751552795, 0.013505051759834368], [0.8994270704573546, 0.03676598681499794, 0.012404223320972393, 0.012690832303255047, 0.025177688504326327, 0.01353419859909353], [0.8994867821330902, 0.03647576217968196, 0.012521138458421958, 0.012802957561025017, 0.02508113035551504, 0.013632229312265775], [0.910163365182941, 0.030524757243843702, 0.012152660607473005, 0.012368802920842073, 0.021785597762759262, 0.013004816282140915], [0.9100727105384262, 0.03038396993403896, 0.012244377972081607, 0.012457784936339929, 0.021755407271053843, 0.01308574934805952], [0.9100467675378267, 0.03034368026898976, 0.012270625095521931, 0.012483249274033317, 0.021746767537826686, 0.01310891028580162], [0.9100338672768878, 0.030323646071700995, 0.012283676582761251, 0.012495911517925248, 0.021742471395881008, 0.013120427154843631], [0.9100338672768878, 0.030323646071700995, 0.012283676582761251, 0.012495911517925248, 0.021742471395881008, 0.013120427154843631], [0.9100338672768878, 0.030323646071700995, 0.012283676582761251, 0.012495911517925248, 0.021742471395881008, 0.013120427154843631], [0.9100338672768878, 0.030323646071700995, 0.012283676582761251, 0.012495911517925248, 0.021742471395881008, 0.013120427154843631], [0.9100338672768878, 0.030323646071700995, 0.012283676582761251, 0.012495911517925248, 0.021742471395881008, 0.013120427154843631], [0.9100467675378267, 0.03034368026898976, 0.012270625095521931, 0.012483249274033317, 0.021746767537826686, 0.01310891028580162], [0.9100467675378267, 0.03034368026898976, 0.012270625095521931, 0.012483249274033317, 0.021746767537826686, 0.01310891028580162], [0.9100467675378267, 0.03034368026898976, 0.012270625095521931, 0.012483249274033317, 0.021746767537826686, 0.01310891028580162], [0.9075143832276938, 0.03163313830651714, 0.01241454575004063, 0.012640646838940353, 0.02249132130667967, 0.013305964570128392], [0.9100467675378267, 0.03034368026898976, 0.012270625095521931, 0.012483249274033317, 0.021746767537826686, 0.01310891028580162], [0.9100727105384262, 0.03038396993403896, 0.012244377972081607, 0.012457784936339929, 0.021755407271053843, 0.01308574934805952], [0.910163365182941, 0.030524757243843702, 0.012152660607473005, 0.012368802920842073, 0.021785597762759262, 0.013004816282140915], [0.8994867821330902, 0.03647576217968196, 0.012521138458421958, 0.012802957561025017, 0.02508113035551504, 0.013632229312265775], [0.8994270704573546, 0.03676598681499794, 0.012404223320972393, 0.012690832303255047, 0.025177688504326327, 0.01353419859909353], [0.8994093167701862, 0.036852277432712216, 0.012369461697722567, 0.012657494824016562, 0.02520639751552795, 0.013505051759834368], [0.8994093167701862, 0.036852277432712216, 0.012369461697722567, 0.012657494824016562, 0.02520639751552795, 0.013505051759834368], [0.8994093167701862, 0.036852277432712216, 0.012369461697722567, 0.012657494824016562, 0.02520639751552795, 0.013505051759834368], [0.8994093167701862, 0.036852277432712216, 0.012369461697722567, 0.012657494824016562, 0.02520639751552795, 0.013505051759834368]], [[0.910163365182941, 0.030524757243843702, 0.012152660607473005, 0.012368802920842073, 0.021785597762759262, 0.013004816282140915], [0.7727502876878201, 0.11397000600636735, 0.04193319116046636, 0.020549855365583597, 0.03649435012248723, 0.014302309657275332], [0.767986527074259, 0.11813595314479279, 0.04622400484757485, 0.019271928977927358, 0.034126341374261175, 0.014255244581184602], [0.7731312028988143, 0.11205011293742674, 0.045162303439461024, 0.020717886230098986, 0.03471995405900537, 0.01421854043519347], [0.8237528780097434, 0.08602948328305429, 0.028920339935100937, 0.015416606746874839, 0.031528702565410925, 0.014351989459815546], [0.8181141314978075, 0.07837057816493442, 0.033548239719525814, 0.021322784634352596, 0.034464498068751515, 0.014179767914627989], [0.0933645001642042, 0.07766423147232122, 0.028581326514745146, 0.021502556233934947, 0.7652986686277652, 0.013588716987029223], [0.7893822456029951, 0.09858781281403596, 0.045094765701151486, 0.018519877682296487, 0.03440120812042938, 0.014014090079091636], [0.057267278056575416, 0.09992735824347782, 0.11406685428797121, 0.023755707432275074, 0.6914352413879471, 0.013547560591753226], [0.910155027932961, 0.030511809435133458, 0.012161095592799504, 0.012376986343885786, 0.02178282122905028, 0.01301225946617008], [0.7360201305933946, 0.13940287172934415, 0.055499784449415446, 0.01889450103381329, 0.036056778811767116, 0.014125933382265561], [0.44855722311782725, 0.38302913539579214, 0.08478855664870233, 0.019341864142650846, 0.05020409989768885, 0.014079120797338562], [0.9100467675378267, 0.03034368026898976, 0.012270625095521931, 0.012483249274033317, 0.021746767537826686, 0.01310891028580162], [0.91005, 0.030348700305810397, 0.012267354740061163, 0.012480076452599388, 0.021747844036697248, 0.013106024464831804], [0.910163365182941, 0.030524757243843702, 0.012152660607473005, 0.012368802920842073, 0.021785597762759262, 0.013004816282140915], [0.12329335945240417, 0.209192180357008, 0.08132722648993551, 0.016918567262145134, 0.5549403848650082, 0.014328281573498965], [0.14485093231432492, 0.12403976755242126, 0.09210601292089589, 0.027697353693105484, 0.5969776519457536, 0.014328281573498965], [0.6779438200679372, 0.1448082042110607, 0.06371148201238529, 0.030369911156168793, 0.06837841566726455, 0.014788166885183664], [0.6839263604705037, 0.14170882736212864, 0.061967421407267416, 0.029606306909719056, 0.06788808502074738, 0.014902998829633708], [0.06908137969599523, 0.10724310902627807, 0.056523593393678864, 0.029717614062318057, 0.7238647208803687, 0.013569582941360927], [0.7670503291427808, 0.099367691327746, 0.04879247892061235, 0.02973482363285848, 0.04101208966956918, 0.014042587306433325], [0.07258703412706273, 0.09887354737576505, 0.058511465613444634, 0.03170235338829196, 0.7246629133888246, 0.013662686106611123], [0.05956184764096951, 0.09921499480935342, 0.09182819848320338, 0.023645461731044, 0.7120538078124965, 0.013695689522932965], [0.9100419243986254, 0.03033615883925162, 0.012275525009545629, 0.012488003054600993, 0.021745154639175257, 0.01311323405880107], [0.8035477734767645, 0.0880997395312038, 0.030599243782388277, 0.023911282259393794, 0.03941788043788363, 0.014424080512365805], [0.08819407689743679, 0.08724986892717478, 0.08563569994729088, 0.03153403483165835, 0.6937853681293825, 0.01360095126705653], [0.08793756204533731, 0.0869968747759665, 0.29510664583422713, 0.031488790236620705, 0.4848475527273621, 0.01362257438048629], [0.46261755491830586, 0.3513384791445107, 0.1024685409325087, 0.031075522427172486, 0.03856844914784327, 0.013931453429658977], [0.135009416060434, 0.10467959191529022, 0.39112514030689893, 0.015614861156030217, 0.3398753010384135, 0.013695689522932965], [0.07571532435055961, 0.1596454589953264, 0.36731963868424145, 0.015937400886058672, 0.3675067588720297, 0.013875418211784096], [0.647292827171074, 0.1404257238275101, 0.11471688807142301, 0.024734849178779418, 0.05883938722307499, 0.013990324528138406], [0.6473865656954593, 0.1451064284447947, 0.11399600262177476, 0.02434377392776626, 0.05514320900325868, 0.014024020306946331], [0.16148741852162732, 0.11367831558056612, 0.3671556258138066, 0.015600874499793839, 0.32840315434479106, 0.013674611239414934], [0.12192128613625701, 0.10377979251941401, 0.08333707216125007, 0.02045361976672131, 0.6568668666598729, 0.013641362756484707], [0.0918038816356846, 0.11281502114078308, 0.05061407342539259, 0.03812332694950153, 0.6922059980742028, 0.014437698774435327], [0.6883975770762627, 0.16054448121616596, 0.06898607953969323, 0.02449022744339604, 0.042644388631286036, 0.014937246093196063], [0.6959496287182818, 0.15776445390963484, 0.06788515178242242, 0.021150904169522113, 0.042140826264147314, 0.015109035155991678], [0.7823136884790617, 0.1124530565052631, 0.03494779053304071, 0.01662129549187672, 0.038487711245604274, 0.015176457745153396], [0.7929921523620739, 0.10481158693760305, 0.02638787510388304, 0.019058238511050367, 0.04157368934023622, 0.015176457745153396], [0.8994093167701862, 0.036852277432712216, 0.012369461697722567, 0.012657494824016562, 0.02520639751552795, 0.013505051759834368]], [[0.9100727105384262, 0.03038396993403896, 0.012244377972081607, 0.012457784936339929, 0.021755407271053843, 0.01308574934805952], [0.5548709903880467, 0.32269700998590756, 0.05477848469267255, 0.019271928977927358, 0.034126341374261175, 0.014255244581184602], [0.5117655623067296, 0.39418475642654494, 0.017831311880656932, 0.019713488530313426, 0.042290323373060185, 0.014214557482694953], [0.07811392841311941, 0.1832974850119994, 0.013644155603695682, 0.026681150230447086, 0.6847157201489853, 0.013547560591753226], [0.7700263748674868, 0.1043385164573202, 0.049797574346196104, 0.02461431914491191, 0.037080947843717585, 0.014142267340367259], [0.0933645001642042, 0.07766423147232122, 0.028581326514745146, 0.021502556233934947, 0.7652986686277652, 0.013588716987029223], [0.7901756656755998, 0.09803482529438487, 0.04491533297977474, 0.018526023787867045, 0.03429645108048225, 0.014051701181891276], [0.9100338672768878, 0.030323646071700995, 0.012283676582761251, 0.012495911517925248, 0.021742471395881008, 0.013120427154843631], [0.9100338672768878, 0.030323646071700995, 0.012283676582761251, 0.012495911517925248, 0.021742471395881008, 0.013120427154843631], [0.748737862069506, 0.13482365216635603, 0.0465660375982306, 0.018888244274073006, 0.0369235497087142, 0.01406065418312032], [0.9100338672768878, 0.030323646071700995, 0.012283676582761251, 0.012495911517925248, 0.021742471395881008, 0.013120427154843631], [0.6159459503305507, 0.20167888944872242, 0.048010841477517774, 0.034116890009657265, 0.08617877229618416, 0.01406865643736767], [0.9100338672768878, 0.030323646071700995, 0.012283676582761251, 0.012495911517925248, 0.021742471395881008, 0.013120427154843631], [0.09123369854746918, 0.6804673067914346, 0.1275669055226781, 0.026505842317162846, 0.05828251788928411, 0.015943728931971005], [0.3250815038176611, 0.46017667754210717, 0.04864457271012325, 0.03446268904249258, 0.11758180158728682, 0.014052755300329137], [0.49536473939458836, 0.3718989457139063, 0.014994118394735648, 0.03747372752058678, 0.06530008683181396, 0.014968382144368946], [0.5341838835180288, 0.33567599312038515, 0.014890885830712245, 0.03279509680915247, 0.06758341879948662, 0.014870721922234511], [0.10108515292187596, 0.28773091601718476, 0.014455355011569845, 0.028093271005408683, 0.5543070234704619, 0.014328281573498965], [0.09359798872960164, 0.2018814862099047, 0.014545805834528934, 0.023987204747536836, 0.6515664575678587, 0.014421056910569104], [0.7544485166077973, 0.15808988785594832, 0.014112174762747214, 0.018918917997102873, 0.040337899822099496, 0.01409260295430485], [0.6682061016013858, 0.22411238835014605, 0.014238710457303152, 0.02531423385791331, 0.05384796084407653, 0.01428060488917524], [0.7130758170738792, 0.1879099286852352, 0.014144062164980957, 0.02092904626001618, 0.04980251336519636, 0.014138632450691947], [0.08919155267409752, 0.1897373062337823, 0.01380785393056305, 0.018686298444761718, 0.6748629826005873, 0.01371400611620795], [0.777388982494414, 0.09147626156608558, 0.04308186368764022, 0.03347588318400124, 0.04036202814232746, 0.014214980925531365], [0.9100386993359285, 0.030331150293870693, 0.012278787878787879, 0.01249116861308297, 0.021744080604534005, 0.013116113273795894], [0.9100338672768878, 0.030323646071700995, 0.012283676582761251, 0.012495911517925248, 0.021742471395881008, 0.013120427154843631], [0.9100338672768878, 0.030323646071700995, 0.012283676582761251, 0.012495911517925248, 0.021742471395881008, 0.013120427154843631], [0.4124243044295787, 0.17718306140713827, 0.3226618141208389, 0.02828215811167068, 0.045389371944522854, 0.014059289986250589], [0.1054426379259467, 0.2646577333103197, 0.031182634875088246, 0.02906129785136327, 0.5560143332807972, 0.013641362756484707], [0.6009363238272206, 0.27443284826374403, 0.016430811647382613, 0.030266688660242652, 0.06385072258812718, 0.014082605013282831], [0.21921062857852824, 0.3867547574353966, 0.017617124689008175, 0.028090322824948173, 0.33338696815022706, 0.014940198321891685], [0.4052133982002436, 0.47853989811408537, 0.014153820697622783, 0.03023874876555751, 0.057700863972836004, 0.014153270249654688], [0.11636017567275274, 0.2813979578554223, 0.025025143585889642, 0.023238611053066717, 0.5403367490763837, 0.013641362756484707], [0.609293563906636, 0.27253183694898747, 0.014065241043319795, 0.030439582565777112, 0.05961963525748496, 0.014050140277794696], [0.5574623924935113, 0.31085243676462515, 0.015063197918694171, 0.03173132652496464, 0.0698081046945739, 0.01508254160363086], [0.6671611323759655, 0.2283463400126675, 0.015059958989869865, 0.02228860931250077, 0.0520196276480254, 0.015124331660970939], [0.6684085286414135, 0.22764454880035292, 0.015054375510337403, 0.0215358294521769, 0.05222965857925865, 0.015127059016460652], [0.6618668652780108, 0.23471010164496178, 0.01499227425140938, 0.02097264954234001, 0.05242420215520953, 0.015033907128068617], [0.7777071538004273, 0.11383630007328929, 0.03486783425743226, 0.0193179283870567, 0.03921426015005355, 0.015056523331740722], [0.8994093167701862, 0.036852277432712216, 0.012369461697722567, 0.012657494824016562, 0.02520639751552795, 0.013505051759834368]], [[0.9100467675378267, 0.03034368026898976, 0.012270625095521931, 0.012483249274033317, 0.021746767537826686, 0.01310891028580162], [0.5435890593085464, 0.1288391599790689, 0.2572800909739653, 0.02168730197674653, 0.03446937400961083, 0.01413501375206196], [0.6414521568301012, 0.2498625227631626, 0.02294985884325325, 0.022846876205470174, 0.04860798046883756, 0.01428060488917524], [0.5470828950786808, 0.3332400409667625, 0.04938537421613738, 0.02168730197674653, 0.03446937400961083, 0.01413501375206196], [0.9100338672768878, 0.030323646071700995, 0.012283676582761251, 0.012495911517925248, 0.021742471395881008, 0.013120427154843631], [0.9100338672768878, 0.030323646071700995, 0.012283676582761251, 0.012495911517925248, 0.021742471395881008, 0.013120427154843631], [0.9100338672768878, 0.030323646071700995, 0.012283676582761251, 0.012495911517925248, 0.021742471395881008, 0.013120427154843631], [0.9100338672768878, 0.030323646071700995, 0.012283676582761251, 0.012495911517925248, 0.021742471395881008, 0.013120427154843631], [0.9100338672768878, 0.030323646071700995, 0.012283676582761251, 0.012495911517925248, 0.021742471395881008, 0.013120427154843631], [0.9100338672768878, 0.030323646071700995, 0.012283676582761251, 0.012495911517925248, 0.021742471395881008, 0.013120427154843631], [0.9100338672768878, 0.030323646071700995, 0.012283676582761251, 0.012495911517925248, 0.021742471395881008, 0.013120427154843631], [0.9100338672768878, 0.030323646071700995, 0.012283676582761251, 0.012495911517925248, 0.021742471395881008, 0.013120427154843631], [0.9100467675378267, 0.03034368026898976, 0.012270625095521931, 0.012483249274033317, 0.021746767537826686, 0.01310891028580162], [0.3273470141407835, 0.2482950928859335, 0.048644572710123256, 0.034462689042492584, 0.32719787592033817, 0.014052755300329138], [0.35987822445443945, 0.515901145183835, 0.014163756658130827, 0.02958877257294249, 0.06629992694023537, 0.014168174190416752], [0.10999072725948113, 0.3379864392501434, 0.014455355011569845, 0.023658960131912342, 0.4995802367733946, 0.014328281573498965], [0.5793959300783585, 0.29572667582659223, 0.014992518179976703, 0.027991491750523567, 0.06688120704277768, 0.015012177121771216], [0.6780954559975038, 0.21932061819758125, 0.014894270702163597, 0.02123828902075675, 0.0515644642777947, 0.014886901804199942], [0.6758056063743847, 0.22230446575972573, 0.015019429849325718, 0.02118722543684684, 0.050671006936744846, 0.015012265642972165], [0.08439810035323038, 0.22788995012395752, 0.013644155603695682, 0.02546363308261692, 0.6350566002447462, 0.013547560591753226], [0.42378807802605406, 0.4581385414377824, 0.014173874929840853, 0.027661360210203816, 0.06205479379813707, 0.01418335159798179], [0.45702789470452015, 0.23219733296298192, 0.014184180576952914, 0.0254005067945976, 0.2569912748922976, 0.014198810068649884], [0.29364595736031074, 0.17940604554536338, 0.013717931283443232, 0.020934847721258643, 0.47867264370913776, 0.01362257438048629], [0.7234102239964616, 0.180570104583205, 0.014205375209692818, 0.02345209705344323, 0.044131597139437595, 0.01423060201775974], [0.7882838916073946, 0.09597255918884044, 0.03611158613910363, 0.024692579325241198, 0.040637074082144835, 0.014302309657275334], [0.9100338672768878, 0.030323646071700995, 0.012283676582761251, 0.012495911517925248, 0.021742471395881008, 0.013120427154843631], [0.9100338672768878, 0.030323646071700995, 0.012283676582761251, 0.012495911517925248, 0.021742471395881008, 0.013120427154843631], [0.47954067133400946, 0.14604466087360068, 0.29552334033581695, 0.02690827781667627, 0.03781487544948006, 0.014168174190416754], [0.4209662169214156, 0.456312231571746, 0.025755227819859172, 0.027661360210203816, 0.055121611878793546, 0.01418335159798179], [0.6120883903921314, 0.2718815298066631, 0.016046110567513948, 0.028390272247616644, 0.05734674482305863, 0.014246952163016236], [0.606586754930027, 0.2820452596685386, 0.014205375209692818, 0.030110027461836032, 0.05282198071214593, 0.01423060201775974], [0.6000435297965409, 0.2843536721798201, 0.014163756658130827, 0.03322313442091294, 0.05404773275417837, 0.014168174190416752], [0.6056902662845078, 0.26634401966143556, 0.014173874929840853, 0.036504656670523696, 0.06310383085571018, 0.01418335159798179], [0.6460864509209125, 0.23788748364006554, 0.014184180576952915, 0.03205570957246563, 0.05558736522095349, 0.014198810068649884], [0.6742991981925754, 0.222022222439614, 0.015191317737854024, 0.022201180621891664, 0.051032338947860405, 0.015253742060204363], [0.6707169318036137, 0.22559540194868896, 0.01509713688292941, 0.02151481268019976, 0.05190661150836805, 0.015169105176200279], [0.6630591181072912, 0.23364552759480126, 0.015014067703812795, 0.020964873772044132, 0.05226091809016522, 0.015055494731885336], [0.08263199324945814, 0.16806521349695547, 0.014479803194454542, 0.021343222372300852, 0.6991264096316187, 0.014353358055212196], [0.09818750882715345, 0.10642954858866623, 0.025234141442530188, 0.027697353693105477, 0.7281231658750457, 0.014328281573498965], [0.8994093167701862, 0.036852277432712216, 0.012369461697722567, 0.012657494824016562, 0.02520639751552795, 0.013505051759834368]], [[0.9100467675378267, 0.03034368026898976, 0.012270625095521931, 0.012483249274033317, 0.021746767537826686, 0.01310891028580162], [0.34000475681531206, 0.12189778982895821, 0.06742027951780538, 0.023670755296327395, 0.43340546727454027, 0.01360095126705653], [0.4053778165424825, 0.4750104223026388, 0.02620939852142852, 0.025194002557760692, 0.05402500847770772, 0.01418335159798179], [0.48279306841109915, 0.381568832581945, 0.05881813353021153, 0.02069419187718987, 0.04195759940913765, 0.014168174190416752], [0.9100338672768878, 0.030323646071700995, 0.012283676582761251, 0.012495911517925248, 0.021742471395881008, 0.013120427154843631], [0.9100338672768878, 0.030323646071700995, 0.012283676582761251, 0.012495911517925248, 0.021742471395881008, 0.013120427154843631], [0.9100338672768878, 0.030323646071700995, 0.012283676582761251, 0.012495911517925248, 0.021742471395881008, 0.013120427154843631], [0.9100338672768878, 0.030323646071700995, 0.012283676582761251, 0.012495911517925248, 0.021742471395881008, 0.013120427154843631], [0.7890842887208931, 0.10060948727239254, 0.03895970886136822, 0.020549855365583597, 0.03649435012248723, 0.014302309657275332], [0.7714052273181646, 0.11471725290088731, 0.04622400484757485, 0.019271928977927358, 0.034126341374261175, 0.014255244581184602], [0.5387098330070956, 0.3307676591757843, 0.04573374898757311, 0.019763095284822917, 0.050815070445984344, 0.014210593098739552], [0.6836457560183041, 0.17179054713318018, 0.06848474760298498, 0.02080608370488507, 0.04117661906434126, 0.01409624647630418], [0.11134147769566484, 0.09581251958736589, 0.07392980877563464, 0.01651123659582152, 0.6882028901620504, 0.014202067183462532], [0.37004848164079707, 0.3085659138090182, 0.014163756658130827, 0.02958877257294249, 0.26346490112869453, 0.014168174190416752], [0.3787762821630968, 0.5022877852721669, 0.014205375209692818, 0.030394099294016375, 0.06010585604326747, 0.01423060201775974], [0.47983058990878485, 0.37719014830090103, 0.01523889688287124, 0.03514882895888348, 0.07734706935533348, 0.01524446659322597], [0.523259684265921, 0.3328097261520209, 0.015091289614445468, 0.030733371471052387, 0.08300222862146889, 0.015103699875091527], [0.09932287827664557, 0.29670888774698717, 0.014562030731466091, 0.032201559598120925, 0.5427669448723449, 0.014437698774435329], [0.5776555127454186, 0.303947150727083, 0.01521147548839399, 0.02756467889325033, 0.0603910243433995, 0.015230157802454704], [0.6221909908806845, 0.26842246966043026, 0.014173874929840853, 0.02611841203636197, 0.054910900894700604, 0.01418335159798179], [0.4018152088852838, 0.480000131208213, 0.014163756658130827, 0.028540432193889846, 0.06131229686406558, 0.014168174190416752], [0.6238656349950431, 0.2567436074570762, 0.014173874929840853, 0.027661360210203816, 0.06337217080985434, 0.014183351597981791], [0.666599811233606, 0.2238254530307203, 0.014184180576952914, 0.028409387692494514, 0.05278235739757636, 0.014198810068649884], [0.7270762505821944, 0.1754088769981289, 0.014250257961377317, 0.027133047394080734, 0.041833640918931866, 0.014297926145286487], [0.7241276101102765, 0.180570104583205, 0.014205375209692818, 0.024903041195270897, 0.041963266883794995, 0.01423060201775974], [0.7748827469932572, 0.10486124364593323, 0.04231418071719643, 0.024860610189756584, 0.038862678018662965, 0.01421854043519347], [0.7811205246567636, 0.09716487444980558, 0.04170611722004339, 0.02521029516223922, 0.04054294392996336, 0.0142552445811846], [0.9075723456790122, 0.03179020576131687, 0.01232485596707819, 0.012553860082304526, 0.02253101234567901, 0.013227720164609054], [0.682508714667531, 0.15565155450144189, 0.08052688485542785, 0.02690827781667627, 0.040236393968506076, 0.014168174190416752], [0.42444219562208707, 0.3883111792935395, 0.10448785569001379, 0.033601892185738044, 0.03502905271148753, 0.01412782449713409], [0.39112148286033027, 0.49498252042338714, 0.014115804848722446, 0.03295389253776327, 0.05273005285349273, 0.014096246476304182], [0.09083628095615698, 0.5017801974685416, 0.013724544491912221, 0.023816237117099806, 0.3562134413939739, 0.013629298572315332], [0.4330426237411331, 0.24861836524524536, 0.014134476349731018, 0.2297192313020503, 0.06036104963402306, 0.01412425372781704], [0.07384015511196178, 0.41575853491931936, 0.013644155603695682, 0.02240737692928946, 0.46080221684398054, 0.013547560591753226], [0.6690320312975202, 0.2242387337519127, 0.015225121567387163, 0.02573451169655666, 0.05051216081367985, 0.015257440872943435], [0.6799505523244443, 0.21779823330659623, 0.015239922480571579, 0.020700447197487884, 0.05099324795360778, 0.015317596737292351], [0.7356214497751511, 0.16856274572737662, 0.015218467855328774, 0.02125747719473428, 0.04403495311215049, 0.015304906335258637], [0.7257127244177971, 0.18047955519539247, 0.015037692185498944, 0.020430252460509588, 0.04328951891944867, 0.015050256821353285], [0.7804102203699108, 0.11179893231114905, 0.03453413136096381, 0.019319698999186445, 0.03878678750628151, 0.015150229452508395], [0.8994093167701862, 0.036852277432712216, 0.012369461697722567, 0.012657494824016562, 0.02520639751552795, 0.013505051759834368]], [[0.9100467675378267, 0.03034368026898976, 0.012270625095521931, 0.012483249274033317, 0.021746767537826686, 0.01310891028580162], [0.1243895141502449, 0.34788700160483665, 0.09057377579410866, 0.015551996861779492, 0.4079967603219737, 0.01360095126705653], [0.4039492995246605, 0.17481547723628646, 0.3150056964503571, 0.02434377392776626, 0.0678617325539833, 0.014024020306946331], [0.9100386993359285, 0.030331150293870693, 0.012278787878787879, 0.01249116861308297, 0.021744080604534005, 0.013116113273795894], [0.10632178928200822, 0.12170452759806903, 0.34233070475343524, 0.01550184516211074, 0.4006157619563513, 0.013525371248025275], [0.9100338672768878, 0.030323646071700995, 0.012283676582761251, 0.012495911517925248, 0.021742471395881008, 0.013120427154843631], [0.7887854805856139, 0.09951235532742848, 0.039954326800095, 0.021070629563338307, 0.03643139873228708, 0.01424580899123721], [0.7804433511940807, 0.10473796464216027, 0.04516230343946102, 0.020717886230098983, 0.03471995405900537, 0.01421854043519347], [0.7398466372444044, 0.17029373641760423, 0.0142620341288985, 0.01903784229656971, 0.042244159515954983, 0.014315590396568262], [0.7628126322634934, 0.15538375847566138, 0.013478320035585491, 0.018054638496673565, 0.03677584689568748, 0.013494803832898852], [0.5535254366610112, 0.3552415176056715, 0.013514832011084396, 0.021419453214305932, 0.04274918871177971, 0.013549571796147209], [0.524624913615957, 0.38101258544584427, 0.013505440709694054, 0.023222739810178604, 0.04409883557426449, 0.013535484844061694], [0.4956408137018355, 0.40287920279238765, 0.013412915975126581, 0.027578908746844155, 0.04709146104159562, 0.013396697742210488], [0.47312528317268115, 0.4221564574273922, 0.013444439553816237, 0.02665951680995752, 0.05117031992590781, 0.013443983110244969], [0.19629999706179174, 0.6513939002078268, 0.01631628745559122, 0.0250008938795111, 0.09689240020615825, 0.01409652118912081], [0.386663919264604, 0.49382688407985376, 0.014153820697622785, 0.030456786868697384, 0.060745318839567464, 0.014153270249654688], [0.3826476944219332, 0.29175709358630736, 0.014163756658130827, 0.02995502086304122, 0.26730826028017063, 0.014168174190416754], [0.0865681688100127, 0.4800886509093749, 0.01371793128344323, 0.038822523351943396, 0.3671801512647394, 0.013622574380486288], [0.42442424304484483, 0.46409932812842825, 0.014173874929840853, 0.02611841203636197, 0.057000790262542185, 0.01418335159798179], [0.49829881599396275, 0.4016573659101683, 0.01345267867097376, 0.026547142537284657, 0.04658765510162918, 0.013456341785981254], [0.08808188923552193, 0.40706916079407923, 0.013168167578226737, 0.025686885626208522, 0.4529033717817763, 0.013090524984187224], [0.08808188923552192, 0.573685124557316, 0.013168167578226737, 0.025686885626208515, 0.2862874080185395, 0.013090524984187222], [0.6837015273631424, 0.2116249927642979, 0.01346106896459289, 0.02832207535124228, 0.0494214083303147, 0.013468927226409948], [0.553434467144327, 0.18784410757256031, 0.013428398794748494, 0.18960990205722705, 0.04226320245949387, 0.013419921971643354], [0.06379647116377483, 0.148076649228682, 0.013168167578226737, 0.019044408267916667, 0.7428237787772125, 0.013090524984187222], [0.06379647116377483, 0.14807664922868202, 0.014836486326043629, 0.019044408267916667, 0.7411554600293956, 0.013090524984187224], [0.7757577120204282, 0.14391729569090642, 0.013428398794748492, 0.018302250164150935, 0.035174421358122654, 0.013419921971643352], [0.05601555439579417, 0.08205888635252631, 0.23373017062160767, 0.0212957830518249, 0.5938090805940597, 0.013090524984187222], [0.916859203036053, 0.0268528146742568, 0.011893674889310563, 0.012069664769133459, 0.019737115749525618, 0.012587526881720431], [0.916859203036053, 0.0268528146742568, 0.011893674889310563, 0.012069664769133459, 0.019737115749525618, 0.012587526881720431], [0.3029049256878064, 0.09166574940684366, 0.08421747236260058, 0.014655197444591872, 0.49349016620926844, 0.013066488888888887], [0.35398205421569223, 0.5379264239313788, 0.01698612714295755, 0.02510295833217731, 0.05258251440615064, 0.013419921971643352], [0.592884926909062, 0.15522918844801595, 0.015159641858977335, 0.020961030258476385, 0.20220127756248876, 0.013563934962979498], [0.7609785270542335, 0.15270260707488761, 0.013487189690010932, 0.019509134346323377, 0.03981443352000746, 0.013508108314537012], [0.7330723075513708, 0.1761136218070428, 0.014216275306530482, 0.018622867626163574, 0.04372797554587614, 0.014246952163016236], [0.7854795960419397, 0.13082093330906588, 0.014286300171063356, 0.018875670884144748, 0.03618551013397066, 0.014351989459815546], [0.7787303760158949, 0.1374081429340388, 0.014227385020615022, 0.01906442567638237, 0.03630605361892558, 0.014263616734143048], [0.07060974760224031, 0.13748746695606637, 0.01364415560369568, 0.020339916123067722, 0.7443711531231766, 0.013547560591753226], [0.8197297752449564, 0.08756345082683688, 0.0289334162575356, 0.017388408901619225, 0.032160414499232744, 0.014224534269819029], [0.8994093167701862, 0.036852277432712216, 0.012369461697722567, 0.012657494824016562, 0.02520639751552795, 0.013505051759834368]], [[0.9100467675378267, 0.03034368026898976, 0.012270625095521931, 0.012483249274033317, 0.021746767537826686, 0.01310891028580162], [0.40461414334164036, 0.36945809279279407, 0.11969823707686959, 0.024343773927766255, 0.0678617325539833, 0.01402402030694633], [0.5910806212277749, 0.18271850967686362, 0.12461110269865476, 0.030079927131126546, 0.05745708396525085, 0.014052755300329137], [0.9100338672768878, 0.030323646071700995, 0.012283676582761251, 0.012495911517925248, 0.021742471395881008, 0.013120427154843631], [0.9100338672768878, 0.030323646071700995, 0.012283676582761251, 0.012495911517925248, 0.021742471395881008, 0.013120427154843631], [0.9100338672768878, 0.030323646071700995, 0.012283676582761251, 0.012495911517925248, 0.021742471395881008, 0.013120427154843631], [0.7758468525102377, 0.10691218951518963, 0.04694926823615337, 0.02168730197674653, 0.03446937400961083, 0.01413501375206196], [0.0721287624497179, 0.17361509770092068, 0.013759991472878767, 0.028381571888879145, 0.6984492360604311, 0.013665340427172488], [0.7336364335538952, 0.1787037573424738, 0.014163756658130827, 0.017774793841738024, 0.04155308441334522, 0.01416817419041675], [0.0649886528952512, 0.15171215772033286, 0.013168167578226737, 0.19778780485710687, 0.5592526919648952, 0.013090524984187224], [0.7670370838511911, 0.15294010000235228, 0.013436347563750811, 0.017312578870367502, 0.03584204458719144, 0.013431845125146833], [0.38536302753626966, 0.5233883034699731, 0.013469614634019779, 0.02149099263239139, 0.042806315996795644, 0.013481745730550283], [0.08305109001099115, 0.5625405635342713, 0.013168167578226737, 0.021280480207689786, 0.3068691736846338, 0.013090524984187224], [0.26575185815322955, 0.4105866803993563, 0.013168167578226737, 0.020930402387751852, 0.2764723664972485, 0.013090524984187224], [0.5261890033137152, 0.3856960718517094, 0.01340537477419005, 0.023360264272833706, 0.03796389984674599, 0.013385385940805688], [0.1056356588402332, 0.5128253945082925, 0.01368731095062205, 0.03525751519377182, 0.3190026803321352, 0.013591440174945329], [0.4066687021232139, 0.48747601035462107, 0.014104458200823528, 0.021823143593567452, 0.05583821728294259, 0.014089468444831351], [0.08571813446013908, 0.2737006445126847, 0.013789839654223401, 0.24238758575775174, 0.370708106092268, 0.013695689522932965], [0.5978040182023988, 0.28978615997489426, 0.014163756658130827, 0.02995502086304122, 0.05412287011111803, 0.014168174190416752], [0.5022440754249518, 0.39958510456610113, 0.013487189690010932, 0.026856479415359527, 0.04431904258903953, 0.013508108314537012], [0.17206912878395958, 0.6873082097561879, 0.01631628745559122, 0.028467343326495524, 0.08174250948864493, 0.01409652118912081], [0.3308897693041638, 0.4008593784570637, 0.013444439553816237, 0.025790209892223165, 0.2155722196824882, 0.013443983110244969], [0.5003064354221999, 0.39189608725761166, 0.01345267867097376, 0.0269039340574799, 0.05398452280575347, 0.013456341785981254], [0.0819100845048561, 0.20415779782955618, 0.013168167578226737, 0.0250320269650932, 0.6626413981380805, 0.013090524984187222], [0.7130638816704171, 0.19387397443235793, 0.013428398794748492, 0.02395062067133924, 0.042263202459493866, 0.013419921971643352], [0.5958008652888876, 0.32251292670543835, 0.013436347563750811, 0.019062605722252504, 0.03575540959452387, 0.013431845125146833], [0.06773684321080393, 0.15331343844115816, 0.01709784025374856, 0.02021200164563001, 0.7285493514644721, 0.013090524984187224], [0.7517274198465802, 0.1634744657513809, 0.013444439553816237, 0.018633730248785, 0.039275961489192726, 0.013443983110244969], [0.46716143514736513, 0.2590749481275652, 0.033198720891368216, 0.023019997461123147, 0.2040533818941169, 0.01349151647846145], [0.916859203036053, 0.0268528146742568, 0.011893674889310563, 0.012069664769133459, 0.019737115749525618, 0.012587526881720431], [0.5442939992542972, 0.15183614739503573, 0.0555061505483156, 0.02609660362915464, 0.2088704014309863, 0.013396697742210488], [0.6027322601913833, 0.11648628881310497, 0.2140379213917535, 0.018095773509426216, 0.03515623961587055, 0.01349151647846145], [0.5959966510653207, 0.31653424044347933, 0.0160957369236681, 0.01823956014176864, 0.03955522887680615, 0.013578582548956983], [0.7628163022875432, 0.15410443634526014, 0.014381009473114097, 0.01715027163687568, 0.03802631404233381, 0.013521666214873045], [0.07080390778272272, 0.1379351919492647, 0.013622332496979835, 0.02034347978609357, 0.7437697167369137, 0.013525371248025275], [0.7787303760158949, 0.1374081429340388, 0.014227385020615022, 0.01906442567638237, 0.03630605361892558, 0.014263616734143048], [0.7854795960419397, 0.13082093330906588, 0.014286300171063356, 0.018875670884144748, 0.03618551013397066, 0.014351989459815546], [0.7789636475242697, 0.13895565536018617, 0.014173874929840853, 0.018241124052594874, 0.0354823465351265, 0.01418335159798179], [0.8237528780097434, 0.08602948328305429, 0.028920339935100937, 0.015416606746874839, 0.031528702565410925, 0.014351989459815546], [0.8994093167701862, 0.036852277432712216, 0.012369461697722567, 0.012657494824016562, 0.02520639751552795, 0.013505051759834368]], [[0.9100338672768878, 0.030323646071700995, 0.012283676582761251, 0.012495911517925248, 0.021742471395881008, 0.013120427154843631], [0.3952500329747485, 0.182542520933873, 0.3206176796946718, 0.030079927131126546, 0.05745708396525085, 0.014052755300329137], [0.10410308954046806, 0.6676009396215076, 0.13924611975467033, 0.026505842317162853, 0.046600279834220264, 0.015943728931971008], [0.9100386993359285, 0.030331150293870693, 0.012278787878787879, 0.01249116861308297, 0.021744080604534005, 0.013116113273795894], [0.6372259077963216, 0.18576681738867254, 0.07987301644683237, 0.021660433727614045, 0.06145336532858414, 0.014020459311975306], [0.9100338672768878, 0.030323646071700995, 0.012283676582761251, 0.012495911517925248, 0.021742471395881008, 0.013120427154843631], [0.7107100534300587, 0.1550099451685523, 0.0592930788174947, 0.02080608370488507, 0.04008459240270509, 0.014096246476304182], [0.07510674519540468, 0.1863183790081332, 0.01376910926957388, 0.022862347557243597, 0.6882688077302296, 0.013674611239414934], [0.7277995223082401, 0.18225272096958728, 0.014205375209692818, 0.019173322516465627, 0.04233845697825455, 0.01423060201775974], [0.6155441953058953, 0.30556972337254484, 0.013428398794748494, 0.01655222331226593, 0.03548553724290222, 0.013419921971643354], [0.06236952619223783, 0.13268859633310515, 0.013168167578226737, 0.02196881584039802, 0.7567143690718451, 0.013090524984187222], [0.7666864299318095, 0.15088977653998317, 0.013478320035585491, 0.01805463849667356, 0.03739603116304954, 0.01349480383289885], [0.7108281325020319, 0.19548249041207252, 0.013469614634019779, 0.023082758779438207, 0.04365525794188728, 0.013481745730550283], [0.5050509923775597, 0.4069956346790429, 0.01346106896459289, 0.023494014060278116, 0.03752936269211643, 0.013468927226409948], [0.03826777988614801, 0.026852814674256806, 0.011893674889310563, 0.012069664769133459, 0.019737115749525618, 0.8911789500316255], [0.04993865951742628, 0.03381081322609473, 0.012675513851653261, 0.012924164432529042, 0.023757265415549598, 0.8668935835567471], [0.044089519450800925, 0.030323646071700995, 0.012283676582761251, 0.012495911517925248, 0.021742471395881008, 0.8790647749809306], [0.07007400181205528, 0.1955343745169257, 0.013717931283443232, 0.03194995376946114, 0.6751011642376284, 0.01362257438048629], [0.4218012906794626, 0.4688121698616521, 0.014173874929840853, 0.02611841203636197, 0.054910900894700604, 0.01418335159798179], [0.4981809425238226, 0.400100811609114, 0.01345267867097376, 0.028221570308479035, 0.04658765510162918, 0.013456341785981254], [0.4999367911607974, 0.395955643052797, 0.013487189690010932, 0.02842800465103295, 0.04868426313082466, 0.013508108314537012], [0.4943927413501713, 0.39675764665196417, 0.01345267867097376, 0.026826207519840967, 0.05511438402106845, 0.013456341785981254], [0.5207477381869456, 0.37606333785509377, 0.013505440709694054, 0.024502186398354865, 0.05164581200585007, 0.013535484844061694], [0.6798294819955769, 0.21732112166111078, 0.013420589477833932, 0.026615210977049587, 0.04940538789215729, 0.013408207996271515], [0.552219791603614, 0.3540997221143752, 0.013469614634019779, 0.022770439220567644, 0.04395868669687295, 0.013481745730550283], [0.7546458927194617, 0.16042593657515197, 0.013478320035585491, 0.019804665348558567, 0.03815038148834356, 0.01349480383289885], [0.7551976946033018, 0.15908530748161473, 0.013487189690010932, 0.019356747800073765, 0.039364952110461954, 0.013508108314537014], [0.5920685599098142, 0.3217947415197203, 0.013524407455639256, 0.019713127370908242, 0.0393352287809384, 0.013563934962979498], [0.5406727867766056, 0.36115464618095466, 0.013469614634019779, 0.022770439220567647, 0.048450767457302014, 0.013481745730550283], [0.5257594600405018, 0.30766052400088484, 0.08279188