{"prediction": [[[0.9100467675378267, 0.03034368026898976, 0.012270625095521931, 0.012483249274033317, 0.021746767537826686, 0.01310891028580162], [0.9100338672768878, 0.030323646071700995, 0.012283676582761251, 0.012495911517925248, 0.021742471395881008, 0.013120427154843631], [0.9100338672768878, 0.030323646071700995, 0.012283676582761251, 0.012495911517925248, 0.021742471395881008, 0.013120427154843631], [0.9100338672768878, 0.030323646071700995, 0.012283676582761251, 0.012495911517925248, 0.021742471395881008, 0.013120427154843631], [0.9100467675378267, 0.03034368026898976, 0.012270625095521931, 0.012483249274033317, 0.021746767537826686, 0.01310891028580162], [0.9100467675378267, 0.03034368026898976, 0.012270625095521931, 0.012483249274033317, 0.021746767537826686, 0.01310891028580162], [0.9100467675378267, 0.03034368026898976, 0.012270625095521931, 0.012483249274033317, 0.021746767537826686, 0.01310891028580162], [0.9100467675378267, 0.03034368026898976, 0.012270625095521931, 0.012483249274033317, 0.021746767537826686, 0.01310891028580162], [0.9100467675378267, 0.03034368026898976, 0.012270625095521931, 0.012483249274033317, 0.021746767537826686, 0.01310891028580162], [0.9100467675378267, 0.03034368026898976, 0.012270625095521931, 0.012483249274033317, 0.021746767537826686, 0.01310891028580162], [0.9100467675378267, 0.03034368026898976, 0.012270625095521931, 0.012483249274033317, 0.021746767537826686, 0.01310891028580162], [0.9100467675378267, 0.03034368026898976, 0.012270625095521931, 0.012483249274033317, 0.021746767537826686, 0.01310891028580162], [0.9100467675378267, 0.03034368026898976, 0.012270625095521931, 0.012483249274033317, 0.021746767537826686, 0.01310891028580162], [0.9100338672768878, 0.030323646071700995, 0.012283676582761251, 0.012495911517925248, 0.021742471395881008, 0.013120427154843631], [0.9100467675378267, 0.03034368026898976, 0.012270625095521931, 0.012483249274033317, 0.021746767537826686, 0.01310891028580162], [0.8995352112676057, 0.036240375586854466, 0.012615962441314554, 0.012893896713615023, 0.025002816901408452, 0.013711737089201878], [0.8995037798609011, 0.03639314585223264, 0.012554419917347041, 0.012834875516580989, 0.02505364378590868, 0.013660135067029533], [0.9100873875951119, 0.030406763507801096, 0.012229528860195219, 0.012443378679578818, 0.021760295134885865, 0.013072646222427178], [0.9100338672768878, 0.030323646071700995, 0.012283676582761251, 0.012495911517925248, 0.021742471395881008, 0.013120427154843631], [0.9100338672768878, 0.030323646071700995, 0.012283676582761251, 0.012495911517925248, 0.021742471395881008, 0.013120427154843631], [0.9100338672768878, 0.030323646071700995, 0.012283676582761251, 0.012495911517925248, 0.021742471395881008, 0.013120427154843631], [0.9100467675378267, 0.03034368026898976, 0.012270625095521931, 0.012483249274033317, 0.021746767537826686, 0.01310891028580162], [0.9100467675378267, 0.03034368026898976, 0.012270625095521931, 0.012483249274033317, 0.021746767537826686, 0.01310891028580162], [0.9100338672768878, 0.030323646071700995, 0.012283676582761251, 0.012495911517925248, 0.021742471395881008, 0.013120427154843631], [0.9100338672768878, 0.030323646071700995, 0.012283676582761251, 0.012495911517925248, 0.021742471395881008, 0.013120427154843631], [0.916859203036053, 0.0268528146742568, 0.011893674889310563, 0.012069664769133459, 0.019737115749525618, 0.012587526881720431], [0.916859203036053, 0.0268528146742568, 0.011893674889310563, 0.012069664769133459, 0.019737115749525618, 0.012587526881720431], [0.916859203036053, 0.0268528146742568, 0.011893674889310563, 0.012069664769133459, 0.019737115749525618, 0.012587526881720431], [0.916859203036053, 0.0268528146742568, 0.011893674889310563, 0.012069664769133459, 0.019737115749525618, 0.012587526881720431], [0.916859203036053, 0.0268528146742568, 0.011893674889310563, 0.012069664769133459, 0.019737115749525618, 0.012587526881720431], [0.916859203036053, 0.0268528146742568, 0.011893674889310563, 0.012069664769133459, 0.019737115749525618, 0.012587526881720431], [0.916859203036053, 0.0268528146742568, 0.011893674889310563, 0.012069664769133459, 0.019737115749525618, 0.012587526881720431], [0.9100338672768878, 0.030323646071700995, 0.012283676582761251, 0.012495911517925248, 0.021742471395881008, 0.013120427154843631], [0.9100338672768878, 0.030323646071700995, 0.012283676582761251, 0.012495911517925248, 0.021742471395881008, 0.013120427154843631], [0.9100467675378267, 0.03034368026898976, 0.012270625095521931, 0.012483249274033317, 0.021746767537826686, 0.01310891028580162], [0.9100467675378267, 0.03034368026898976, 0.012270625095521931, 0.012483249274033317, 0.021746767537826686, 0.01310891028580162], [0.9100467675378267, 0.03034368026898976, 0.012270625095521931, 0.012483249274033317, 0.021746767537826686, 0.01310891028580162], [0.9100467675378267, 0.03034368026898976, 0.012270625095521931, 0.012483249274033317, 0.021746767537826686, 0.01310891028580162], [0.9100338672768878, 0.030323646071700995, 0.012283676582761251, 0.012495911517925248, 0.021742471395881008, 0.013120427154843631], [0.9100467675378267, 0.03034368026898976, 0.012270625095521931, 0.012483249274033317, 0.021746767537826686, 0.01310891028580162]], [[0.9100338672768878, 0.030323646071700995, 0.012283676582761251, 0.012495911517925248, 0.021742471395881008, 0.013120427154843631], [0.7490614135123804, 0.1345815610758183, 0.0465090591926412, 0.018889317637282826, 0.036886795584412525, 0.014071852997464742], [0.9100338672768878, 0.030323646071700995, 0.012283676582761251, 0.012495911517925248, 0.021742471395881008, 0.013120427154843631], [0.11441635145792999, 0.14968748123819267, 0.043064789799071725, 0.028831016662914863, 0.6504528002501376, 0.013547560591753226], [0.6082412969957619, 0.17485568129988505, 0.10539575916219342, 0.02473484917877942, 0.0727820888352418, 0.013990324528138406], [0.40594689746803314, 0.3735279339658641, 0.11072637064184934, 0.029676877038757106, 0.06603252466767895, 0.01408939621781727], [0.6477087315156604, 0.18618482344135687, 0.07567819461388917, 0.022068072172184282, 0.05430088827065858, 0.014059289986250589], [0.7043128523443066, 0.15900662829188536, 0.059508861959832404, 0.018898549652535606, 0.04410493356102322, 0.014168174190416752], [0.7709422391818549, 0.10612742396552065, 0.04713191832395755, 0.019763095284822917, 0.04182473014510427, 0.014210593098739552], [0.7050477456160804, 0.15429066802742653, 0.059508861959832404, 0.018898549652535606, 0.04808600055370814, 0.014168174190416752], [0.6449961366851115, 0.17661557856789517, 0.09089454269738727, 0.02738780624625165, 0.04597811130622007, 0.01412782449713409], [0.3957004114571418, 0.16841131082351957, 0.08276298391416052, 0.04210504891772989, 0.29693084866963065, 0.014089396217817268], [0.6472028748966671, 0.17269375885688473, 0.08486986339937946, 0.022068072172184282, 0.05910614068863377, 0.014059289986250589], [0.742338770944387, 0.12930781844481629, 0.05586995236266976, 0.018889317637282826, 0.03952228761337927, 0.014071852997464742], [0.9100338672768878, 0.030323646071700995, 0.012283676582761251, 0.012495911517925248, 0.021742471395881008, 0.013120427154843631], [0.8995331334332833, 0.03625047476261869, 0.012611894052973513, 0.012889995002498749, 0.025006176911544227, 0.013708325837081458], [0.8995090579710144, 0.03636749194847021, 0.012564754428341384, 0.012844786634460547, 0.02504510869565217, 0.013668800322061192], [0.10204993376388688, 0.10627883414530036, 0.12459789984204495, 0.015543878711698857, 0.6379407365500396, 0.013588716987029223], [0.9100338672768878, 0.030323646071700995, 0.012283676582761251, 0.012495911517925248, 0.021742471395881008, 0.013120427154843631], [0.9100338672768878, 0.030323646071700995, 0.012283676582761251, 0.012495911517925248, 0.021742471395881008, 0.013120427154843631], [0.5452439445018933, 0.0941655976375914, 0.05625167970612645, 0.24998928491523703, 0.040254540484595314, 0.01409495275455632], [0.47139479005733537, 0.14397361243090562, 0.29639750683237553, 0.038175364820243765, 0.03597220657866059, 0.014086519280478969], [0.7594155217145071, 0.10471136741162151, 0.054322490917038585, 0.028803508235502255, 0.03861209796926843, 0.01413501375206196], [0.769529911843196, 0.10365155688561291, 0.04589058633355978, 0.028017975254213415, 0.03873424144083403, 0.014175728242583827], [0.06908137969599523, 0.3144482745099007, 0.06592922069206252, 0.029717614062318057, 0.5072539280983624, 0.013569582941360927], [0.7362412925024256, 0.11478853839514776, 0.07352742108944872, 0.028698481986400466, 0.033402241991156635, 0.013342024035420619], [0.10367059966787318, 0.08231535225094141, 0.09336709891208043, 0.014642510806743187, 0.6929548839951604, 0.013049554367201427], [0.5661772095551962, 0.12323099673045965, 0.0708232177433064, 0.19486030989939332, 0.03151156832943407, 0.013396697742210488], [0.7910760434619959, 0.09159244939963748, 0.04213532162784727, 0.027259151638282665, 0.03444551739377523, 0.01349151647846145], [0.6243602449422174, 0.08846609617991716, 0.21056183557916802, 0.027602316747921858, 0.035637989023205974, 0.013371517527569526], [0.27191440718241594, 0.08769005276331597, 0.0648968308169969, 0.01949668024553444, 0.5429115040075497, 0.013090524984187224], [0.5053620646143211, 0.3442612639267506, 0.06672358615748535, 0.02431628485518745, 0.045970747839060834, 0.013366052607194511], [0.4585167329162321, 0.3955869464181711, 0.06573925815171375, 0.022458352404977032, 0.043530535918489405, 0.014168174190416754], [0.5321934239840929, 0.13759622988286677, 0.26219961934010677, 0.019763095284822917, 0.03403703840937107, 0.014210593098739552], [0.7371106368242504, 0.13214931485199907, 0.0630865333903774, 0.019271928977927358, 0.034126341374261175, 0.014255244581184602], [0.531516543626491, 0.331649575392532, 0.060984230186904125, 0.02461790122813489, 0.0370930941325958, 0.014138655433342095], [0.07216066816288823, 0.07725735834751452, 0.028517211106122625, 0.021487873578670037, 0.7869475902324892, 0.013629298572315332], [0.8084603107908357, 0.08792910017151656, 0.03360026726158796, 0.021329855320206335, 0.03451989498189792, 0.01416057147395551], [0.8309618315487015, 0.08096242723766324, 0.02264271543522018, 0.0171920388003654, 0.03393563041006019, 0.014305356567989362], [0.9100338672768878, 0.030323646071700995, 0.012283676582761251, 0.012495911517925248, 0.021742471395881008, 0.013120427154843631]], [[0.9100338672768878, 0.030323646071700995, 0.012283676582761251, 0.012495911517925248, 0.021742471395881008, 0.013120427154843631], [0.6686079234605272, 0.17190432257096402, 0.07530539753711195, 0.019342078172498427, 0.05074156839868763, 0.014098709860210763], [0.9100467675378267, 0.03034368026898976, 0.012270625095521931, 0.012483249274033317, 0.021746767537826686, 0.01310891028580162], [0.6536771642935961, 0.13296939537330685, 0.11733776077726693, 0.021634538337138624, 0.06044837956627647, 0.013932761652414787], [0.2223584490008193, 0.6069012451963008, 0.017617124689008175, 0.028090322824948173, 0.11009265996703178, 0.014940198321891685], [0.40623404364605203, 0.27559702349875215, 0.014153820697622783, 0.026314062909039787, 0.2635477789988785, 0.014153270249654688], [0.09291878064424336, 0.49708353434968894, 0.013622332496979835, 0.03324206612649093, 0.34960791513457157, 0.013525371248025275], [0.6190900695773773, 0.2640598087895345, 0.014173874929840851, 0.02519400255776069, 0.06329889254750472, 0.01418335159798179], [0.45651304127492154, 0.23414252537326935, 0.014184180576952914, 0.022933149142154472, 0.2580282935640519, 0.014198810068649884], [0.6355726644212313, 0.24853856079309353, 0.014227385020615024, 0.025021549056785726, 0.06237622397413118, 0.014263616734143048], [0.6218775345689523, 0.2596559157004162, 0.014216275306530482, 0.029804860916768018, 0.060198461344316764, 0.014246952163016236], [0.6075815256213203, 0.2726432563545296, 0.014153820697622785, 0.030456786868697384, 0.06101134020817536, 0.014153270249654688], [0.11348060992101909, 0.41241756733681223, 0.08797427571759757, 0.015501845162110742, 0.357100330614435, 0.013525371248025275], [0.9100338672768878, 0.030323646071700995, 0.012283676582761251, 0.012495911517925248, 0.021742471395881008, 0.013120427154843631], [0.9100338672768878, 0.030323646071700995, 0.012283676582761251, 0.012495911517925248, 0.021742471395881008, 0.013120427154843631], [0.8995352112676057, 0.036240375586854466, 0.012615962441314554, 0.012893896713615023, 0.025002816901408452, 0.013711737089201878], [0.6801553621498028, 0.16849144377226918, 0.07062750484106085, 0.02134678943527348, 0.04445190563633865, 0.014926994165255034], [0.9031814671814672, 0.03422414046699761, 0.012482643868358154, 0.012738426181283324, 0.023882239382239382, 0.013491082919654347], [0.34337993735675104, 0.09611043795263476, 0.08603897848152381, 0.023283754875590285, 0.4374598737896404, 0.01372701754385965], [0.7318825992156095, 0.10215635970759472, 0.05301976786071783, 0.02556655515630138, 0.07344010699834988, 0.013934611061426705], [0.09783770842242297, 0.4368562746831508, 0.013778197633676482, 0.025433577762292603, 0.4124103893733322, 0.013683852125124893], [0.09634945990378112, 0.4806926823966786, 0.01376910926957388, 0.02895642998171736, 0.366557707208834, 0.013674611239414934], [0.08920627858961745, 0.2268773859941331, 0.013717931283443232, 0.025498258390832678, 0.6310775713614873, 0.01362257438048629], [0.7154058147618756, 0.18178414106977384, 0.01419467885298296, 0.02872270688027561, 0.04567810095239728, 0.014214557482694953], [0.6622673155757584, 0.22633505004239687, 0.014184180576952914, 0.028167798715291112, 0.054846845020950885, 0.014198810068649884], [0.6909825190379314, 0.21064695374925976, 0.013505440709694052, 0.02539048326805339, 0.04593911839099974, 0.013535484844061694], [0.500269480263677, 0.3929185932995996, 0.01345267867097376, 0.02956578532965818, 0.050337120650110125, 0.013456341785981254], [0.5214849632114991, 0.2126362639406979, 0.013505440709694054, 0.1923831097500339, 0.04645473754401338, 0.013535484844061694], [0.5438223219528192, 0.35524642236278486, 0.014921687678092509, 0.02688464617877371, 0.04564317609697948, 0.013481745730550283], [0.08517681540500661, 0.35494808868730193, 0.013168167578226737, 0.02392767435590367, 0.5096887289893738, 0.013090524984187224], [0.49004321922509486, 0.39978890453814697, 0.015119907391573099, 0.030868025754493808, 0.05077173509441983, 0.013408207996271515], [0.5001355289294555, 0.2388458461096753, 0.013496228290234955, 0.19257071461884948, 0.041430015836911825, 0.013521666214873046], [0.39494821052953816, 0.4784132881802658, 0.017101434722389203, 0.03441821436975756, 0.06093550060006758, 0.014183351597981791], [0.6302107724997169, 0.24940673812316688, 0.021637815830724362, 0.02895849825678863, 0.05558736522095349, 0.014198810068649884], [0.7175074863737959, 0.1897773187577246, 0.01891285453145909, 0.018818601978681175, 0.0408451059076473, 0.014138632450691947], [0.06741893280696264, 0.1908940693816033, 0.013820650603490825, 0.02090710104620614, 0.6932322286178775, 0.01372701754385965], [0.52288448878901, 0.3894413808106252, 0.014035511377546744, 0.017825218849479466, 0.041802318562010936, 0.014011081611327917], [0.06428758127122348, 0.127551174113535, 0.013820650603490824, 0.01890303606333308, 0.7617105404045579, 0.01372701754385965], [0.814267192126107, 0.08203825567126323, 0.033646106261279514, 0.021336084966155817, 0.034568702574645574, 0.014143658400548865], [0.9100467675378267, 0.03034368026898976, 0.012270625095521931, 0.012483249274033317, 0.021746767537826686, 0.01310891028580162]], [[0.9100338672768878, 0.030323646071700995, 0.012283676582761251, 0.012495911517925248, 0.021742471395881008, 0.013120427154843631], [0.7506941492694547, 0.133359898219123, 0.046221529397192394, 0.01889473414378156, 0.036701323461543506, 0.014128365508905054], [0.9100873875951119, 0.030406763507801096, 0.012229528860195219, 0.012443378679578818, 0.021760295134885865, 0.013072646222427178], [0.13620362933585944, 0.1557395028709508, 0.06848328065665606, 0.015516569070846867, 0.6105094574739335, 0.013547560591753226], [0.40131633034627373, 0.48214496104356946, 0.014153820697622785, 0.026314062909039787, 0.06191755475383961, 0.014153270249654688], [0.6067272947705388, 0.2767626964598061, 0.014216275306530482, 0.02566213695711042, 0.06238464434299789, 0.014246952163016236], [0.4148920463873693, 0.4717618322828513, 0.014173874929840851, 0.02519400255776069, 0.05979489224419589, 0.01418335159798179], [0.44637783069112325, 0.44914801124285003, 0.014134476349731018, 0.022016147859251593, 0.05419928012922693, 0.01412425372781704], [0.0914255479475586, 0.2465745738473344, 0.013663116032295272, 0.023864036389426066, 0.6109058865676994, 0.013566839215686275], [0.4143876910706068, 0.25973538489616366, 0.015965064420613434, 0.025812296903383623, 0.2699313885188157, 0.014168174190416754], [0.612593203834533, 0.26574968489105294, 0.014205375209692818, 0.030328065564975915, 0.0628930684819857, 0.01423060201775974], [0.2490499412330304, 0.5858927672247727, 0.01761712468900818, 0.03126722829933649, 0.1012327402319606, 0.014940198321891685], [0.37825691145724033, 0.3902992323299792, 0.06423255391415883, 0.03425458646852348, 0.11896639130195971, 0.013990324528138406], [0.9100906574394463, 0.03041184159938485, 0.012226220684352172, 0.012440169165705497, 0.021761384083044982, 0.013069727028066129], [0.12339919844472545, 0.09004237458520511, 0.07801271784303136, 0.028866774072063353, 0.6661535638069493, 0.013525371248025275], [0.6349612846810075, 0.19447907520038532, 0.08695236983133918, 0.020896287602724103, 0.047928069864031184, 0.01478291282051282], [0.8994424615384615, 0.03669117948717949, 0.012434358974358975, 0.012719733333333334, 0.025152800000000003, 0.013559466666666667], [0.07302574700848315, 0.26189383687456397, 0.048293409327999644, 0.015607006360181537, 0.5874961483036467, 0.013683852125124893], [0.10177435194917368, 0.4719085395673332, 0.013820650603490825, 0.020602254376374765, 0.378167185959768, 0.01372701754385965], [0.29772246219565845, 0.23251462092405192, 0.013816817755267897, 0.02387271184735882, 0.4183502669051722, 0.013723120372490648], [0.6256261537309379, 0.26153365140468066, 0.014125058706678451, 0.031250237673498105, 0.0533547712209668, 0.014110127263238188], [0.4096595575860744, 0.46737277716427766, 0.01633208691377343, 0.03477438167886233, 0.057693022466595315, 0.014168174190416752], [0.620086335974788, 0.2535725129390167, 0.014173874929840853, 0.04093203300092816, 0.05705189155744436, 0.01418335159798179], [0.46308187059825945, 0.22070241728665593, 0.014238710457303152, 0.2323179232055059, 0.055378473563100446, 0.01428060488917524], [0.43360967130143857, 0.25249197762779646, 0.014227385020615024, 0.03209953017466294, 0.2533078191413438, 0.01426361673414305], [0.5054439145577958, 0.39104529250556186, 0.013496228290234953, 0.026014343898417773, 0.05047855453311634, 0.013521666214873045], [0.3389376636872275, 0.5555762663020968, 0.013487189690010932, 0.026993362245683716, 0.05149740976044426, 0.013508108314537014], [0.5001240282751603, 0.3924183178102634, 0.013496228290234953, 0.02820207102946097, 0.052237688380007315, 0.013521666214873045], [0.5200159266972854, 0.21580122888323622, 0.013505440709694052, 0.025971222912568627, 0.21117069595315402, 0.013535484844061694], [0.5100345731304593, 0.3858919729406907, 0.014307711351673075, 0.0273573225445881, 0.04900021203631729, 0.013408207996271515], [0.49933786906879946, 0.4002360979478444, 0.013496228290234953, 0.030565736291966183, 0.042842402186281804, 0.013521666214873045], [0.4915456970104381, 0.4032984694867322, 0.013444439553816237, 0.031571264381078185, 0.046696146457690255, 0.013443983110244969], [0.3262015023435383, 0.3096741180613725, 0.013789839654223403, 0.02696998103822277, 0.30966886937971005, 0.013695689522932965], [0.09334605569918333, 0.5119180089173443, 0.013820650603490824, 0.024482543334063106, 0.3427057239020587, 0.01372701754385965], [0.08079376277989427, 0.2800067480113656, 0.013820650603490825, 0.018782432254307296, 0.5928693888070824, 0.01372701754385965], [0.06731814630925345, 0.4795138780477139, 0.014476204594438312, 0.018950549747791583, 0.40537471549204496, 0.01436650580875782], [0.06790193783574623, 0.1858203785659605, 0.013820650603490825, 0.017639714086787783, 0.7010903013641551, 0.01372701754385965], [0.06790193783574623, 0.18096734519435853, 0.013820650603490825, 0.017639714086787786, 0.7059433347357571, 0.01372701754385965], [0.07615440370826987, 0.08229635419011924, 0.021789709660945896, 0.023625290185558815, 0.7824715561484951, 0.013662686106611123], [0.9100467675378267, 0.03034368026898976, 0.012270625095521931, 0.012483249274033317, 0.021746767537826686, 0.01310891028580162]], [[0.9100338672768878, 0.030323646071700995, 0.012283676582761251, 0.012495911517925248, 0.021742471395881008, 0.013120427154843631], [0.9100419243986254, 0.03033615883925162, 0.012275525009545629, 0.012488003054600993, 0.021745154639175257, 0.01311323405880107], [0.7105081468790518, 0.15947033179006662, 0.05320155585413729, 0.02069419187718987, 0.04195759940913766, 0.014168174190416754], [0.4186341647317849, 0.47378959770492407, 0.014173874929840853, 0.025194002557760692, 0.05402500847770772, 0.01418335159798179], [0.40366233278376035, 0.48024853151838626, 0.014163756658130827, 0.025812296903383616, 0.0619449079459221, 0.014168174190416752], [0.41747797354557054, 0.467626576541597, 0.014227385020615024, 0.025021549056785726, 0.061382899101288364, 0.014263616734143048], [0.639570121181625, 0.25051381299392506, 0.014184180576952914, 0.02293314914215447, 0.05859992603669244, 0.014198810068649884], [0.07173856678411951, 0.20147516140042893, 0.013663116032295272, 0.024596514917886725, 0.6749598016495831, 0.013566839215686275], [0.4429187337994451, 0.4471918274494106, 0.01798340013790372, 0.022016147859251593, 0.055765637026171946, 0.01412425372781704], [0.6150771683663611, 0.2609304761026845, 0.02097545771395665, 0.025021549056785726, 0.0637317320260688, 0.014263616734143048], [0.3895002501003175, 0.16610639740434766, 0.08127918569732638, 0.03677194580673905, 0.31231820068432314, 0.014024020306946331], [0.09161072625018754, 0.18493027737558865, 0.06245941143496077, 0.028866774072063353, 0.6186074396191743, 0.013525371248025275], [0.9076064676616915, 0.031882669983416254, 0.012272056384742953, 0.012502769485903814, 0.02255437810945274, 0.013181658374792703], [0.6378846932342161, 0.19453291142573148, 0.0841900343910483, 0.01934239627864489, 0.04992214017322487, 0.01412782449713409], [0.44882198948711116, 0.45128163614987993, 0.014134476349731018, 0.022940557337852874, 0.048697086947607916, 0.01412425372781704], [0.11635164290767624, 0.3315479669307681, 0.014500997888386123, 0.027655424829084667, 0.49556887000818745, 0.014375097435897436], [0.09134199599938883, 0.27100273281110626, 0.10169526312136103, 0.01694147279510995, 0.5046434378371364, 0.014375097435897436], [0.6030682993510819, 0.27454828968688477, 0.014106710540041544, 0.03168127732939402, 0.06251281807931477, 0.014082605013282831], [0.3990639938031277, 0.2786797452650688, 0.014163756658130827, 0.02995502086304122, 0.2639693092202147, 0.014168174190416754], [0.39868780131982634, 0.4856940767256637, 0.014125058706678451, 0.02797786212714759, 0.05940507385744582, 0.014110127263238188], [0.6190052342988647, 0.2662993108900403, 0.014216275306530482, 0.030353347940225116, 0.05587887940132311, 0.014246952163016234], [0.6138937021534043, 0.2691765969656564, 0.014205375209692818, 0.03461062023528508, 0.05388310341820165, 0.01423060201775974], [0.40069960577841035, 0.2804181756446681, 0.014216275306530482, 0.2355149584881925, 0.054904032619182336, 0.014246952163016236], [0.6137484082823054, 0.26344260226382304, 0.014227385020615024, 0.0389027198246234, 0.05541526787449019, 0.01426361673414305], [0.4034632267617872, 0.47177439412072114, 0.014163756658130827, 0.03254950660405318, 0.06388094166489089, 0.014168174190416752], [0.6629066316963186, 0.23302745508872838, 0.013487189690010932, 0.025683471353843107, 0.05138714385656205, 0.013508108314537012], [0.17102340141192532, 0.5121701079233633, 0.01631628745559122, 0.0250008938795111, 0.26139278814048833, 0.01409652118912081], [0.338417711363785, 0.392785538216948, 0.013487189690010932, 0.026415637441858826, 0.21538581497286025, 0.013508108314537014], [0.47070362608977073, 0.4204787725977168, 0.013412915975126581, 0.027820259181753286, 0.05418772841342208, 0.013396697742210488], [0.2700023823006525, 0.24451718402243988, 0.013168167578226737, 0.028309472791876143, 0.43091226832261753, 0.013090524984187224], [0.32793082548162494, 0.4046613390438919, 0.013444439553816237, 0.19293256018199348, 0.047586852628428426, 0.013443983110244969], [0.3312939950414634, 0.34862214843019274, 0.01631628745559122, 0.03365645198364606, 0.2560145958999858, 0.01409652118912081], [0.12616095218126017, 0.5100724418253364, 0.01381425959616378, 0.023185846639966146, 0.3130459804751048, 0.013720519282168766], [0.6046778403389508, 0.28453582912152, 0.014115804848722446, 0.030981240866166465, 0.051593038348336236, 0.014096246476304182], [0.6085067089600972, 0.2509502880573796, 0.014134109624949164, 0.02498375712150875, 0.08728147783551637, 0.014143658400548865], [0.0476191348600509, 0.03231204410517388, 0.012252332485156912, 0.01248832909245123, 0.022770127226463106, 0.872558032230704], [0.09069278145635805, 0.1688104424272505, 0.013820650603490825, 0.03352424145872934, 0.6794248665103116, 0.01372701754385965], [0.7239977645112315, 0.18849008768932854, 0.014153820697622785, 0.0183013997486643, 0.04090365710349827, 0.014153270249654688], [0.7509837664305413, 0.12627458983285436, 0.05308526301230617, 0.02071788623009898, 0.03471995405900536, 0.01421854043519347], [0.9100467675378267, 0.03034368026898976, 0.012270625095521931, 0.012483249274033317, 0.021746767537826686, 0.01310891028580162]], [[0.9100338672768878, 0.030323646071700995, 0.012283676582761251, 0.012495911517925248, 0.021742471395881008, 0.013120427154843631], [0.7889945689506747, 0.0993656965533737, 0.03991669874187973, 0.021067571202581625, 0.03640021997030577, 0.014255244581184602], [0.7360897909341677, 0.17355009560819076, 0.014250257961377319, 0.019603098337586382, 0.04220883101339143, 0.01429792614528649], [0.6596497106563664, 0.23848940766893478, 0.014184180576952914, 0.022933149142154472, 0.050544741886941635, 0.014198810068649884], [0.09193757790927108, 0.4696018812443532, 0.013622332496979835, 0.02389577124527506, 0.38741706585609526, 0.013525371248025275], [0.4456495787828989, 0.24331456203616228, 0.014184180576952914, 0.022933149142154472, 0.2597197193931816, 0.014198810068649884], [0.5033176383144894, 0.19564931520657655, 0.01425025796137732, 0.019238517024317947, 0.25324634534795226, 0.01429792614528649], [0.6947581990684532, 0.20552643927408015, 0.016006682972175425, 0.018808741203197192, 0.0506693354643345, 0.01423060201775974], [0.5039409009798024, 0.3976060976151467, 0.020540316671007974, 0.019238517024317947, 0.04437624156443825, 0.014297926145286488], [0.4825005755609897, 0.17257719999604035, 0.26616334785438, 0.01889854965253561, 0.04569215274563761, 0.014168174190416752], [0.91005, 0.030348700305810397, 0.012267354740061163, 0.012480076452599388, 0.021747844036697248, 0.013106024464831804], [0.9100338672768878, 0.030323646071700995, 0.012283676582761251, 0.012495911517925248, 0.021742471395881008, 0.013120427154843631], [0.640139583977699, 0.1820566752790989, 0.09441137979419811, 0.01934239627864489, 0.04992214017322487, 0.01412782449713409], [0.4541282053941804, 0.43979671652094465, 0.01845594387988262, 0.02385755862075575, 0.049562765515586506, 0.014198810068649884], [0.4285523900353427, 0.46588917061813384, 0.014227385020615026, 0.025945958535387018, 0.051121479056378455, 0.01426361673414305], [0.5009338578940981, 0.3670831003017176, 0.015054311609419986, 0.03722680400827701, 0.06467299921843012, 0.015028926968057403], [0.5171219589579112, 0.3503697468655755, 0.015042508185322708, 0.037852385485432696, 0.06460217867384643, 0.015011221831911486], [0.45478754662530785, 0.3686272020727835, 0.01761712468900818, 0.028090322824948173, 0.1159376054660606, 0.014940198321891685], [0.3775790848815309, 0.5033609637045507, 0.014106710540041546, 0.03227595106422642, 0.05859468479636744, 0.014082605013282831], [0.10872040470129934, 0.27131852508412285, 0.013724544491912221, 0.020193515249926623, 0.5724137119004236, 0.013629298572315332], [0.581565798735854, 0.30489881309665545, 0.014106710540041548, 0.030861362395075045, 0.05448471021909127, 0.014082605013282831], [0.3914026120143446, 0.43886256968483545, 0.017617124689008175, 0.05205129131794828, 0.08512620397197167, 0.014940198321891685], [0.40215713635022377, 0.4798589001293288, 0.014205375209692818, 0.03467665396432555, 0.05487133232866934, 0.01423060201775974], [0.5840862859722082, 0.29639428375419047, 0.014163756658130827, 0.03335294372092862, 0.05783455570412498, 0.014168174190416752], [0.3174582367316187, 0.252962948090404, 0.01364415560369568, 0.022206691629462885, 0.38018040735306535, 0.013547560591753226], [0.3396083327859267, 0.5569686421155134, 0.01345267867097376, 0.025374134475768237, 0.051139870165836473, 0.013456341785981254], [0.6677286385449125, 0.22942949492268652, 0.013487189690010932, 0.025683471353843107, 0.05016309717401001, 0.013508108314537012], [0.5010722773529058, 0.392982256737375, 0.01345267867097376, 0.025374134475768237, 0.053662310976995725, 0.013456341785981254], [0.26307813293407567, 0.21458465146626768, 0.013168167578226737, 0.022539549300222436, 0.47353897373702025, 0.013090524984187222], [0.25342975940060536, 0.3899405657757294, 0.013168167578226737, 0.020050691791727665, 0.3103202904695239, 0.013090524984187224], [0.49039945889797454, 0.4037666345751163, 0.013412915975126581, 0.031116506703431294, 0.04790778610614079, 0.013396697742210488], [0.09695718965429116, 0.5884268124032084, 0.013168167578226737, 0.023422880052622615, 0.264934425327464, 0.013090524984187224], [0.5672793227982802, 0.32180802370407346, 0.014115804848722446, 0.03157591460099886, 0.05112468757162078, 0.01409624647630418], [0.4036442385578574, 0.4691821302603457, 0.014227385020615024, 0.038061810302681, 0.06062081912435764, 0.01426361673414305], [0.044608691588785054, 0.030553348909657323, 0.012134034267912774, 0.012350732087227414, 0.021791728971962618, 0.8785614641744548], [0.05909631940554249, 0.15801326735124815, 0.013796286632327029, 0.01763202724873882, 0.7377598546674373, 0.013702244694706198], [0.7360884197176206, 0.17718138242084314, 0.014121434977830277, 0.018414236275075963, 0.04008803333170055, 0.01410649327692944], [0.5342370960142749, 0.3770035860565753, 0.014274045819770102, 0.018461281134732697, 0.04169038304177107, 0.014333607932875667], [0.8106375894751962, 0.09676971520978507, 0.02886142478465261, 0.017403599406481143, 0.032064054389741976, 0.01426361673414305], [0.9100467675378267, 0.03034368026898976, 0.012270625095521931, 0.012483249274033317, 0.021746767537826686, 0.01310891028580162]], [[0.9100467675378267, 0.03034368026898976, 0.012270625095521931, 0.012483249274033317, 0.021746767537826686, 0.01310891028580162], [0.783652052892342, 0.10380393781594757, 0.04526701496706336, 0.018754213140929336, 0.03422047152644264, 0.014302309657275334], [0.7332383342063218, 0.17681390907150543, 0.014205375209692818, 0.019173322516465627, 0.04233845697825454, 0.01423060201775974], [0.7380302798067709, 0.17160960673558737, 0.014250257961377319, 0.019603098337586382, 0.04220883101339143, 0.01429792614528649], [0.660700386849812, 0.23580434628568447, 0.014184180576952914, 0.02293314914215447, 0.05217912707674614, 0.014198810068649884], [0.7068241934272163, 0.19407396052161902, 0.014250257961377319, 0.019238517024317947, 0.051315144920182944, 0.01429792614528649], [0.510464029052867, 0.3908986745622712, 0.0142620341288985, 0.018673260983301274, 0.05138641087609374, 0.01431559039656826], [0.5119100855314109, 0.3945439342109745, 0.014250257961377319, 0.019238517024317947, 0.045759279126632864, 0.01429792614528649], [0.7060637132087355, 0.20067272536213415, 0.017692975243242495, 0.018673260983301278, 0.04258173480601834, 0.01431559039656826], [0.540178576989992, 0.32772436464011395, 0.05939417438382108, 0.018767608943365047, 0.0397246819439682, 0.014210593098739552], [0.9100338672768878, 0.030323646071700995, 0.012283676582761251, 0.012495911517925248, 0.021742471395881008, 0.013120427154843631], [0.91005, 0.030348700305810397, 0.012267354740061163, 0.012480076452599388, 0.021747844036697248, 0.013106024464831804], [0.48315641294513056, 0.15171732807471733, 0.2847282285134463, 0.02465036869094773, 0.04171734903739027, 0.014030312738367658], [0.07396664414241426, 0.15646835650835947, 0.013736409555692197, 0.020929856346555364, 0.721257370690494, 0.013641362756484709], [0.6604623105683468, 0.23711385511441088, 0.01666193630396443, 0.022940557337852874, 0.048697086947607916, 0.01412425372781704], [0.11677108759269088, 0.3328984216702707, 0.014479803194454542, 0.027691140511287134, 0.49380618897608436, 0.014353358055212196], [0.14345239686996308, 0.35293972246629374, 0.014479803194454542, 0.027121019957803534, 0.44765369945627276, 0.014353358055212196], [0.6168169627464566, 0.27102097169465994, 0.014106710540041546, 0.03168127732939403, 0.05229147267616498, 0.014082605013282831], [0.10764018453751431, 0.263884576787836, 0.013727185467020685, 0.02630101858476528, 0.5748150507543978, 0.013631983868465952], [0.6016821515371625, 0.27838416712687536, 0.014097771689628696, 0.032029511900404914, 0.05973720100826523, 0.014069196737663558], [0.10074619282624987, 0.26956455315550676, 0.013684632709154924, 0.026075013638150832, 0.5763408906839084, 0.013588716987029223], [0.3848906469229163, 0.50033646833852, 0.014153820697622783, 0.02867594990944728, 0.05778984388183878, 0.014153270249654688], [0.5955614386455652, 0.2904454390946405, 0.014205375209692818, 0.030685812703672363, 0.05487133232866934, 0.01423060201775974], [0.5904820282991851, 0.29517730124435126, 0.014163756658130827, 0.028174183903791117, 0.05783455570412498, 0.014168174190416752], [0.6244928771020747, 0.2649910291408848, 0.01412505870667845, 0.028926136566157036, 0.053354771220966796, 0.014110127263238188], [0.5204270913178628, 0.3805818900947551, 0.013461068964592888, 0.024645188637303733, 0.04741583375907549, 0.013468927226409948], [0.6744877853909098, 0.2260835681039292, 0.013496228290234953, 0.02524961854309008, 0.04716113345696284, 0.013521666214873045], [0.690291844872816, 0.21310799527384436, 0.013505440709694052, 0.024502186398354858, 0.04505704790122899, 0.013535484844061694], [0.5573166874843931, 0.3551363002830932, 0.013428398794748492, 0.02066174711102131, 0.04003694435510052, 0.013419921971643352], [0.08516441986182725, 0.5224764701383651, 0.013168167578226737, 0.02276008097819033, 0.3433403364592036, 0.013090524984187224], [0.4779457117275549, 0.25036396609357026, 0.01346106896459289, 0.026373961816593856, 0.21838636417127819, 0.013468927226409948], [0.4766461000151042, 0.4222983391065143, 0.01345267867097376, 0.02606263939905834, 0.04808390102236812, 0.013456341785981254], [0.30336231602217184, 0.5991427540591227, 0.014549413108527953, 0.027117329611438083, 0.0412456733833368, 0.014582513815402704], [0.044691420534458515, 0.03058995155493046, 0.012110189092045632, 0.012327598062197218, 0.02179957805907173, 0.8784812626972964], [0.4175473876305874, 0.46661187445758007, 0.014184180576952914, 0.03818774665973863, 0.04927000060649107, 0.014198810068649884], [0.07092575126845233, 0.1946803668620379, 0.01376910926957388, 0.01868135363029124, 0.6882688077302296, 0.013674611239414934], [0.06778430628693262, 0.1814657769814359, 0.013778197633676482, 0.02091856849709957, 0.7023692984757305, 0.013683852125124895], [0.7245243796266473, 0.18840562281652032, 0.014163756658130825, 0.017774793841738024, 0.04096327286654651, 0.01416817419041675], [0.07655119515810631, 0.08273608633314036, 0.0218064170228262, 0.023654830783453658, 0.7816288963219872, 0.01362257438048629], [0.9100467675378267, 0.03034368026898976, 0.012270625095521931, 0.012483249274033317, 0.021746767537826686, 0.01310891028580162]], [[0.9100467675378267, 0.03034368026898976, 0.012270625095521931, 0.012483249274033317, 0.021746767537826686, 0.01310891028580162], [0.8157908905867008, 0.09161641409828045, 0.02886142478465261, 0.017403599406481143, 0.032064054389741976, 0.01426361673414305], [0.07833654046397483, 0.18391889727744773, 0.013622332496979837, 0.026708756487244988, 0.6838881020263273, 0.013525371248025277], [0.7302747584485283, 0.17977748482929892, 0.014205375209692818, 0.019173322516465627, 0.04233845697825454, 0.01423060201775974], [0.7181743217813168, 0.1914396360028368, 0.01419467885298296, 0.019348907217044995, 0.04262789866312355, 0.014214557482694953], [0.5225309105182719, 0.38606600861285484, 0.0142620341288985, 0.018673260983301274, 0.04415219536010512, 0.01431559039656826], [0.7056019640759719, 0.20214412491983377, 0.01419467885298296, 0.019348907217045, 0.044495767451471574, 0.014214557482694954], [0.7118221425241302, 0.16782217959677753, 0.056558181070060956, 0.017438574710261567, 0.03219074790835274, 0.014168174190416752], [0.7495046273426874, 0.1241261801898916, 0.05366630848134784, 0.018767608943365044, 0.0397246819439682, 0.014210593098739552], [0.9022688888888888, 0.03451398148148148, 0.012615462962962964, 0.012873092592592592, 0.024097388888888887, 0.013631185185185184], [0.707804757805253, 0.13545003770140154, 0.05896227671399975, 0.027501783327178377, 0.056146130700105455, 0.01413501375206196], [0.49293094357217954, 0.3611371541290225, 0.07159228033359981, 0.02080608370488507, 0.03943729178400858, 0.01409624647630418], [0.07396664414241426, 0.15646835650835947, 0.013736409555692197, 0.020929856346555364, 0.721257370690494, 0.013641362756484709], [0.07619019900665107, 0.17353328103547533, 0.013820650603490824, 0.018687931629098646, 0.7040409201814245, 0.01372701754385965], [0.7377318064613271, 0.17212585795441107, 0.01419467885298296, 0.019713488530313426, 0.04201961071827069, 0.014214557482694953], [0.6004232809714859, 0.2768841884760797, 0.01526941473235857, 0.02745173809011603, 0.06468353911324506, 0.015287838616714695], [0.5534385981770533, 0.30500952627357175, 0.015256436150837039, 0.03029897999968352, 0.08072808865442214, 0.015268370744432401], [0.6198277051099393, 0.260800607325154, 0.014163756658130827, 0.02995502086304122, 0.061084735853317855, 0.014168174190416754], [0.6282429959033076, 0.2537885895318358, 0.01412505870667845, 0.02738318839231519, 0.06235004020262469, 0.014110127263238188], [0.42657340448509373, 0.2562879391909683, 0.014173874929840853, 0.02611841203636197, 0.2626630177597532, 0.01418335159798179], [0.3810423719603946, 0.49927040767995556, 0.014163756658130827, 0.028174183903791117, 0.06318110560731104, 0.014168174190416752], [0.5897937972278648, 0.2965462294750961, 0.014205375209692818, 0.028979510624864993, 0.05624448544472145, 0.01423060201775974], [0.20010043042224, 0.655566409461814, 0.017617124689008175, 0.032892621797860726, 0.07888321530718531, 0.014940198321891685], [0.10903863107104243, 0.4734531750741144, 0.013820650603490825, 0.049534458744641706, 0.340426066962851, 0.01372701754385965], [0.09742918712625921, 0.28851062615906126, 0.013820650603490824, 0.036766364352575624, 0.5497461542147534, 0.01372701754385965], [0.08451297693919461, 0.3773747483305522, 0.013168167578226737, 0.19468207980004634, 0.3171715023677929, 0.013090524984187222], [0.5175453953765441, 0.38398110752321535, 0.013420589477833932, 0.025693969031139706, 0.04595073059499524, 0.013408207996271513], [0.5432688998382581, 0.36832978531163635, 0.013514832011084396, 0.020964263368196977, 0.040372647674676965, 0.013549571796147209], [0.03826777988614801, 0.026852814674256806, 0.011893674889310563, 0.012069664769133459, 0.019737115749525618, 0.8911789500316255], [0.6858056711607975, 0.19504344374038748, 0.013461068964592888, 0.021237558854528805, 0.0709833300532834, 0.