{"round_id": "3eb0c25d-28fa-48ca-b8e1-fc249e3918e9", "seed_index": 4, "prediction": [[[0.9082899458963776, 0.0278127485862754, 0.01288308329512456, 0.014020909980131436, 0.023324654439859385, 0.013668657802231391], [0.9082802617848968, 0.027797347673531654, 0.012895013577421816, 0.014030757284515636, 0.02331746971777269, 0.013679149961861174], [0.9082899458963776, 0.0278127485862754, 0.01288308329512456, 0.014020909980131436, 0.023324654439859385, 0.013668657802231391], [0.9082899458963776, 0.0278127485862754, 0.01288308329512456, 0.014020909980131436, 0.023324654439859385, 0.013668657802231391], [0.9082802617848968, 0.027797347673531654, 0.012895013577421816, 0.014030757284515636, 0.02331746971777269, 0.013679149961861174], [0.9082802617848968, 0.027797347673531654, 0.012895013577421816, 0.014030757284515636, 0.02331746971777269, 0.013679149961861174], [0.9082802617848968, 0.027797347673531654, 0.012895013577421816, 0.014030757284515636, 0.02331746971777269, 0.013679149961861174], [0.9082802617848968, 0.027797347673531654, 0.012895013577421816, 0.014030757284515636, 0.02331746971777269, 0.013679149961861174], [0.9082899458963776, 0.0278127485862754, 0.01288308329512456, 0.014020909980131436, 0.023324654439859385, 0.013668657802231391], [0.9082899458963776, 0.0278127485862754, 0.01288308329512456, 0.014020909980131436, 0.023324654439859385, 0.013668657802231391], [0.9082899458963776, 0.0278127485862754, 0.01288308329512456, 0.014020909980131436, 0.023324654439859385, 0.013668657802231391], [0.9082899458963776, 0.0278127485862754, 0.01288308329512456, 0.014020909980131436, 0.023324654439859385, 0.013668657802231391], [0.9082899458963776, 0.0278127485862754, 0.01288308329512456, 0.014020909980131436, 0.023324654439859385, 0.013668657802231391], [0.9083094210768523, 0.027843720509280565, 0.012859090964871913, 0.014001106611443472, 0.02333910323669274, 0.013647557600859027], [0.9083774747145186, 0.02795194810844403, 0.012775252699448457, 0.01393190616018022, 0.02338959279111318, 0.013573825526295345], [0.897158232756001, 0.033121181808973964, 0.013332910766737566, 0.01484102380228907, 0.02717251372429859, 0.014374137141699585], [0.8970589443757725, 0.033354391017717346, 0.013229792748248866, 0.01476353811289658, 0.027304617634940256, 0.014288716110424392], [0.8970294236024844, 0.033423729606625256, 0.013199133333333331, 0.014740499792960663, 0.02734389523809523, 0.014263318426501035], [0.8970294236024844, 0.033423729606625256, 0.013199133333333331, 0.014740499792960663, 0.02734389523809523, 0.014263318426501035], [0.8970294236024844, 0.033423729606625256, 0.013199133333333331, 0.014740499792960663, 0.02734389523809523, 0.014263318426501035], [0.8970294236024844, 0.033423729606625256, 0.013199133333333331, 0.014740499792960663, 0.02734389523809523, 0.014263318426501035], [0.8970589443757725, 0.033354391017717346, 0.013229792748248866, 0.01476353811289658, 0.027304617634940256, 0.014288716110424392], [0.897158232756001, 0.033121181808973964, 0.013332910766737566, 0.01484102380228907, 0.02717251372429859, 0.014374137141699585], [0.9083774747145186, 0.02795194810844403, 0.012775252699448457, 0.01393190616018022, 0.02338959279111318, 0.013573825526295345], [0.9083094210768523, 0.027843720509280565, 0.012859090964871913, 0.014001106611443472, 0.02333910323669274, 0.013647557600859027], [0.9082899458963776, 0.0278127485862754, 0.01288308329512456, 0.014020909980131436, 0.023324654439859385, 0.013668657802231391], [0.9082899458963776, 0.0278127485862754, 0.01288308329512456, 0.014020909980131436, 0.023324654439859385, 0.013668657802231391], [0.9082899458963776, 0.0278127485862754, 0.01288308329512456, 0.014020909980131436, 0.023324654439859385, 0.013668657802231391], [0.9082899458963776, 0.0278127485862754, 0.01288308329512456, 0.014020909980131436, 0.023324654439859385, 0.013668657802231391], [0.9082899458963776, 0.0278127485862754, 0.01288308329512456, 0.014020909980131436, 0.023324654439859385, 0.013668657802231391], [0.9082899458963776, 0.0278127485862754, 0.01288308329512456, 0.014020909980131436, 0.023324654439859385, 0.013668657802231391], [0.9082899458963776, 0.0278127485862754, 0.01288308329512456, 0.014020909980131436, 0.023324654439859385, 0.013668657802231391], [0.9082899458963776, 0.0278127485862754, 0.01288308329512456, 0.014020909980131436, 0.023324654439859385, 0.013668657802231391], [0.9082899458963776, 0.0278127485862754, 0.01288308329512456, 0.014020909980131436, 0.023324654439859385, 0.013668657802231391], [0.9082899458963776, 0.0278127485862754, 0.01288308329512456, 0.014020909980131436, 0.023324654439859385, 0.013668657802231391], [0.9082899458963776, 0.0278127485862754, 0.01288308329512456, 0.014020909980131436, 0.023324654439859385, 0.013668657802231391], [0.9083094210768523, 0.027843720509280565, 0.012859090964871913, 0.014001106611443472, 0.02333910323669274, 0.013647557600859027], [0.9083774747145186, 0.02795194810844403, 0.012775252699448457, 0.01393190616018022, 0.02338959279111318, 0.013573825526295345], [0.897158232756001, 0.033121181808973964, 0.013332910766737566, 0.01484102380228907, 0.02717251372429859, 0.014374137141699585], [0.8970589443757725, 0.033354391017717346, 0.013229792748248866, 0.01476353811289658, 0.027304617634940256, 0.014288716110424392]], [[0.9082802617848968, 0.027797347673531654, 0.012895013577421816, 0.014030757284515636, 0.02331746971777269, 0.013679149961861174], [0.5039724472429361, 0.09546740069031809, 0.04474529562760792, 0.02847436254037919, 0.3128945831621022, 0.014445910736656463], [0.07999688160175326, 0.0704648554719702, 0.30906037968643857, 0.01883457989896104, 0.5070193999935276, 0.014623903347349119], [0.486081442918454, 0.3414467096195051, 0.06567857675064406, 0.03142700457316978, 0.0608745129227972, 0.014491753215429858], [0.09141456188475774, 0.13254217250873668, 0.07597054009267706, 0.04373766771151998, 0.6417449795020744, 0.014590078300234028], [0.9082802617848968, 0.027797347673531654, 0.012895013577421816, 0.014030757284515636, 0.02331746971777269, 0.013679149961861174], [0.9082802617848968, 0.027797347673531654, 0.012895013577421816, 0.014030757284515636, 0.02331746971777269, 0.013679149961861174], [0.09075758693423013, 0.1080558072702554, 0.3581419589471922, 0.04315649756553574, 0.38525419099511593, 0.014633958287670487], [0.4771399050739728, 0.10869718013056309, 0.2940585005596848, 0.046459169217059275, 0.05919412184728353, 0.014451123171436374], [0.6718152782097265, 0.12397555531542655, 0.08752849702158162, 0.05115965532510153, 0.051158236277532486, 0.014362777850631132], [0.12142188881865275, 0.1172832120347928, 0.08986505745977061, 0.029577810068379742, 0.6272125055249949, 0.014639526093409192], [0.7180894956710777, 0.11838021410387096, 0.07737575672490934, 0.02930056125237219, 0.04235551204597398, 0.0144984602017958], [0.5235290182777226, 0.3350143899021791, 0.051214090830235044, 0.021744665225525983, 0.054002713043105596, 0.01449512272123162], [0.08622923756920989, 0.3170586482507874, 0.04418772647490279, 0.03373395865685338, 0.5040528611581341, 0.014737567890112435], [0.7553323006161143, 0.10901511060984793, 0.04950990060498038, 0.02884506434327179, 0.042693712144361434, 0.014603911681424202], [0.7027039105173056, 0.13622047360905545, 0.06276347832211604, 0.030551665186195016, 0.05216164840941815, 0.015598823955909613], [0.6557751045036349, 0.14012447266463637, 0.10030669248697584, 0.03538437968877208, 0.05301421126109588, 0.015395139394884934], [0.61839123783602, 0.16162694394050553, 0.1122404974916867, 0.03574677571296664, 0.05662595706438834, 0.015368587954432623], [0.6397326302981035, 0.1651893337952815, 0.08484704502287484, 0.040206308593872926, 0.05458521200914755, 0.015439470280719726], [0.6394731936619242, 0.1651074714658267, 0.08548069620808964, 0.040327300882271704, 0.05419433950797497, 0.015416998273912807], [0.6414813287652601, 0.1354408745972589, 0.09946638912129149, 0.040206308593872926, 0.0679656286415967, 0.015439470280719726], [0.5891613833749401, 0.16603343407503957, 0.11489153640034694, 0.0468329384219095, 0.0677121197733312, 0.015368587954432623], [0.5962702949769721, 0.16667531697636526, 0.10242946630625119, 0.04049610867986136, 0.07874471825116287, 0.015384094809387152], [0.08621066500541008, 0.0704648554719702, 0.07498329946083518, 0.01883457989896104, 0.7348826968154742, 0.014623903347349119], [0.7350123163275694, 0.11855005282379587, 0.05006823365486048, 0.021449708830414436, 0.06037735042556191, 0.014542337937797797], [0.08621066500541008, 0.0704648554719702, 0.2906941292779941, 0.01883457989896104, 0.5191718669983154, 0.014623903347349119], [0.7323522387874954, 0.12125738731868589, 0.050047179947545935, 0.02144830170764756, 0.0603492195213796, 0.014545672717245533], [0.7449807255747781, 0.11396919082822247, 0.0504518222641986, 0.029244086375335945, 0.046746380641877305, 0.014607794315587406], [0.466428359132082, 0.3408851225980991, 0.07982167240666278, 0.03638311486436315, 0.0620337220366857, 0.01444800896210724], [0.13259765830122294, 0.137129183676658, 0.08438782073779069, 0.029649653433568304, 0.601629761102574, 0.014605922748186197], [0.6753647578032254, 0.13054660127215736, 0.08625605820285462, 0.030658899446268227, 0.06276677808016487, 0.014406905195329604], [0.47567920905014116, 0.329210159159231, 0.08716963948840448, 0.03089003964734762, 0.06268544482263812, 0.014365507832237563], [0.11526029261708864, 0.10348968673960333, 0.08436541027535353, 0.03664832176515825, 0.645664446972514, 0.014571841630282308], [0.7022304881920161, 0.11214651594603163, 0.08779575102004743, 0.029681137180446, 0.0536949844900226, 0.014451123171436374], [0.7220475093183506, 0.10116355574770403, 0.07832137849830946, 0.02930056125237219, 0.054668534981467995, 0.0144984602017958], [0.0837635261834465, 0.07082650459004365, 0.05280748083882347, 0.01883057550731062, 0.7591818345801417, 0.014590078300234026], [0.7051138159011561, 0.11970744844366103, 0.07882678783860554, 0.02502629294250002, 0.056881047783532604, 0.014444607090544685], [0.389214373027345, 0.09555759586410335, 0.0741124349620507, 0.029683528586559323, 0.3968419892597075, 0.014590078300234028], [0.6484779651072714, 0.11277100005419385, 0.07436209254620217, 0.029513294941793507, 0.1195112262959129, 0.015364421054626036], [0.8970294236024844, 0.033423729606625256, 0.013199133333333331, 0.014740499792960663, 0.02734389523809523, 0.014263318426501035]], [[0.9082899458963776, 0.0278127485862754, 0.01288308329512456, 0.014020909980131436, 0.023324654439859385, 0.013668657802231391], [0.08022501103837162, 0.07065709963374706, 0.31015086582172874, 0.018832451258580657, 0.5055286494993858, 0.014605922748186197], [0.46245817020954355, 0.4017178018825016, 0.014905753674477058, 0.04149666067048387, 0.06483023743566965, 0.014591376127324241], [0.6632721820203369, 0.20262281713021185, 0.01500575558509646, 0.043872903740465465, 0.060505371592636775, 0.014720969931252652], [0.44633151881422506, 0.20330860217727745, 0.014937844691190916, 0.2569847159889569, 0.06380435502631923, 0.014632963302030403], [0.4449066720663694, 0.357123171239779, 0.061955302535012094, 0.06859939934945346, 0.052961202909553015, 0.014454251899832998], [0.9082802617848968, 0.027797347673531654, 0.012895013577421816, 0.014030757284515636, 0.02331746971777269, 0.013679149961861174], [0.12246116864978011, 0.16440250556418787, 0.10363279399350266, 0.2647532416317738, 0.3300809213008085, 0.014669368859946907], [0.7006064369640348, 0.17710144824358504, 0.018243372656431313, 0.031222483100360958, 0.05904992517898019, 0.013776333856607587], [0.10325579545548622, 0.3437005083918965, 0.013923489940877049, 0.04226234082268856, 0.48293352591320826, 0.013924339475843399], [0.541723165010259, 0.3434127117040155, 0.01404408673723374, 0.03175282269489271, 0.055290879996991435, 0.013776333856607587], [0.7236776377652869, 0.16376669750321668, 0.01409456950673706, 0.0328498416535803, 0.05176949842319551, 0.013841755147983465], [0.0921308326030764, 0.15151768780773087, 0.013927646684754942, 0.041520064633022505, 0.6869752726965024, 0.013928495574912967], [0.08063148291912534, 0.13353346104036792, 0.013927646684754942, 0.20872192872575676, 0.5492569850550819, 0.013928495574912967], [0.7532130452798632, 0.13643216875107075, 0.014080363290102718, 0.03281948578326565, 0.049631591772499276, 0.013823345123198216], [0.10939574725895074, 0.4058747618369293, 0.014718331731830587, 0.04316212200473623, 0.41212967771894493, 0.014719359448608162], [0.11944279457522586, 0.428898904680361, 0.014736544171317742, 0.032774744859344326, 0.38940944382363857, 0.014737567890112435], [0.11641764272022934, 0.44417862680250464, 0.014701060186455738, 0.036633629941038574, 0.3733669486550999, 0.014702091694671739], [0.4496583360008391, 0.4206261874282986, 0.014907439590764252, 0.03640101837818446, 0.06381345767328504, 0.014593560928628624], [0.23512817792473137, 0.542057810812608, 0.017178426634611665, 0.04517684889856887, 0.1453763162414586, 0.01508241948802128], [0.6531731271986105, 0.22036505467330922, 0.01490743959076425, 0.03657454682846618, 0.06038627078022118, 0.014593560928628622], [0.12880882898459478, 0.21086330341673598, 0.014650687026021566, 0.041059588622457295, 0.5899658623580692, 0.01465172959212103], [0.3411087111916342, 0.2045973998370075, 0.014666131946262146, 0.039055158169578115, 0.3859054277336152, 0.01466717112190275], [0.6850598227689088, 0.1905107268860436, 0.01490575367447706, 0.03535881747616987, 0.059573503067076664, 0.014591376127324241], [0.7244182103717958, 0.16822628232320944, 0.015023464635080105, 0.02819254033548832, 0.049395583010135906, 0.014743919324290485], [0.5227862540166752, 0.36691060109904133, 0.014936068166170643, 0.029186345060933205, 0.05155007057751386, 0.014630661079665597], [0.33601639315047616, 0.14262218664835793, 0.02083126997399779, 0.033563183767495494, 0.45232521688475635, 0.014641749574916239], [0.6678379068826329, 0.20372080157512354, 0.01490575367447706, 0.039370658673365755, 0.059573503067076664, 0.014591376127324241], [0.12169569301130309, 0.19690519833601014, 0.014622854671509268, 0.03801245589880487, 0.6141398947350234, 0.014623903347349119], [0.6565257981578937, 0.21437165628550575, 0.014876965012636568, 0.040764027088808136, 0.058907484937004304, 0.014554068518151483], [0.6599089471554249, 0.21133158949517217, 0.014907439590764252, 0.03571815179142771, 0.06354031103858235, 0.014593560928628624], [0.47572202359872207, 0.3173288067088847, 0.017178426634611665, 0.03718730983351494, 0.1375010137362453, 0.015082419488021281], [0.6512418051601626, 0.217991815397743, 0.014907439590764252, 0.03571815179142771, 0.0655472271312739, 0.014593560928628624], [0.6530733138164914, 0.2115382380248888, 0.014922443040490542, 0.03537571598354687, 0.07047728503621813, 0.014613004098364437], [0.4726003871667483, 0.1998307761984434, 0.014988536804230224, 0.03677222550528992, 0.2611094184408137, 0.014698655884474505], [0.6759351674980326, 0.19667051831554622, 0.014953660608821388, 0.03502119657480674, 0.06276599764308076, 0.014653459359712259], [0.6756506861902267, 0.20022063936169504, 0.014988536804230223, 0.03677222550528991, 0.05766925625408342, 0.014698655884474505], [0.4471252126133614, 0.42583228618497987, 0.014876965012636568, 0.03554994247550517, 0.06206152519536547, 0.014554068518151483], [0.22467436435194887, 0.12126571571702824, 0.09331442292284517, 0.03540646987466624, 0.5096051281551142, 0.015733898978397335], [0.8970294236024844, 0.033423729606625256, 0.013199133333333331, 0.014740499792960663, 0.02734389523809523, 0.014263318426501035]], [[0.9082899458963776, 0.0278127485862754, 0.01288308329512456, 0.014020909980131436, 0.023324654439859385, 0.013668657802231391], [0.4699046411103028, 0.11663415090404844, 0.08419286374381879, 0.2582555350038865, 0.05651434903614762, 0.0144984602017958], [0.44876467673557835, 0.40648216890406064, 0.018856387255893878, 0.04745944877611747, 0.06380435502631923, 0.014632963302030403], [0.4608859632670405, 0.39801149670882263, 0.014988536804230224, 0.050622723153662, 0.06079262418177006, 0.014698655884474505], [0.436865150664725, 0.2162889264623456, 0.01492244304049054, 0.2544681282575723, 0.06284234747650196, 0.014613004098364437], [0.4656767498658908, 0.14239131657539192, 0.06829535681684316, 0.26077964472651805, 0.048447101073506665, 0.014409830941849385], [0.9050081839540113, 0.02932362142797633, 0.01304689061068066, 0.01428738048821128, 0.02443057802216112, 0.013903345496959093], [0.706064206250666, 0.11067803694642363, 0.08103212881416548, 0.03686847588942698, 0.050950246903988174, 0.014406905195329604], [0.5527663378894451, 0.16684503642228954, 0.015076971370525364, 0.030237713541068363, 0.22121322311688546, 0.013860717659786203], [0.20055813323444235, 0.4211602560840469, 0.01672694832937256, 0.05053877891148156, 0.2968014293300962, 0.01421445411056034], [0.7148591278783717, 0.17101032152308743, 0.014109202053609937, 0.030768053135600118, 0.0553925777495447, 0.013860717659786205], [0.7171263675363679, 0.1715126907813379, 0.014122716220548745, 0.030473868432291232, 0.052886126181273196, 0.013878230848181065], [0.7209952977953218, 0.16560009552809019, 0.01409456950673706, 0.033698783598671934, 0.05176949842319551, 0.013841755147983465], [0.5730880933022073, 0.31728173269716214, 0.014107684413766503, 0.033410623763700124, 0.04825311489300411, 0.013858750930159881], [0.5891333001619128, 0.13658648377104926, 0.014121156888738998, 0.1953403748670676, 0.05094247422184923, 0.01387621008938196], [0.7013775899286256, 0.16661775003699336, 0.014920712709117007, 0.038044144696417585, 0.06442904088988646, 0.014610761738959862], [0.10914833626992268, 0.1996618644389813, 0.014731202297516274, 0.03985794205878963, 0.6218684277458344, 0.014732227188955633], [0.6789707558916377, 0.20188236314501382, 0.014872506161612517, 0.033401177593829545, 0.05632490697400744, 0.014548290233898933], [0.6693135641716087, 0.20549653011040983, 0.014971788211050774, 0.03469045460827798, 0.06085071173848928, 0.014676951160163435], [0.6669286084133136, 0.20759179431385844, 0.014955490806069647, 0.035045226550254605, 0.06082304877987372, 0.014655831136630045], [0.6610858074460958, 0.2127221636852341, 0.01492244304049054, 0.03623211102058533, 0.06042447070922978, 0.014613004098364437], [0.4410745478596614, 0.4359179139705303, 0.014891175906591617, 0.036196217458204165, 0.057347660200673646, 0.014572484604338746], [0.6629830964197831, 0.20865654445590423, 0.014922443040490542, 0.036232111020585336, 0.06259280096487238, 0.014613004098364437], [0.6792014716453013, 0.1938056294335225, 0.014988536804230224, 0.037386937885941704, 0.05991876834652979, 0.014698655884474505], [0.6811322818876628, 0.1910111822392536, 0.015005755585096462, 0.035581994652145746, 0.0625478157045889, 0.014720969931252652], [0.7170938894834017, 0.16928887809976403, 0.015023464635080107, 0.02819254033548832, 0.055657308121975446, 0.014743919324290485], [0.710376283375159, 0.17550955697399523, 0.014920712709117007, 0.031525669601583886, 0.05305701560118497, 0.014610761738959864], [0.46825587644909866, 0.40137380551228125, 0.01500575558509646, 0.0410120767648745, 0.05963151575739648, 0.014720969931252652], [0.47271793189158573, 0.19849827064352682, 0.014953660608821388, 0.24048675981651257, 0.05868991767984129, 0.014653459359712259], [0.6558652882600416, 0.20622993289714842, 0.014937844691190916, 0.04540347165850949, 0.06293049919107895, 0.014632963302030401], [0.12131576925907796, 0.42671938867403575, 0.0145707815233788, 0.04069769794321618, 0.3821245209700089, 0.014571841630282308], [0.6449771763491091, 0.22007136486795398, 0.014907439590764252, 0.03571815179142771, 0.06973230647211631, 0.014593560928628624], [0.448572375445204, 0.4194356964866507, 0.014922443040490542, 0.03537571598354687, 0.06708076494574348, 0.014613004098364437], [0.11910748400089573, 0.19371958282370935, 0.014570781523378802, 0.04307099301489057, 0.6149593170068433, 0.014571841630282308], [0.47285351586158064, 0.39706133424319245, 0.014953660608821386, 0.03676052385513941, 0.06371750607155374, 0.014653459359712257], [0.46784508253077045, 0.4005667706387668, 0.014988536804230223, 0.03677222550528991, 0.06512872863646792, 0.014698655884474505], [0.6430592859400407, 0.2237661016891216, 0.014971788211050774, 0.032499717588421, 0.07102615541120247, 0.014676951160163435], [0.6577225604955985, 0.217753855453033, 0.014955490806069649, 0.03436235996349786, 0.060549902145171024, 0.014655831136630045], [0.5989351501739567, 0.1443670671090991, 0.11431997396177362, 0.051965991615887636, 0.07503696141987148, 0.01537485571941136], [0.8970294236024844, 0.033423729606625256, 0.013199133333333331, 0.014740499792960663, 0.02734389523809523, 0.014263318426501035]], [[0.9082899458963776, 0.0278127485862754, 0.01288308329512456, 0.014020909980131436, 0.023324654439859385, 0.013668657802231391], [0.45845368554522814, 0.10173058790315412, 0.3018185519235495, 0.06951629073799917, 0.05408032341995615, 0.014400560470112782], [0.13412324895330102, 0.418310386875499, 0.014656214624920517, 0.05566324046722699, 0.3625896531014475, 0.01465725597760506], [0.6377177205635444, 0.242862452443587, 0.017244561286142886, 0.03696656798148905, 0.050678223424748876, 0.01453047430048769], [0.12489569124908353, 0.20599261068723088, 0.014622854671509268, 0.27152927491145756, 0.3683356651333697, 0.014623903347349119], [0.21867049771902014, 0.5262912694354299, 0.017178426634611665, 0.06954946825581232, 0.1532279184671045, 0.01508241948802128], [0.45624174215557195, 0.36458638145234223, 0.06289049165911759, 0.04682888471243328, 0.055042669078685665, 0.014409830941849385], [0.8973620950146627, 0.03264234877810361, 0.01354463616813294, 0.015000120039100683, 0.026901273509286408, 0.014549526490713584], [0.7438679107477196, 0.109898935785024, 0.059518627217945895, 0.03173251332725268, 0.04128844920246175, 0.013693563719595863], [0.713880779315376, 0.16971724967227225, 0.016815079952247812, 0.030237713541068363, 0.05548845985924945, 0.013860717659786203], [0.7144295387685469, 0.17235228172094721, 0.015411133491211636, 0.030473868432291225, 0.053454946738821923, 0.013878230848181065], [0.5653829158560322, 0.3256076234371025, 0.01413660452267288, 0.031704522386333894, 0.0492721049145276, 0.013896228883330851], [0.5709058516797811, 0.3226220674286835, 0.014107684413766503, 0.03025253065460496, 0.04825311489300411, 0.013858750930159881], [0.7202452052547956, 0.1645578157770102, 0.01409456950673706, 0.03457243789490493, 0.05268821641856865, 0.013841755147983465], [0.09213083260307639, 0.32187193601371583, 0.013927646684754942, 0.0421762528596751, 0.5159648362638648, 0.013928495574912967], [0.49620168604636866, 0.1756820330844718, 0.014969907735390052, 0.03543525290933431, 0.263036605997652, 0.01467451422678328], [0.49347239086176226, 0.3797583445834343, 0.014920712709117007, 0.03140880830105541, 0.06582898180567097, 0.014610761738959862], [0.12477271350686302, 0.17621091170683884, 0.014622854671509268, 0.03594017503825294, 0.6338294417291868, 0.014623903347349119], [0.68095843116079, 0.19154308986095236, 0.014937844691190916, 0.03755575869894008, 0.06037191228609618, 0.014632963302030403], [0.6688362452343848, 0.20171806745416315, 0.014922443040490542, 0.03605858257030362, 0.06385165760229365, 0.014613004098364437], [0.12440955527382552, 0.42295040929813965, 0.014650687026021566, 0.05373956092286968, 0.36959805788702244, 0.01465172959212103], [0.11748326384826292, 0.22218886855306785, 0.014650687026021566, 0.25551365527358755, 0.375511795706939, 0.01465172959212103], [0.6570839911783714, 0.20978703014281277, 0.01490743959076425, 0.03657454682846618, 0.06705343133095679, 0.014593560928628622], [0.6725938328381628, 0.19805343507884884, 0.014971788211050774, 0.03779154285110805, 0.06191244986066622, 0.014676951160163437], [0.6687806486253927, 0.19341287166452065, 0.014988536804230223, 0.04210715172237081, 0.066012135299011, 0.014698655884474505], [0.47983348576627183, 0.19131089738606927, 0.014953660608821386, 0.03825052270121721, 0.26099797417790804, 0.014653459359712257], [0.12732774576822106, 0.17690446413240293, 0.014656214624920517, 0.0312531426906195, 0.6352011768062309, 0.01465725597760506], [0.4476755112564282, 0.41717492173163123, 0.014891175906591616, 0.04241681808067307, 0.06326908842033702, 0.014572484604338744], [0.6684122730572198, 0.2030827663668891, 0.01500575558509646, 0.03914671930214543, 0.05963151575739648, 0.014720969931252652], [0.668494642814582, 0.20406243034498425, 0.01500575558509646, 0.03667318960620865, 0.06104301171787588, 0.014720969931252652], [0.4638662932060049, 0.40489810597836307, 0.014937844691190916, 0.03815342288249553, 0.06351136993991507, 0.014632963302030403], [0.45905297249353133, 0.21429860791141264, 0.014971788211050774, 0.034007588021521235, 0.2629920922023205, 0.014676951160163435], [0.47097170110834324, 0.4022673184012172, 0.014988536804230224, 0.03677222550528992, 0.060301562296444795, 0.014698655884474505], [0.6765794614626343, 0.19891135702467105, 0.014953660608821388, 0.03763581032056544, 0.05726625122359572, 0.014653459359712259], [0.6640201380815992, 0.20212765933785173, 0.014988536804230223, 0.04187352082576102, 0.062291489066083096, 0.014698655884474505], [0.4314178723795369, 0.2270871780230525, 0.014922443040490542, 0.04147885817365506, 0.2704806442849006, 0.014613004098364437], [0.6291773847434472, 0.23059059246443872, 0.01490743959076425, 0.03856005533091215, 0.07217096694180904, 0.014593560928628622], [0.2751858009082169, 0.533852665512708, 0.017178426634611665, 0.04024655214218517, 0.1184541353142567, 0.015082419488021281], [0.1476578990199112, 0.13223182547861057, 0.10716833272111549, 0.04463227262390304, 0.5526099273987605, 0.015699742757699173], [0.8970294236024844, 0.033423729606625256, 0.013199133333333331, 0.014740499792960663, 0.02734389523809523, 0.014263318426501035]], [[0.9082899458963776, 0.0278127485862754, 0.01288308329512456, 0.014020909980131436, 0.023324654439859385, 0.013668657802231391], [0.3714449526904471, 0.10879673653097185, 0.1409550940839175, 0.03977635205085977, 0.32440296129645463, 0.014623903347349119], [0.6491595829752823, 0.21788665691841033, 0.019540318824503, 0.03157359235109439, 0.06732675490878914, 0.014513094021920782], [0.13082872854902164, 0.20628938358468082, 0.014673816796998734, 0.2689383304840462, 0.36459488629958675, 0.014674854285665895], [0.4347324593678333, 0.4436983486800737, 0.014876965012636568, 0.0348876788514071, 0.05725047956989779, 0.014554068518151483], [0.6526689554744768, 0.21842332643594356, 0.014955490806069647, 0.03617157458332171, 0.06312482156355813, 0.014655831136630045], [0.4551709183935509, 0.41476174382010356, 0.014971788211050774, 0.034050891756291175, 0.06636770665884022, 0.014676951160163437], [0.6624888062434281, 0.13594880724666883, 0.07251749100800585, 0.05299873940090633, 0.06154434230851665, 0.014501813792474089], [0.9154050747628082, 0.024757952435167617, 0.012400608981657178, 0.0133423926628716, 0.021043139025932953, 0.013050832131562301], [0.39183485170710797, 0.28867899831252275, 0.21950093984381014, 0.03972532731666604, 0.04656631910029733, 0.013693563719595864], [0.7502450399509274, 0.09961455431709267, 0.07082565605345457, 0.028485653942479275, 0.03709609264816892, 0.013733003087876996], [0.4061003693003066, 0.4865655136428336, 0.014969720579090911, 0.03025253065460496, 0.04825311489300411, 0.013858750930159881], [0.10075237424928597, 0.16990822409141781, 0.013927646684754942, 0.21030535536861605, 0.49117790403101225, 0.013928495574912967], [0.7052830342236697, 0.18174666064748266, 0.01404408673723374, 0.031752822694892706, 0.05339706184011345, 0.013776333856607585], [0.10075237424928597, 0.16990822409141781, 0.013927646684754942, 0.21030535536861605, 0.49117790403101225, 0.013928495574912967], [0.48038441567116297, 0.39306232314900574, 0.014953660608821388, 0.03442353239125129, 0.06252260882004644, 0.014653459359712259], [0.4973681045975454, 0.3803269488178273, 0.01496990773539005, 0.03167228523553767, 0.06098823938691619, 0.014674514226783278], [0.7105364732078717, 0.17124611652162514, 0.014969907735390052, 0.03167228523553767, 0.05690070307279209, 0.01467451422678328], [0.6999360266261426, 0.17990199023921394, 0.014953660608821388, 0.03442353239125129, 0.056131330774858504, 0.014653459359712259], [0.6756990814776893, 0.19535113601918672, 0.014988536804230223, 0.034666690888634236, 0.06459589892578482, 0.014698655884474505], [0.6549279786465967, 0.21800306426572613, 0.014876965012636568, 0.03640633751254363, 0.06123158604434538, 0.014554068518151483], [0.4552108842860167, 0.4111802385893561, 0.01490743959076425, 0.03657454682846618, 0.06753332977676808, 0.014593560928628622], [0.25248895408336985, 0.3113832912972289, 0.017178426634611665, 0.047841895665182724, 0.35602501283158555, 0.015082419488021281], [0.6592220811447345, 0.20653689025976363, 0.014955490806069647, 0.03993896883696544, 0.06469073781583667, 0.014655831136630045], [0.5498129279743141, 0.17085518298739436, 0.014122716220548746, 0.19655068326589503, 0.0547802587036667, 0.013878230848181065], [0.7129764955979255, 0.16723608535029436, 0.01413660452267288, 0.03571559874637144, 0.056038986899404786, 0.013896228883330851], [0.7028778955143782, 0.1796668798578536, 0.014055870723302725, 0.03503837133243747, 0.05456937769139024, 0.013791604880637631], [0.09765716986202967, 0.18725136281215143, 0.013927646684754942, 0.032747949673427756, 0.6544873753927233, 0.013928495574912967], [0.7092956549612919, 0.1739851392219068, 0.01409456950673706, 0.034891746159231504, 0.05389113500284915, 0.013841755147983463], [0.3967202233382993, 0.49368072985738337, 0.0141076844137665, 0.03125785998773315, 0.05037475147265776, 0.01385875093015988], [0.7233160754578474, 0.16976863540457615, 0.014150882714776382, 0.029413681299716422, 0.049435992941001254, 0.013914732182082369], [0.7108416044690751, 0.17447292141270476, 0.01409456950673706, 0.03334543795000104, 0.05340371151349861, 0.013841755147983465], [0.5579336443341758, 0.33075189804662064, 0.01413660452267288, 0.03302100501888975, 0.05026061919430982, 0.013896228883330851], [0.7253396546503955, 0.1667377238386451, 0.014150882714776384, 0.03219463180591602, 0.04766237480818463, 0.013914732182082369], [0.5466025751651298, 0.1737725842142766, 0.01409456950673706, 0.1995796735797368, 0.05210884238613619, 0.013841755147983465], [0.10478230010760443, 0.18169551914330173, 0.013927646684754942, 0.03583852075447903, 0.6498275177349468, 0.013928495574912967], [0.10478230010760443, 0.34611881463074606, 0.013927646684754942, 0.03583852075447903, 0.4854042222475025, 0.013928495574912967], [0.6862563590298089, 0.2043925831617608, 0.014032595629512328, 0.02917370555964937, 0.05238331424175129, 0.013761442377517384], [0.6445981508018032, 0.11457697372663597, 0.1074590657216516, 0.036190118798997875, 0.08276878575558157, 0.014406905195329604], [0.8970294236024844, 0.033423729606625256, 0.013199133333333331, 0.014740499792960663, 0.02734389523809523, 0.014263318426501035]], [[0.9082899458963776, 0.0278127485862754, 0.01288308329512456, 0.014020909980131436, 0.023324654439859385, 0.013668657802231391], [0.4535393760674378, 0.3548137684818819, 0.07803597678365246, 0.03949415864048263, 0.05975121219430767, 0.014365507832237565], [0.2181434639567507, 0.32954986520409735, 0.017178426634611665, 0.04376693024002995, 0.37627889447648893, 0.015082419488021281], [0.44038316011965023, 0.4256601081111121, 0.01486310731522425, 0.03592415408562575, 0.06863336022433367, 0.014536110144054147], [0.6378377791341647, 0.2291139617036785, 0.014971788211050774, 0.03254302132319094, 0.07085649846775174, 0.014676951160163437], [0.6391658225129654, 0.2254949790283212, 0.014971788211050774, 0.03254302132319094, 0.07314743776430824, 0.014676951160163435], [0.43918116300888577, 0.21777474512812647, 0.014937844691190916, 0.042766795526137574, 0.2707064883436289, 0.014632963302030403], [0.4759923532174782, 0.38914353404238006, 0.01500575558509646, 0.03903803987731947, 0.0660993473464733, 0.014720969931252652], [0.5618833000582985, 0.08673175567233853, 0.06899227513216435, 0.21481613510024983, 0.053801200680901, 0.013775333356047723], [0.9154050747628082, 0.024757952435167617, 0.012400608981657178, 0.0133423926628716, 0.021043139025932953, 0.013050832131562301], [0.9154050747628082, 0.024757952435167617, 0.012400608981657178, 0.0133423926628716, 0.021043139025932953, 0.013050832131562301], [0.7368751689541433, 0.1080464870947175, 0.0737258187491174, 0.02632003215911747, 0.04134152373376245, 0.013690969309141736], [0.09763634088759673, 0.35222113262971383, 0.013927646684754942, 0.039414077521471594, 0.48287230670154996, 0.013928495574912967], [0.7108244458499147, 0.17313124997392426, 0.01406935692820489, 0.03189230556217573, 0.05627355985312267, 0.013809081832657891], [0.7114445413498923, 0.17438512590797361, 0.014081798118964643, 0.03160835025279446, 0.05465497983340099, 0.013825204536973926], [0.671323332757469, 0.19952760217171278, 0.014937844691190916, 0.03755575869894008, 0.062022498378656775, 0.014632963302030403], [0.12202164712612736, 0.39683860132280424, 0.014650687026021566, 0.0402107473984192, 0.4116265875345064, 0.01465172959212103], [0.7177704068978573, 0.16349560585848597, 0.014920712709117007, 0.03140880830105541, 0.05779370449452429, 0.014610761738959862], [0.11127597951702191, 0.16018575884864195, 0.014640704817528851, 0.038786573825635676, 0.6604692334162554, 0.01464174957491624], [0.6994639808803438, 0.17625394106352169, 0.014886602919985392, 0.03290546816429344, 0.06192344856158608, 0.014566558410269617], [0.13099775150327064, 0.209747005681606, 0.014718331731830587, 0.25103951088433046, 0.3787780407503542, 0.014719359448608164], [0.6567491469348107, 0.2129932049671894, 0.01492244304049054, 0.03623211102058533, 0.06449008993855966, 0.014613004098364437], [0.6502739112389587, 0.2146986545589481, 0.01490743959076425, 0.03657454682846618, 0.06895188685423416, 0.014593560928628622], [0.4519392180326949, 0.4109826896253452, 0.014922443040490542, 0.039071953665791415, 0.06847069153731368, 0.014613004098364437], [0.3842390722795832, 0.3343015019198673, 0.014136604522672881, 0.035829483613426194, 0.2175971087811196, 0.013896228883330853], [0.5416319099158114, 0.337609239580883, 0.01409456950673706, 0.03536295906364732, 0.05745956678493772, 0.013841755147983465], [0.531159671427821, 0.35209022753142555, 0.014081798118964643, 0.03410881283254362, 0.05473428555227144, 0.013825204536973926], [0.09765716986202966, 0.5225476621150361, 0.013927646684754942, 0.03274794967342775, 0.31919107608983843, 0.013928495574912967], [0.702215159139805, 0.1875125409296318, 0.01404408673723374, 0.03189671630546787, 0.05055516303125405, 0.013776333856607587], [0.09998908318055554, 0.5125598642776841, 0.013927646684754942, 0.03286124039170808, 0.3267336698903845, 0.013928495574912967], [0.5591683941133373, 0.3318189892374159, 0.014052078702151076, 0.0294893146793358, 0.0516845325176881, 0.01378669075007177], [0.27252263138809996, 0.1619762540216576, 0.013927646684754942, 0.03674944791704709, 0.5008955244135275, 0.013928495574912967], [0.696448241848733, 0.1875603313801235, 0.014081798118964643, 0.03104210224821629, 0.05704232186698863, 0.013825204536973926], [0.539327809295375, 0.34516922900161273, 0.014136604522672878, 0.0322596502211516, 0.055210478075856696, 0.013896228883330851], [0.37943435495026373, 0.5081554828762551, 0.014122716220548745, 0.03246918483842357, 0.05194003026632777, 0.013878230848181065], [0.6911926519408634, 0.1927653392389353, 0.01406935692820489, 0.03291782370464437, 0.05524574635469408, 0.013809081832657891], [0.2210348971054148, 0.6071842569274059, 0.01595250937253377, 0.039751108529840276, 0.10186277395424481, 0.01421445411056034], [0.10249734438483869, 0.17278893360499833, 0.013927646684754942, 0.03492980637482002, 0.6619277733756751, 0.013928495574912967], [0.44502942104912424, 0.11611979111308175, 0.10745906572165163, 0.036190118798997875, 0.2807946981218149, 0.014406905195329604], [0.8970294236024844, 0.033423729606625256, 0.013199133333333331, 0.014740499792960663, 0.02734389523809523, 0.014263318426501035]], [[0.9082899458963776, 0.0278127485862754, 0.01288308329512456, 0.014020909980131436, 0.023324654439859385, 0.013668657802231391], [0.48122549577481644, 0.3390980361612772, 0.06736016769273769, 0.04188003451722013, 0.0559820139541156, 0.014454251899832998], [0.6378493393107563, 0.22755987355838003, 0.014863107315224248, 0.03592415408562575, 0.06926741558595945, 0.014536110144054145], [0.12700837879567425, 0.20745003860734518, 0.014683660733316024, 0.04796263383185996, 0.5882105919707559, 0.014684696061048677], [0.45469361723271745, 0.4137456550414216, 0.014937844691190916, 0.038185564706320466, 0.06380435502631925, 0.014632963302030403], [0.4396915417046786, 0.43299779364990376, 0.014891175906591616, 0.03561364690137731, 0.062233357233109805, 0.014572484604338744], [0.13153002796908012, 0.20336858286864165, 0.014604870124390245, 0.046391879240535984, 0.5894987170491659, 0.014605922748186197], [0.4652453010704937, 0.39395566930196446, 0.014937844691190916, 0.0448092528622425, 0.06641896877207794, 0.014632963302030403], [0.727225137443964, 0.15400445487738604, 0.014150882714776382, 0.03882462696398814, 0.05188016581780317, 0.013914732182082369], [0.5696511687936484, 0.08099165967948219, 0.06796655351144776, 0.2148871465970687, 0.05272813806230518, 0.013775333356047723], [0.9154050747628082, 0.024757952435167617, 0.012400608981657178, 0.0133423926628716, 0.021043139025932953, 0.013050832131562301], [0.7392914417476216, 0.1157874368212068, 0.05483283386420139, 0.030886501652641125, 0.04550822219473314, 0.013693563719595863], [0.5438520959953792, 0.17246640280521505, 0.01717637575521226, 0.03189230556217573, 0.2208037380493598, 0.01380908183265789], [0.3650877726325427, 0.43936004387683014, 0.017349726323830417, 0.03916941739786451, 0.12481858565837162, 0.01421445411056034], [0.5553370309287092, 0.3329724017046979, 0.014109202053609937, 0.030768053135600118, 0.052952594517596686, 0.013860717659786203], [0.6585520674341244, 0.21200224525442343, 0.014922443040490542, 0.03605858257030362, 0.06385165760229365, 0.014613004098364437], [0.34022971047806705, 0.2099757864703163, 0.014632911819569248, 0.04129615826755001, 0.3792314746768267, 0.014633958287670487], [0.6978006870754636, 0.182037329789893, 0.014953660608821388, 0.03442353239125129, 0.056131330774858504, 0.014653459359712259], [0.7221280964741218, 0.15913791628222146, 0.014920712709117007, 0.03140880830105541, 0.05779370449452429, 0.014610761738959862], [0.107428049550933, 0.3692213764775862, 0.014731202297516274, 0.045544842954135537, 0.44834230153087323, 0.014732227188955633], [0.33859591276659423, 0.2113873129403406, 0.014736544171317744, 0.038174600486343135, 0.3823680617452919, 0.014737567890112435], [0.6525813405698401, 0.21757791241341293, 0.014891175906591617, 0.0389545441707643, 0.06142254233505235, 0.014572484604338746], [0.33631110510828427, 0.21566869589474988, 0.014683660733316024, 0.03763737439920488, 0.3810144678033962, 0.014684696061048677], [0.12456090424279395, 0.22406361066943736, 0.014736544171317744, 0.03214042083310645, 0.5897609521932321, 0.014737567890112435], [0.7058424488391557, 0.17972072250042279, 0.014040389359819109, 0.03168999427676654, 0.05493490264771868, 0.013771542376117333], [0.09791661440230914, 0.3540504243377449, 0.013927646684754942, 0.03385985484605399, 0.48631696415422415, 0.013928495574912967], [0.6904123421674431, 0.1935128551874309, 0.01406935692820489, 0.03439276814192489, 0.05380359574233848, 0.013809081832657891], [0.2079105430915362, 0.6004546671984184, 0.01595250937253377, 0.047171222381832696, 0.1142966038451185, 0.01421445411056034], [0.710444403265951, 0.1805294954641578, 0.014109202053609935, 0.03091194674617527, 0.05014423481031958, 0.013860717659786203], [0.5304245135872466, 0.35930318648219023, 0.01404408673723374, 0.03189671630546787, 0.05055516303125405, 0.013776333856607587], [0.1071875009624134, 0.17686535425030336, 0.013927646684754