{"round_id": "3eb0c25d-28fa-48ca-b8e1-fc249e3918e9", "seed_index": 2, "prediction": [[[0.9082802617848968, 0.027797347673531654, 0.012895013577421816, 0.014030757284515636, 0.02331746971777269, 0.013679149961861174], [0.9082802617848968, 0.027797347673531654, 0.012895013577421816, 0.014030757284515636, 0.02331746971777269, 0.013679149961861174], [0.9082802617848968, 0.027797347673531654, 0.012895013577421816, 0.014030757284515636, 0.02331746971777269, 0.013679149961861174], [0.9082899458963776, 0.0278127485862754, 0.01288308329512456, 0.014020909980131436, 0.023324654439859385, 0.013668657802231391], [0.9082899458963776, 0.0278127485862754, 0.01288308329512456, 0.014020909980131436, 0.023324654439859385, 0.013668657802231391], [0.9082899458963776, 0.0278127485862754, 0.01288308329512456, 0.014020909980131436, 0.023324654439859385, 0.013668657802231391], [0.9082899458963776, 0.0278127485862754, 0.01288308329512456, 0.014020909980131436, 0.023324654439859385, 0.013668657802231391], [0.9082802617848968, 0.027797347673531654, 0.012895013577421816, 0.014030757284515636, 0.02331746971777269, 0.013679149961861174], [0.9082802617848968, 0.027797347673531654, 0.012895013577421816, 0.014030757284515636, 0.02331746971777269, 0.013679149961861174], [0.9082802617848968, 0.027797347673531654, 0.012895013577421816, 0.014030757284515636, 0.02331746971777269, 0.013679149961861174], [0.9082899458963776, 0.0278127485862754, 0.01288308329512456, 0.014020909980131436, 0.023324654439859385, 0.013668657802231391], [0.9082899458963776, 0.0278127485862754, 0.01288308329512456, 0.014020909980131436, 0.023324654439859385, 0.013668657802231391], [0.9082899458963776, 0.0278127485862754, 0.01288308329512456, 0.014020909980131436, 0.023324654439859385, 0.013668657802231391], [0.9083094210768523, 0.027843720509280565, 0.012859090964871913, 0.014001106611443472, 0.02333910323669274, 0.013647557600859027], [0.9083774747145186, 0.02795194810844403, 0.012775252699448457, 0.01393190616018022, 0.02338959279111318, 0.013573825526295345], [0.897158232756001, 0.033121181808973964, 0.013332910766737566, 0.01484102380228907, 0.02717251372429859, 0.014374137141699585], [0.8970589443757725, 0.033354391017717346, 0.013229792748248866, 0.01476353811289658, 0.027304617634940256, 0.014288716110424392], [0.8970294236024844, 0.033423729606625256, 0.013199133333333331, 0.014740499792960663, 0.02734389523809523, 0.014263318426501035], [0.8970294236024844, 0.033423729606625256, 0.013199133333333331, 0.014740499792960663, 0.02734389523809523, 0.014263318426501035], [0.8970589443757725, 0.033354391017717346, 0.013229792748248866, 0.01476353811289658, 0.027304617634940256, 0.014288716110424392], [0.897158232756001, 0.033121181808973964, 0.013332910766737566, 0.01484102380228907, 0.02717251372429859, 0.014374137141699585], [0.9083774747145186, 0.02795194810844403, 0.012775252699448457, 0.01393190616018022, 0.02338959279111318, 0.013573825526295345], [0.9083094210768523, 0.027843720509280565, 0.012859090964871913, 0.014001106611443472, 0.02333910323669274, 0.013647557600859027], [0.9082899458963776, 0.0278127485862754, 0.01288308329512456, 0.014020909980131436, 0.023324654439859385, 0.013668657802231391], [0.9082899458963776, 0.0278127485862754, 0.01288308329512456, 0.014020909980131436, 0.023324654439859385, 0.013668657802231391], [0.9082899458963776, 0.0278127485862754, 0.01288308329512456, 0.014020909980131436, 0.023324654439859385, 0.013668657802231391], [0.9082899458963776, 0.0278127485862754, 0.01288308329512456, 0.014020909980131436, 0.023324654439859385, 0.013668657802231391], [0.9082899458963776, 0.0278127485862754, 0.01288308329512456, 0.014020909980131436, 0.023324654439859385, 0.013668657802231391], [0.9082899458963776, 0.0278127485862754, 0.01288308329512456, 0.014020909980131436, 0.023324654439859385, 0.013668657802231391], [0.9082899458963776, 0.0278127485862754, 0.01288308329512456, 0.014020909980131436, 0.023324654439859385, 0.013668657802231391], [0.9082899458963776, 0.0278127485862754, 0.01288308329512456, 0.014020909980131436, 0.023324654439859385, 0.013668657802231391], [0.9082899458963776, 0.0278127485862754, 0.01288308329512456, 0.014020909980131436, 0.023324654439859385, 0.013668657802231391], [0.9082899458963776, 0.0278127485862754, 0.01288308329512456, 0.014020909980131436, 0.023324654439859385, 0.013668657802231391], [0.9082899458963776, 0.0278127485862754, 0.01288308329512456, 0.014020909980131436, 0.023324654439859385, 0.013668657802231391], [0.9083094210768523, 0.027843720509280565, 0.012859090964871913, 0.014001106611443472, 0.02333910323669274, 0.013647557600859027], [0.9083774747145186, 0.02795194810844403, 0.012775252699448457, 0.01393190616018022, 0.02338959279111318, 0.013573825526295345], [0.897158232756001, 0.033121181808973964, 0.013332910766737566, 0.01484102380228907, 0.02717251372429859, 0.014374137141699585], [0.8970589443757725, 0.033354391017717346, 0.013229792748248866, 0.01476353811289658, 0.027304617634940256, 0.014288716110424392], [0.8970294236024844, 0.033423729606625256, 0.013199133333333331, 0.014740499792960663, 0.02734389523809523, 0.014263318426501035], [0.8923766027027027, 0.03548121936936937, 0.013480138288288288, 0.015156895045045044, 0.028867345495495494, 0.014637799099099099]], [[0.9082802617848968, 0.027797347673531654, 0.012895013577421816, 0.014030757284515636, 0.02331746971777269, 0.013679149961861174], [0.9082802617848968, 0.027797347673531654, 0.012895013577421816, 0.014030757284515636, 0.02331746971777269, 0.013679149961861174], [0.7275094768991215, 0.12468388373788203, 0.05991145247057789, 0.034006013623484696, 0.03947934232708462, 0.014409830941849385], [0.6933784456082502, 0.15472064361251467, 0.0641387347423534, 0.03377039934059213, 0.03953752479645645, 0.014454251899832998], [0.6960710736511487, 0.1130875630601336, 0.06854071476319634, 0.04168359906947874, 0.06616592628460619, 0.014451123171436374], [0.7355418462781314, 0.1039230315234744, 0.052070092394679676, 0.04400924874324296, 0.049543186792231506, 0.014912594268239878], [0.7054568600417783, 0.1230709421084245, 0.07861013021827387, 0.029719697713352963, 0.04853457560258262, 0.014607794315587406], [0.6977231590647166, 0.11570513235342207, 0.08358272348100604, 0.03200164119693552, 0.05637954958833217, 0.014607794315587406], [0.9082802617848968, 0.027797347673531654, 0.012895013577421816, 0.014030757284515636, 0.02331746971777269, 0.013679149961861174], [0.697311930934013, 0.08074783180832244, 0.08647268094958077, 0.05248962450870888, 0.06852794135323698, 0.014449990446138008], [0.7256422499954541, 0.1097915639811146, 0.07714699751201307, 0.03253700204921303, 0.040329324497360305, 0.014552861964844739], [0.7201594355517899, 0.10868454381394836, 0.0796057707513448, 0.032292768026742746, 0.04475566806370011, 0.01450181379247409], [0.7164107171298703, 0.12029677037335447, 0.06927997659118686, 0.03327591552408511, 0.04628236848167008, 0.014454251899832998], [0.714617721320346, 0.10885176722697991, 0.08705940600511623, 0.03229276802674274, 0.042676523628341005, 0.014501813792474089], [0.5144977674121846, 0.1097915639811146, 0.2882914800952828, 0.03253700204921303, 0.040329324497360305, 0.014552861964844739], [0.613590405385808, 0.15489379649676085, 0.12482854803951116, 0.03539897197439288, 0.05583391542472051, 0.015454362678806398], [0.11958308888596252, 0.14088074831611141, 0.09213359318812087, 0.026797834500827726, 0.6049049923512783, 0.015699742757699173], [0.6195754582115085, 0.15912274379162272, 0.11310119431639332, 0.0358983218413316, 0.05697106791479986, 0.015331213924343928], [0.6383349221507759, 0.12539328499164099, 0.10038149153943353, 0.0453522220581558, 0.07526657873354421, 0.015271500526449433], [0.8970294236024844, 0.033423729606625256, 0.013199133333333331, 0.014740499792960663, 0.02734389523809523, 0.014263318426501035], [0.6137709762219996, 0.1764185180533044, 0.08661774348814257, 0.04356763230060252, 0.06285333921609931, 0.016771790719851496], [0.07100932476386183, 0.06998251139845293, 0.05573860913723676, 0.042529930250177296, 0.7461337017020849, 0.014605922748186197], [0.7007865709049667, 0.12684011288219338, 0.06874630476742342, 0.0368411714207432, 0.05159608007737921, 0.015189759947294162], [0.7351242640656647, 0.11100685599632445, 0.06417741448785386, 0.026111518780747953, 0.04897215235382141, 0.014607794315587406], [0.7378015211856067, 0.1097550541577206, 0.06292945502201293, 0.025797104223260092, 0.04904979372231791, 0.014667071689081669], [0.7355360108624843, 0.1097550541577206, 0.06292945502201293, 0.025797104223260092, 0.051315304045440296, 0.014667071689081669], [0.7615743767427262, 0.09834453759408861, 0.0507160219353343, 0.026015384448269917, 0.04880042090972902, 0.014549258369851973], [0.10436822508274005, 0.1356618229134507, 0.06687629437761645, 0.02304005381342779, 0.6554817621824828, 0.014571841630282308], [0.7615743767427262, 0.09834453759408861, 0.0507160219353343, 0.026015384448269917, 0.04880042090972902, 0.014549258369851973], [0.7604302002570386, 0.09994517142730033, 0.049203862798357666, 0.028929671817848085, 0.046824022010373806, 0.014667071689081669], [0.7491462048637535, 0.10455862353357499, 0.06314419381430708, 0.02601538444826991, 0.04258633497024262, 0.014549258369851971], [0.08745960572767356, 0.08732980922266591, 0.0446440840585703, 0.023511221436099072, 0.7424035499628701, 0.01465172959212103], [0.08771433173741455, 0.08758404944431798, 0.04473856484101174, 0.02352660846369617, 0.7418024872258889, 0.014633958287670487], [0.7257128013145696, 0.1187860471170081, 0.07235017378005792, 0.026015384448269917, 0.042586334970242626, 0.014549258369851973], [0.5063029557800186, 0.11523175434431017, 0.2879390583945098, 0.03253700204921303, 0.043436367467103505, 0.014552861964844739], [0.6985131667116624, 0.08793867482732678, 0.10255596770984718, 0.03582807689152618, 0.06075064642611716, 0.014413467433520163], [0.8970845366153845, 0.03329427979487179, 0.013256372102564102, 0.014783510564102563, 0.027270566974358965, 0.014310733948717947], [0.8970294236024844, 0.033423729606625256, 0.013199133333333331, 0.014740499792960663, 0.02734389523809523, 0.014263318426501035], [0.6459685913081202, 0.14498942692324784, 0.12356583588196711, 0.02502256703229693, 0.044849509512353405, 0.015604069342014564], [0.8970294236024844, 0.033423729606625256, 0.013199133333333331, 0.014740499792960663, 0.02734389523809523, 0.014263318426501035]], [[0.9082802617848968, 0.027797347673531654, 0.012895013577421816, 0.014030757284515636, 0.02331746971777269, 0.013679149961861174], [0.9082802617848968, 0.027797347673531654, 0.012895013577421816, 0.014030757284515636, 0.02331746971777269, 0.013679149961861174], [0.6102811357193771, 0.0391820530043616, 0.20084844801539462, 0.036393700520271646, 0.09823326844402118, 0.015061394296573893], [0.6715895285837307, 0.18912389929989726, 0.01486310731522425, 0.024676622718653705, 0.08521073193844003, 0.014536110144054147], [0.12953306083558014, 0.1424364848846705, 0.014638480847817416, 0.0306508025912026, 0.6681016447473203, 0.014639526093409192], [0.6507674897976703, 0.19821031748247198, 0.014891175906591617, 0.02415939339869981, 0.09739913881022755, 0.014572484604338746], [0.4834536344381652, 0.4021284535999227, 0.01500575558509646, 0.02404849223548282, 0.060642694210080096, 0.014720969931252652], [0.6951219255214637, 0.12769960606570951, 0.06134401553379022, 0.04661341311324276, 0.05466817780094898, 0.014552861964844739], [0.9083774747145186, 0.02795194810844403, 0.012775252699448457, 0.01393190616018022, 0.02338959279111318, 0.013573825526295345], [0.1702871732501824, 0.07189995592861202, 0.14421792010015388, 0.058369139684338274, 0.5405862849433042, 0.014639526093409192], [0.6607245039952033, 0.21657664739426966, 0.014891175906591616, 0.03498384089399693, 0.058251347205599636, 0.014572484604338744], [0.6639166876847357, 0.2029805485453551, 0.014971788211050774, 0.03469045460827798, 0.06876356979041708, 0.014676951160163435], [0.4648842002658331, 0.4026948746387269, 0.014955490806069647, 0.035045226550254605, 0.06776437660248566, 0.014655831136630045], [0.6675871237433559, 0.20219319948546177, 0.01748667373765118, 0.03469045460827798, 0.06336559726508968, 0.014676951160163435], [0.6665350059008812, 0.19841826872394058, 0.021085479676284498, 0.034666690888634236, 0.06459589892578482, 0.014698655884474505], [0.585106108843203, 0.26031931446591794, 0.023550607380997943, 0.041094318915900506, 0.0740396571461666, 0.015889993247813896], [0.5689878417143197, 0.2717452685158288, 0.016121229967479746, 0.04916530560793441, 0.07825482712883795, 0.015725527065599303], [0.5688145541780841, 0.27165669215105764, 0.01608548973051139, 0.04364888267150905, 0.08411242725217045, 0.01568195401666744], [0.1311202491048545, 0.2737372707286821, 0.015698353425049237, 0.04186089103943866, 0.5218834929442765, 0.015699742757699173], [0.6145425178486065, 0.11443880616643373, 0.14063527273330326, 0.03550903926594812, 0.0794611811436939, 0.015413182842014433], [0.8970845366153845, 0.03329427979487179, 0.013256372102564102, 0.014783510564102563, 0.027270566974358965, 0.014310733948717947], [0.3598998809158454, 0.1284564165497318, 0.4073332978643075, 0.03710355228183206, 0.05208043029736167, 0.0151264220909214], [0.09667433442058708, 0.4114030718573172, 0.042521785407249796, 0.07168198686229582, 0.36311289870436386, 0.014605922748186197], [0.6568774195511998, 0.1854374461036272, 0.01721917093194377, 0.024507495207497565, 0.10130500884601935, 0.014653459359712257], [0.7370260721342368, 0.1549474837416272, 0.014969907735390052, 0.025582769185872174, 0.052799252976090616, 0.01467451422678328], [0.7337396006975967, 0.15583831989415137, 0.015023464635080107, 0.02395881465689115, 0.056695880791990214, 0.014743919324290485], [0.6761051137321528, 0.1923660718805409, 0.014953660608821386, 0.03448447822867405, 0.06743721619009861, 0.014653459359712257], [0.6719107380888266, 0.19681981946372573, 0.014937844691190916, 0.038768135263147305, 0.06293049919107895, 0.014632963302030401], [0.686813939675076, 0.18980118437086851, 0.01500575558509646, 0.03402663468030979, 0.05963151575739648, 0.014720969931252652], [0.7314389324668886, 0.16120556022811663, 0.015023464635080107, 0.02819254033548832, 0.04939558301013591, 0.014743919324290485], [0.6955954607233461, 0.18584696348830518, 0.01500575558509646, 0.03341192229965802, 0.05541892797234165, 0.014720969931252652], [0.7122299298496125, 0.16728151746499345, 0.014920712709117007, 0.03557590122518158, 0.055381177012135456, 0.014610761738959862], [0.7059316465896197, 0.17409637769813988, 0.01496990773539005, 0.035839378159663836, 0.054488175590403254, 0.014674514226783278], [0.4800506664044195, 0.39783195505479024, 0.018565558337537882, 0.03341192229965802, 0.05541892797234165, 0.014720969931252652], [0.4589211305661673, 0.4077035452327483, 0.021871026610534437, 0.03815342288249554, 0.05871791140602414, 0.014632963302030403], [0.12131576925907797, 0.2053070663991543, 0.014570781523378802, 0.040697697943216184, 0.6035368432448905, 0.014571841630282308], [0.6530297233111173, 0.17710244447056891, 0.07493940054731703, 0.029713326204614886, 0.04985271187550533, 0.015362393590876365], [0.8970294236024844, 0.033423729606625256, 0.013199133333333331, 0.014740499792960663, 0.02734389523809523, 0.014263318426501035], [0.8970294236024844, 0.033423729606625256, 0.013199133333333331, 0.014740499792960663, 0.02734389523809523, 0.014263318426501035], [0.8970294236024844, 0.033423729606625256, 0.013199133333333331, 0.014740499792960663, 0.02734389523809523, 0.014263318426501035]], [[0.9082802617848968, 0.027797347673531654, 0.012895013577421816, 0.014030757284515636, 0.02331746971777269, 0.013679149961861174], [0.7138526575052463, 0.13188459891999407, 0.05191277696462323, 0.04754795113945722, 0.04041691418279368, 0.01438510128788563], [0.705125063442914, 0.18669913653107062, 0.014907439590764252, 0.03072681104512396, 0.047947988461498614, 0.014593560928628624], [0.1298944914149749, 0.14284026144078518, 0.014622854671509268, 0.030687725056340154, 0.6673307640690413, 0.014623903347349119], [0.7378227355019841, 0.14234438015838843, 0.015257494302776963, 0.02522355112906594, 0.0644441775936762, 0.014907661314108232], [0.10352671531506104, 0.1122964391225704, 0.014683660733316024, 0.02189912720661389, 0.73290936156139, 0.014684696061048677], [0.5610675834992214, 0.15847456592225687, 0.014107684413766503, 0.029819987955592465, 0.2226714272790029, 0.013858750930159881], [0.5537122349413038, 0.32497182544244485, 0.014136604522672881, 0.031271979687321406, 0.06201112652292606, 0.013896228883330853], [0.5583438424285584, 0.1032964214305215, 0.07721472962522882, 0.032509171747611934, 0.21494227104848343, 0.013693563719595864], [0.689503894422388, 0.19267819008898468, 0.014032595629512328, 0.032756395461448824, 0.05726748202014881, 0.013761442377517384], [0.09819481699141092, 0.35042173516900343, 0.013906799624506389, 0.0331413320598142, 0.49042766440673335, 0.013907651748531683], [0.5282202241352927, 0.18313051796699326, 0.01406935692820489, 0.03512327366645062, 0.22564754547040053, 0.01380908183265789], [0.20035654492481528, 0.43982991663855814, 0.01595250937253377, 0.03916941739786451, 0.2904771575556678, 0.01421445411056034], [0.7017365580148752, 0.17876216679493542, 0.014109202053609935, 0.02951769378215647, 0.06201366169463651, 0.013860717659786203], [0.6942325619767505, 0.18510933865323886, 0.015136301478433811, 0.033964919221968454, 0.05773167413263434, 0.013825204536973926], [0.44801757819349636, 0.41448834564871617, 0.014955490806069647, 0.0423039742099176, 0.06557878000517016, 0.014655831136630045], [0.6414885534151717, 0.22369529799941107, 0.014971788211050776, 0.033182584175177755, 0.07198482503902544, 0.014676951160163439], [0.442988193728068, 0.4216460776043702, 0.014955490806069647, 0.031066911162253567, 0.07468749556260842, 0.014655831136630043], [0.43511795467957326, 0.3340404874452503, 0.019536406766841083, 0.06782624929092058, 0.1283964823293935, 0.015082419488021281], [0.6573213062848287, 0.20922091834437612, 0.02411341955651508, 0.033930573423283664, 0.060820221462367895, 0.014593560928628624], [0.5094439186063419, 0.11859413270528886, 0.29806346281597496, 0.019603272377757767, 0.03984096159480369, 0.014454251899832998], [0.9082923724770641, 0.027816607645259936, 0.012880093883792049, 0.01401844250764526, 0.02332645474006116, 0.01366602874617737], [0.9082923724770641, 0.027816607645259936, 0.012880093883792049, 0.01401844250764526, 0.02332645474006116, 0.01366602874617737], [0.6128439875938214, 0.19412572488248717, 0.055148313891797564, 0.03319661107958611, 0.09031938432473516, 0.014365978227572636], [0.09540362956537828, 0.1383838276303619, 0.014736544171317744, 0.022343459462006363, 0.7143949712808234, 0.014737567890112435], [0.4648084257380211, 0.19064830238349947, 0.014886602919985392, 0.03296641400171621, 0.2821236965465082, 0.014566558410269617], [0.11049573489219282, 0.19277953377481638, 0.014736544171317742, 0.03604947403035984, 0.6312011452412007, 0.014737567890112435], [0.6572969856238073, 0.22136908020798254, 0.01487696501263657, 0.03393589255764283, 0.05796700807977927, 0.014554068518151483], [0.6737750115183082, 0.19923208956051555, 0.014988536804230224, 0.037386937885941704, 0.05991876834652979, 0.014698655884474505], [0.6853029049756372, 0.19076414842052933, 0.014953660608821386, 0.03563590895545851, 0.05868991767984128, 0.014653459359712257], [0.6695679910962206, 0.20541856205273895, 0.014891175906591617, 0.038339831790112515, 0.057209954549997506, 0.014572484604338746], [0.12833887785074347, 0.1819451426371527, 0.014721556021271474, 0.035793928984719454, 0.6244779114758576, 0.01472258303025513], [0.690381987573217, 0.1900158622474418, 0.014905753674477058, 0.03474410509551808, 0.05536091528202181, 0.014591376127324241], [0.6637822133747258, 0.20977564434353313, 0.014937844691190916, 0.03815342288249553, 0.05871791140602413, 0.014632963302030403], [0.6553131327612284, 0.21426691347012794, 0.016852722719141355, 0.03537571598354687, 0.06357851096759094, 0.014613004098364437], [0.6543834450208704, 0.21832200564843188, 0.01486310731522425, 0.035880850350855815, 0.06201448152056352, 0.014536110144054147], [0.1464739799520351, 0.1311903009357311, 0.1063581634959975, 0.04439935933814394, 0.555844297299695, 0.015733898978397335], [0.8970294236024844, 0.033423729606625256, 0.013199133333333331, 0.014740499792960663, 0.02734389523809523, 0.014263318426501035], [0.6300513260271525, 0.1349285059963553, 0.14205785795761988, 0.029598343557681712, 0.047794738281012446, 0.015569228180178113], [0.8970294236024844, 0.033423729606625256, 0.013199133333333331, 0.014740499792960663, 0.02734389523809523, 0.014263318426501035]], [[0.9082899458963776, 0.0278127485862754, 0.01288308329512456, 0.014020909980131436, 0.023324654439859385, 0.013668657802231391], [0.09560368664718756, 0.17738758313937056, 0.058886072119537454, 0.0809636123613169, 0.5725872041023053, 0.01457184163028231], [0.7067057075876563, 0.1853882816457385, 0.014922443040490542, 0.030384375237243112, 0.047986188390507216, 0.014613004098364437], [0.6822014767192964, 0.20769184970322413, 0.014937844691190916, 0.024285904067402886, 0.056249961516855, 0.014632963302030401], [0.6903399496698933, 0.20655544525163486, 0.014922443040490542, 0.030576431464768447, 0.04299272647484851, 0.014613004098364439], [0.11985942389580309, 0.17725571062235035, 0.014632911819569248, 0.03593661106982066, 0.6376813843047859, 0.014633958287670487], [0.7143380584468307, 0.1634686081969962, 0.01409456950673706, 0.032417298954567804, 0.06183970974688464, 0.013841755147983465], [0.710204561791046, 0.17664157573558237, 0.014081798118964643, 0.029878405268835083, 0.0553684545485981, 0.013825204536973926], [0.5424963764084018, 0.3352057797983822, 0.01406935692820489, 0.03445232517627597, 0.05996707985607727, 0.01380908183265789], [0.19898901194320665, 0.25755156410157787, 0.01595250937253377, 0.21668892313417967, 0.29660353733794154, 0.01421445411056034], [0.6924412690779613, 0.17930116567201604, 0.014069356928204891, 0.03858330667953277, 0.06179581980962714, 0.013809081832657891], [0.7026892810245347, 0.17418405248765717, 0.014122716220548746, 0.03241671949329164, 0.06270899992578689, 0.013878230848181065], [0.7023607069715079, 0.1714390607854859, 0.014109202053609935, 0.03818438342138012, 0.06004592910822987, 0.013860717659786203], [0.691563895735279, 0.1834070546533092, 0.01404408673723374, 0.041625215733264095, 0.05558341328430618, 0.013776333856607587], [0.09789578542787618, 0.35118904128430783, 0.013927646684754942, 0.03308918279203502, 0.489969848236113, 0.013928495574912967], [0.24531271141610267, 0.5260610493027366, 0.017178426634611665, 0.046933846170440295, 0.1494315469880875, 0.015082419488021281], [0.6390502901741353, 0.22548494684374226, 0.014955490806069647, 0.031066911162253567, 0.07478652987716902, 0.014655831136630042], [0.4457933945696578, 0.21856001356175006, 0.014971788211050774, 0.03071213922027695, 0.27528571327710105, 0.014676951160163435], [0.6384041466992577, 0.22214044094842184, 0.014907439590764252, 0.036772476962768086, 0.07318193487015943, 0.014593560928628624], [0.13729452494858474, 0.1605561630459815, 0.014589022197511459, 0.04181744598756335, 0.6311527655201249, 0.014590078300234028], [0.6312274027016787, 0.17826883420021478, 0.0983682287193926, 0.03319101495218066, 0.04449339625509674, 0.014451123171436372], [0.9082923724770641, 0.027816607645259936, 0.012880093883792049, 0.01401844250764526, 0.02332645474006116, 0.01366602874617737], [0.9082802617848968, 0.027797347673531654, 0.012895013577421816, 0.014030757284515636, 0.02331746971777269, 0.013679149961861174], [0.10036295859947436, 0.19105228068577867, 0.10904221681975808, 0.03482711425115314, 0.5499778617537233, 0.014737567890112435], [0.08081856948779945, 0.34511772619971687, 0.013927646684754942, 0.02225716483585971, 0.523950397216956, 0.013928495574912967], [0.08081856948779945, 0.1815200882244025, 0.013927646684754942, 0.02327690359868364, 0.6865282964294466, 0.013928495574912967], [0.08730515307787687, 0.17963584765519816, 0.013927646684754942, 0.02483869019570665, 0.6803641668115503, 0.013928495574912967], [0.08730515307787687, 0.17564778168537495, 0.013927646684754942, 0.02965266885898698, 0.6795382541180934, 0.013928495574912967], [0.5293810017767443, 0.370543550162853, 0.01404408673723374, 0.027560903746301983, 0.04469412372025918, 0.013776333856607585], [0.11020166369690285, 0.16590413157693265, 0.013927646684754942, 0.028689285557506515, 0.6673487769089901, 0.013928495574912967], [0.27247210463758764, 0.3442731120637161, 0.013927646684754942, 0.033817901202193794, 0.3215807398368348, 0.013928495574912967], [0.7249541306546985, 0.1702914711581942, 0.014040389359819109, 0.029900367849558337, 0.04704209860161246, 0.013771542376117331], [0.09968943156947224, 0.33521470576866425, 0.013927646684754942, 0.0322475318214823, 0.5049921885807132, 0.013928495574912967], [0.10335089775432041, 0.17900517153487683, 0.013927646684754942, 0.03034709440165955, 0.6594406940494753, 0.013928495574912967], [0.27319620131632755, 0.17728286039144278, 0.013927646684754942, 0.03381790120219379, 0.487846894830368, 0.013928495574912967], [0.5732309129634356, 0.24515267635262628, 0.01595250937253377, 0.035404319603406564, 0.11604512759743732, 0.01421445411056034], [0.663954303395361, 0.2072862332552361, 0.014907439590764252, 0.03571815179142771, 0.06354031103858235, 0.014593560928628624], [0.7078979542171615, 0.10515238985622333, 0.07903718632627804, 0.03327591552408512, 0.06018230217641888, 0.014454251899832998], [0.7304598181961334, 0.09641064086182054, 0.08055139252474489, 0.03229276802674273, 0.04578356659808419, 0.014501813792474089], [0.8970294236024844, 0.033423729606625256, 0.013199133333333331, 0.014740499792960663, 0.02734389523809523, 0.014263318426501035]], [[0.9082899458963776, 0.0278127485862754, 0.01288308329512456, 0.014020909980131436, 0.023324654439859385, 0.013668657802231391], [0.6794752383818273, 0.13085202379344504, 0.06749605341716498, 0.06019191827743965, 0.04748630592832727, 0.014498460201795802], [0.6566510373902464, 0.20440067790712294, 0.014988536804230224, 0.024423321254793517, 0.08483777075913235, 0.014698655884474505], [0.6910662097064939, 0.20582918521503427, 0.014922443040490542, 0.030576431464768447, 0.0429927264748485, 0.014613004098364437], [0.47646251620630503, 0.4051704406644632, 0.014955490806069647, 0.031935218743366994, 0.05682050244316487, 0.014655831136630043], [0.6685180608153354, 0.20914880601680905, 0.014922443040490542, 0.03294857476341601, 0.05984911126558483, 0.014613004098364439], [0.7192849504853186, 0.1607902630438331, 0.01409456950673706, 0.032417298954567804, 0.05957116286155996, 0.013841755147983465], [0.11344697187297575, 0.3261515035809772, 0.013927646684754942, 0.031438444343510695, 0.5011069379428684, 0.013928495574912967], [0.27314706824825197, 0.179486489514417, 0.013927646684754942, 0.035060415360275425, 0.48444988461738764, 0.013928495574912967], [0.11276634887614385, 0.1739424515647657, 0.013927646684754942, 0.038531222160809654, 0.6469038351386129, 0.013928495574912967], [0.7069014244368453, 0.17038411038503407, 0.014081798118964643, 0.03588041647078782, 0.058927046051394344, 0.013825204536973926], [0.5547723977936694, 0.16445432551131753, 0.01413660452267288, 0.1954257804387372, 0.05731466285027209, 0.013896228883330851], [0.6942970005868296, 0.183839795285192, 0.014081798118964643, 0.03653218867590997, 0.05742401279612998, 0.013825204536973928], [0.09095182861451429, 0.21013961701167524, 0.013927646684754942, 0.03537839932391257, 0.63567401279023, 0.013928495574912967], [0.5354961157339247, 0.36185365960785787, 0.014028989396276947, 0.029182185801881935, 0.045682280448079156, 0.013756769011979355], [0.10086549214230783, 0.4302010231322718, 0.014673816796998734, 0.03421077670384798, 0.4053740369389077, 0.014674854285665895], [0.6526603742981043, 0.21378817206807255, 0.014922443040490542, 0.033588137615402816, 0.07042786887956537, 0.014613004098364437], [0.45690927594000014, 0.20027109607281512, 0.014988536804230224, 0.033515260161849775, 0.27961717513663026, 0.014698655884474505], [0.7100474682739282, 0.18023768017305225, 0.014971788211050776, 0.027288106369555427, 0.05277800581225015, 0.014676951160163439], [0.6847907387614753, 0.1768370736150691, 0.014891175906591616, 0.03827950566526516, 0.07062902144725974, 0.014572484604338744], [0.6964398354648814, 0.1925429789690582, 0.017280423172719963, 0.033555446671741054, 0.04556831162323504, 0.014613004098364437], [0.6883118758283208, 0.14271829900180327, 0.07602462076681255, 0.03318958636608288, 0.045345787095131214, 0.014409830941849385], [0.30615546845914493, 0.04246726463551434, 0.24398637406787302, 0.351271656255352, 0.04135897787298101, 0.014760258709134715], [0.9056801837037036, 0.02906429860082304, 0.012984496131687243, 0.014209977613168723, 0.024230454979423867, 0.013830588971193415], [0.12773930343068368, 0.3126396968665367, 0.035050187381848716, 0.03471874511737735, 0.47592357162864046, 0.013928495574912967], [0.07876255201228448, 0.3442963852880916, 0.013927646684754942, 0.2606421932281999, 0.2884427272117561, 0.013928495574912967], [0.07876255201228446, 0.41235677420792743, 0.013927646684754942, 0.04050515330056636, 0.4405193782195538, 0.013928495574912967], [0.3651216166752103, 0.4407370810933678, 0.016987484892012766, 0.053414106632307064, 0.10952525659654164, 0.01421445411056034], [0.5209156162273942, 0.3703714785840923, 0.014069356928204891, 0.029393295947776246, 0.051441170479874634, 0.013809081832657891], [0.08827669895860626, 0.15017984397196119, 0.013927646684754942, 0.03305379056349076, 0.7006335242462739, 0.013928495574912967], [0.5237695306096839, 0.36951015479562427, 0.014032595629512328, 0.02917370555964937, 0.04975257102801284, 0.013761442377517384], [0.7029451049836138, 0.1836773094806616, 0.014081798118964643, 0.031042102248216283, 0.05442848063156972, 0.013825204536973926], [0.10046959552017039, 0.16856907596004853, 0.013927646684754942, 0.03571833862201653, 0.6673868476380966, 0.013928495574912967], [0.386556117888343, 0.5086894839245498, 0.014040389359819109, 0.029900367849558344, 0.04704209860161246, 0.013771542376117333], [0.6929118828897529, 0.19282861339945293, 0.01404408673723374, 0.03326852047867047, 0.05317056263828219, 0.013776333856607587], [0.10371114834018237, 0.34384451892314594, 0.013927646684754942, 0.034849010497224345, 0.48973917997977945, 0.013928495574912967], [0.6560772808069025, 0.21245372099202398, 0.01492244304049054, 0.038355040094627514, 0.06357851096759094, 0.014613004098364437], [0.6844827987473764, 0.19335160249715394, 0.014988536804230224, 0.03677222550528992, 0.05570618056147495, 0.014698655884474505], [0.7339315925468651, 0.09848545248494013, 0.07832137849830945, 0.02930056125237218, 0.04546255501571717, 0.0144984602017958], [0.8970294236024844, 0.033423729606625256, 0.013199133333333331, 0.014740499792960663, 0.02734389523809523, 0.014263318426501035]], [[0.9082899458963776, 0.0278127485862754, 0.01288308329512456, 0.014020909980131436, 0.023324654439859385, 0.013668657802231391], [0.7122061568205643, 0.11195980417623431, 0.06380278877312195, 0.04636917909077247, 0.051160257346832966, 0.014501813792474089], [0.6638736913997267, 0.20189319030107325, 0.014876965012636568, 0.0245377710708284, 0.08026431369758326, 0.014554068518151482], [0.1124563506861424, 0.20243551155911338, 0.014604870124390245, 0.04255373103062943, 0.6133436138515383, 0.014605922748186197], [0.43720915988852305, 0.31663974946601675, 0.017178426634611665, 0.06641633063238164, 0.14747391389044548, 0.01508241948802128], [0.6785292643479963, 0.203103692522772, 0.014955490806069647, 0.031935218743366994, 0.05682050244316487, 0.014655831136630043], [0.7268101112219026, 0.16391582557606948, 0.014122716220548746, 0.029943528837759477, 0.051329587295538624, 0.013878230848181065], [0.7249602634658832, 0.15911556572538582, 0.01409456950673706, 0.033372090657802736, 0.0546157554962078, 0.013841755147983465], [0.7206608318736826, 0.16093664334227853, 0.01409456950673706, 0.033372090657802736, 0.05709410947151547, 0.013841755147983465], [0.5466772465734843, 0.3334169050618875, 0.014081798118964643, 0.031878325857096115, 0.06012051985159361, 0.013825204536973926], [0.5647447805920839, 0.15839278852298103, 0.014136604522672881, 0.03307733380136335, 0.21575226367756792, 0.013896228883330853], [0.5651239380305206, 0.321292379100631, 0.014136604522672881, 0.033991633467325436, 0.05155921599551914, 0.013896228883330853], [0.6994059312538855, 0.18184267172496232, 0.014122716220548746, 0.030549980868053266, 0.06020046908436917, 0.013878230848181065], [0.3781711159547527, 0.5033952632924004, 0.01406935692820489, 0.03189230556217573, 0.058662876429808365, 0.01380908183265789], [0.6929834410018205, 0.18148460007811004, 0.014122716220548745, 0.03649298176677458, 0.06103803008456507, 0.013878230848181065], [0.43563546167983086, 0.42688105795855785, 0.014922443040490542, 0.03890048610978805, 0.06904754711296827, 0.014613004098364437], [0.6595711430046151, 0.2055086676809745, 0.014937844691190916, 0.03640432797215562, 0.06894505334903338, 0.014632963302030403], [0.6782748506705311, 0.1852171831409402, 0.014953660608821388, 0.03703506933826346, 0.0698657768817316, 0.014653459359712259], [0.6652598829414297, 0.19290257111911907, 0.014937844691190916, 0.043303102040782804, 0.0689636359054472, 0.014632963302030403], [0.38844450723123297, 0.2175765041790761, 0.014683660733316024, 0.02692191704773282, 0.3376887147475934, 0.014684696061048677], [0.10732929819877668, 0.5123904500193444, 0.014693463747958092, 0.02237065077343367, 0.3285216403367477, 0.014694496923739338], [0.4950039800180197, 0.3947762521156757, 0.014922443040490542, 0.03511600910421459, 0.04556831162323504, 0.014613004098364437], [0.7178751575658242, 0.17554505133110274, 0.014955490806069647, 0.03232906282062317, 0.04463940633975016, 0.014655831136630045], [0.7297278478798495, 0.10729700766713958, 0.06992696024682606, 0.02917812154465302, 0.049415810761698944, 0.014454251899832998], [0.9154050747628082, 0.024757952435167617, 0.012400608981657178, 0.0133423926628716, 0.021043139025932953, 0.013050832131562301], [0.5593492557265016, 0.2858447239861654, 0.05885794586216684, 0.04064605983700749, 0.04161104527901684, 0.013690969309141736], [0.6966296026411971, 0.08963288663396443, 0.11206175481460119, 0.026024823368428977, 0.06199662975175314, 0.013654302790055098], [0.7030870945933313, 0.18049945615526433, 0.01690702725948308, 0.03488251274613937, 0.05076319158599555, 0.013860717659786203], [0.683381717380994, 0.2049041954348671, 0.01556994792601752, 0.029393295947776246, 0.05294176147768727, 0.013809081832657891], [0.08421667709243058, 0.1807412454340827, 0.013927646684754942, 0.03025294294460791, 0.6769329922692109, 0.013928495574912967], [0.3861248660472453, 0.4487621651992245, 0.01595250937253377, 0.035081106804810094, 0.09986489846562589, 0.01421445411056034], [0.5443374476880969, 0.34557373593534135, 0.014109202053609937, 0.03020180513102194, 0.051917091532143717, 0.013860717659786205], [0.5328601187769537, 0.3549623233006081, 0.01404408673723374, 0.031186574690314536, 0.05317056263828219, 0.013776333856607587], [0.09763635341248196, 0.15738266404479193, 0.013927646684754942, 0.03674944791704709, 0.6803753923660111, 0.013928495574912967], [0.5442389856285641, 0.34092319417102995, 0.01409456950673706, 0.036503531059096206, 0.050397964486589265, 0.013841755147983465], [0.36577164814855895, 0.3548128432648663, 0.01404408673723374, 0.19842452535445115, 0.05317056263828219, 0.013776333856607587], [0.47155589811593335, 0.4007069481192649, 0.014988536804230224, 0.04234378051462209, 0.05570618056147495, 0.014698655884474505], [0.6862201460142745, 0.1928728997851159, 0.014953660608821386, 0.03682250433728935, 0.05447732989478644, 0.014653459359712257], [0.08065741633011361, 0.071021486597968, 0.052934144273283475, 0.018828416551888105, 0.7619866946164645, 0.014571841630282308], [0.8970294236024844, 0.033423729606625256, 0.013199133333333331, 0.014740499792960663, 0.02734389523809523, 0.014263318426501035]], [[0.9082899458963776, 0.0278127485862754, 0.01288308329512456, 0.014020909980131436, 0.023324654439859385, 0.013668657802231391], [0.6930619070547163, 0.1291218469193263, 0.062037387665125426, 0.03909884156286211, 0.06223200783586246, 0.01444800896210724], [0.11625346991753277, 0.16989893067288234, 0.014638480847817416, 0.03718690614679775, 0.6473826863215606, 0.014639526093409192], [0.66638012722975, 0.21273391249072812, 0.014876965012636568, 0.03312280125537431, 0.05833212549335933, 0.014554068518151483], [0.6793378477957894, 0.20229510907497897, 0.014955490806069647, 0.031935218743366994, 0.056820502443164875, 0.014655831136630045], [0.6814267013721724, 0.1950322658876246, 0.014971788211050774, 0.034050891756291175, 0.05984140161269761, 0.014676951160163437], [0.7326972892985388, 0.15416001856203337, 0.01413660452267288, 0.03299149674588404, 0.05211836198753988, 0.013896228883330851], [0.5765828823145739, 0.3133083045401617, 0.014150882714776382, 0.029440334007518117, 0.05260286424088764, 0.013914732182082369], [0.734365568101739, 0.15319906296884545, 0.014150882714776382, 0.029440334007518117, 0.054929420025038686, 0.013914732182082369], [0.5500180651232309, 0.16615880950991418, 0.014136604522672881, 0.03097641203711269, 0.2248138799237384, 0.013896228883330853], [0.7196664977877333, 0.16245356965250374, 0.01409456950673706, 0.0328498416535803, 0.05709376625146218, 0.013841755147983465], [0.7168764443108481, 0.16903338406803717, 0.014122716220548746, 0.031181320053200928, 0.05490790449918411, 0.013878230848181065], [0.5397272109541835, 0.34168911612382313, 0.014109202053609935, 0.02951769378215647, 0.06109605942644061, 0.013860717659786203], [0.36392564807914685, 0.286526899157158, 0.01595250937253377, 0.04137154058366892, 0.278008948696932, 0.01421445411056034], [0.5413427844208459, 0.1766213540409752, 0.014109202053609937, 0.031079386583935463, 0.22298655524084718, 0.013860717659786203], [0.42312850309347566, 0.43795584311605695, 0.01492244304049054, 0.03534181928822126, 0.07403838736339112, 0.014613004098364437], [0.12166596778800866, 0.2099757864703163, 0.014632911819569248, 0.04129615826755001, 0.5977952173668852, 0.014633958287670487], [0.11252008455646378, 0.40790453087117057, 0.01463291181956925, 0.04101344730455163, 0.4092950671605742, 0.014633958287670487], [0.46926713878930587, 0.19290257111911907, 0.014937844691190916, 0.24305881386670328, 0.06520066823165056, 0.014632963302030403], [0.6531089503754851, 0.2163671188107297, 0.014876965012636568, 0.04175146166384603, 0.05934143561915101, 0.014554068518151483], [0.1789329421013142, 0.43426506460608966, 0.014666131946262146, 0.022387901939365337, 0.3350807882850657, 0.01466717112190275], [0.6777189830319187, 0.20656566135943716, 0.014937844691190916, 0.03076844193380803, 0.05537610568161474, 0.014632963302030403], [0.7259823300161058, 0.17084127132419563, 0.014971788211050774, 0.02715428791131131, 0.04637337137717309, 0.014676951160163437], [0.6752511797616098, 0.19993032496407498, 0.014937844691190916, 0.03076844193380803, 0.06447924534728591, 0.014632963302030403], [0.5185787888664409, 0.13618134562446474, 0.04679671518278321, 0.02909390224241773, 0.2555739147278456, 0.013775333356047723], [0.9154050747628082, 0.024757952435167617, 0.012400608981657178, 0.0133423926628716, 0.021043139025932953, 0.013050832131562301], [0.9154050747628082, 0.024757952435167617, 0.012400608981657178, 0.0133423926628716, 0.021043139025932953, 0.013050832131562301], [0.548829871085508, 0.09235738707499161, 0.27213161185037926, 0.01815862138653547, 0.05486577971911681, 0.013656728883469036], [0.3671347741176805, 0.43027573742356134, 0.018469330300087777, 0.05236011318742179, 0.1175455908606882, 0.01421445411056034], [0.5242770225825428, 0.19328675157692163, 0.014873510569238933, 0.03439276814192489, 0.21936086529671