{"round_id": "3eb0c25d-28fa-48ca-b8e1-fc249e3918e9", "seed_index": 1, "prediction": [[[0.897158232756001, 0.033121181808973964, 0.013332910766737566, 0.01484102380228907, 0.02717251372429859, 0.014374137141699585], [0.9083774747145186, 0.02795194810844403, 0.012775252699448457, 0.01393190616018022, 0.02338959279111318, 0.013573825526295345], [0.9083094210768523, 0.027843720509280565, 0.012859090964871913, 0.014001106611443472, 0.02333910323669274, 0.013647557600859027], [0.9082899458963776, 0.0278127485862754, 0.01288308329512456, 0.014020909980131436, 0.023324654439859385, 0.013668657802231391], [0.9082899458963776, 0.0278127485862754, 0.01288308329512456, 0.014020909980131436, 0.023324654439859385, 0.013668657802231391], [0.9082899458963776, 0.0278127485862754, 0.01288308329512456, 0.014020909980131436, 0.023324654439859385, 0.013668657802231391], [0.9082802617848968, 0.027797347673531654, 0.012895013577421816, 0.014030757284515636, 0.02331746971777269, 0.013679149961861174], [0.9082802617848968, 0.027797347673531654, 0.012895013577421816, 0.014030757284515636, 0.02331746971777269, 0.013679149961861174], [0.9082802617848968, 0.027797347673531654, 0.012895013577421816, 0.014030757284515636, 0.02331746971777269, 0.013679149961861174], [0.9082802617848968, 0.027797347673531654, 0.012895013577421816, 0.014030757284515636, 0.02331746971777269, 0.013679149961861174], [0.9082802617848968, 0.027797347673531654, 0.012895013577421816, 0.014030757284515636, 0.02331746971777269, 0.013679149961861174], [0.9082802617848968, 0.027797347673531654, 0.012895013577421816, 0.014030757284515636, 0.02331746971777269, 0.013679149961861174], [0.9154050747628082, 0.024757952435167617, 0.012400608981657178, 0.0133423926628716, 0.021043139025932953, 0.013050832131562301], [0.9154050747628082, 0.024757952435167617, 0.012400608981657178, 0.0133423926628716, 0.021043139025932953, 0.013050832131562301], [0.9154050747628082, 0.024757952435167617, 0.012400608981657178, 0.0133423926628716, 0.021043139025932953, 0.013050832131562301], [0.9154050747628082, 0.024757952435167617, 0.012400608981657178, 0.0133423926628716, 0.021043139025932953, 0.013050832131562301], [0.9082802617848968, 0.027797347673531654, 0.012895013577421816, 0.014030757284515636, 0.02331746971777269, 0.013679149961861174], [0.9082802617848968, 0.027797347673531654, 0.012895013577421816, 0.014030757284515636, 0.02331746971777269, 0.013679149961861174], [0.9082899458963776, 0.0278127485862754, 0.01288308329512456, 0.014020909980131436, 0.023324654439859385, 0.013668657802231391], [0.9082899458963776, 0.0278127485862754, 0.01288308329512456, 0.014020909980131436, 0.023324654439859385, 0.013668657802231391], [0.9082899458963776, 0.0278127485862754, 0.01288308329512456, 0.014020909980131436, 0.023324654439859385, 0.013668657802231391], [0.9082899458963776, 0.0278127485862754, 0.01288308329512456, 0.014020909980131436, 0.023324654439859385, 0.013668657802231391], [0.9082802617848968, 0.027797347673531654, 0.012895013577421816, 0.014030757284515636, 0.02331746971777269, 0.013679149961861174], [0.9082802617848968, 0.027797347673531654, 0.012895013577421816, 0.014030757284515636, 0.02331746971777269, 0.013679149961861174], [0.9154050747628082, 0.024757952435167617, 0.012400608981657178, 0.0133423926628716, 0.021043139025932953, 0.013050832131562301], [0.9154050747628082, 0.024757952435167617, 0.012400608981657178, 0.0133423926628716, 0.021043139025932953, 0.013050832131562301], [0.9154050747628082, 0.024757952435167617, 0.012400608981657178, 0.0133423926628716, 0.021043139025932953, 0.013050832131562301], [0.9082802617848968, 0.027797347673531654, 0.012895013577421816, 0.014030757284515636, 0.02331746971777269, 0.013679149961861174], [0.9082802617848968, 0.027797347673531654, 0.012895013577421816, 0.014030757284515636, 0.02331746971777269, 0.013679149961861174], [0.9082899458963776, 0.0278127485862754, 0.01288308329512456, 0.014020909980131436, 0.023324654439859385, 0.013668657802231391], [0.9082802617848968, 0.027797347673531654, 0.012895013577421816, 0.014030757284515636, 0.02331746971777269, 0.013679149961861174], [0.9056410569343064, 0.028923213949716135, 0.01307815312246553, 0.014285744363341443, 0.02415993738848337, 0.013911894241686942], [0.9082802617848968, 0.027797347673531654, 0.012895013577421816, 0.014030757284515636, 0.02331746971777269, 0.013679149961861174], [0.9082899458963776, 0.0278127485862754, 0.01288308329512456, 0.014020909980131436, 0.023324654439859385, 0.013668657802231391], [0.9082899458963776, 0.0278127485862754, 0.01288308329512456, 0.014020909980131436, 0.023324654439859385, 0.013668657802231391], [0.9082899458963776, 0.0278127485862754, 0.01288308329512456, 0.014020909980131436, 0.023324654439859385, 0.013668657802231391], [0.9082899458963776, 0.0278127485862754, 0.01288308329512456, 0.014020909980131436, 0.023324654439859385, 0.013668657802231391], [0.9083094210768523, 0.027843720509280565, 0.012859090964871913, 0.014001106611443472, 0.02333910323669274, 0.013647557600859027], [0.9083774747145186, 0.02795194810844403, 0.012775252699448457, 0.01393190616018022, 0.02338959279111318, 0.013573825526295345], [0.897158232756001, 0.033121181808973964, 0.013332910766737566, 0.01484102380228907, 0.02717251372429859, 0.014374137141699585]], [[0.8970845366153845, 0.03329427979487179, 0.013256372102564102, 0.014783510564102563, 0.027270566974358965, 0.014310733948717947], [0.7725576531178884, 0.08981180141600241, 0.05715940496480458, 0.024844509593212154, 0.04099979912338327, 0.014626831784709103], [0.7403847617425662, 0.10455562228562892, 0.06363657852877767, 0.03253785075045308, 0.04421811500349241, 0.014667071689081667], [0.722992928512794, 0.11623537557546541, 0.0633958058516686, 0.024758529332800067, 0.05803605711745256, 0.014581303609819279], [0.0779228191415831, 0.11985876826897683, 0.028606363811307232, 0.02348267789453856, 0.7354446748225454, 0.014684696061048677], [0.8162802974615091, 0.0753776848037018, 0.035053375358807724, 0.021892173049409384, 0.03666978599529469, 0.014726683331277288], [0.7335757291516459, 0.09563966216650319, 0.06725843695073949, 0.03447948614802095, 0.054315454747946856, 0.014731230835143438], [0.9082802617848968, 0.027797347673531654, 0.012895013577421816, 0.014030757284515636, 0.02331746971777269, 0.013679149961861174], [0.9082802617848968, 0.027797347673531654, 0.012895013577421816, 0.014030757284515636, 0.02331746971777269, 0.013679149961861174], [0.7870070634100357, 0.08248260061665665, 0.0677673949531054, 0.017746058670921275, 0.030248135278131486, 0.014748747071149544], [0.8106636493860232, 0.0802888536481501, 0.03463924796164037, 0.025087258470721012, 0.03452008982535609, 0.014800900708109195], [0.7549768944141403, 0.11315541148734584, 0.04785312795758732, 0.028589363731833385, 0.0406939715739497, 0.014731230835143438], [0.6229975519651397, 0.25954437020110643, 0.04250870596372353, 0.02569690053965771, 0.035382432757073624, 0.013870038573299222], [0.7866308358299361, 0.09439199659011979, 0.04490320687118641, 0.023280309305301616, 0.03702130622769644, 0.013772345175759605], [0.07740181142557863, 0.097018088168192, 0.06063001329520858, 0.020709492806957358, 0.7303120987291505, 0.013928495574912967], [0.5748034890900658, 0.08910148926927408, 0.24899630027428932, 0.036189343767142765, 0.037257490014221725, 0.013651887585006172], [0.6844550717129011, 0.14033215069308244, 0.08335927300236175, 0.030658899446268234, 0.04678769995005701, 0.014406905195329604], [0.1140829301735267, 0.37267764224971534, 0.09393256004627999, 0.03915679601679093, 0.36549834192156605, 0.014651729592121032], [0.08094019423466033, 0.15897956887538947, 0.3014979072138397, 0.03514859181634647, 0.40872191740882247, 0.014711820450941403], [0.07325135808789794, 0.5008049184590677, 0.09557689147299586, 0.07090295602951208, 0.24472630806041396, 0.014737567890112435], [0.09259958878328413, 0.48045264119630193, 0.08807758628197888, 0.08700579763354865, 0.23713536921359998, 0.014729016891286414], [0.6659455668559263, 0.10913260804063243, 0.1151852013331561, 0.03604295411121384, 0.05940818633082761, 0.014285483328243677], [0.37245501872201764, 0.10218140974402688, 0.08756102963985385, 0.07504828063912022, 0.3481460835316063, 0.014608177723375197], [0.6587745670883427, 0.16420725227040253, 0.07643268841597933, 0.035264964127177646, 0.05086940492666124, 0.014451123171436372], [0.5413525192653537, 0.29822442320305, 0.06214280232406561, 0.04457800574569614, 0.03997202724516514, 0.013730222216669384], [0.5410240876887591, 0.3052900600719696, 0.06909206383696308, 0.02931842724665952, 0.04154235806777152, 0.013733003087876994], [0.5903866533568377, 0.09125539216534566, 0.05900616890674781, 0.022483820760489253, 0.22321366202052453, 0.013654302790055098], [0.0972236780302121, 0.4141898235529854, 0.04268615828929186, 0.07205365975468182, 0.35927483874254657, 0.014571841630282308], [0.6517629554413159, 0.15948454461788333, 0.0754249504935082, 0.05169933416014158, 0.04712975508535529, 0.014498460201795802], [0.7111348136526019, 0.12557187946139833, 0.07360184143584285, 0.026111518780747953, 0.04897215235382141, 0.014607794315587406], [0.4775684889255224, 0.126689633900114, 0.3240564052472464, 0.018467407298973164, 0.03858700553630935, 0.014631059091834653], [0.9082863101947309, 0.027806966628484156, 0.01288756227567774, 0.014024606949217259, 0.023321957082856053, 0.013672596869033982], [0.7709812364593134, 0.09269299549729, 0.059710540602424075, 0.021540607443395036, 0.04050720149450548, 0.014567418503072114], [0.7491462048637535, 0.10455862353357499, 0.06314419381430708, 0.02601538444826991, 0.04258633497024262, 0.014549258369851971], [0.13931754028536456, 0.09301869132924878, 0.05608555262051242, 0.023014359315921242, 0.6739579337007668, 0.014605922748186197], [0.7127475664194617, 0.09304498120646432, 0.092212160553934, 0.041598269212924754, 0.04599646213710243, 0.014400560470112782], [0.7078979542171615, 0.10515238985622333, 0.07903718632627804, 0.03327591552408512, 0.06018230217641888, 0.014454251899832998], [0.7053393353362034, 0.10931858872451175, 0.0928171946377297, 0.02968113718044601, 0.0483926209496728, 0.014451123171436374], [0.7087819461451192, 0.09399154239999533, 0.09432319551476273, 0.03484722420410747, 0.053512119524558935, 0.0145439722114561], [0.8970845366153845, 0.03329427979487179, 0.013256372102564102, 0.014783510564102563, 0.027270566974358965, 0.014310733948717947]], [[0.8970294236024844, 0.033423729606625256, 0.013199133333333331, 0.014740499792960663, 0.02734389523809523, 0.014263318426501035], [0.08042603798703479, 0.07082650459004365, 0.08427799332916598, 0.01883057550731062, 0.7310488102862108, 0.014590078300234026], [0.7307638482576728, 0.16366140531170054, 0.014920712709117007, 0.028118998097797915, 0.04792427388475178, 0.014610761738959864], [0.08632899854136038, 0.15389879285649352, 0.014716179735384635, 0.029323667170406346, 0.701015153771788, 0.014717207924567075], [0.10112830389887288, 0.17361091158261763, 0.014736544171317744, 0.022220730848319444, 0.6735659416087599, 0.014737567890112435], [0.735864086338514, 0.1596866155954526, 0.01500376813195001, 0.027609651950741887, 0.04711748361901306, 0.014718394364328157], [0.7403847617425662, 0.10455562228562892, 0.06363657852877767, 0.03253785075045308, 0.04421811500349241, 0.014667071689081667], [0.9082802617848968, 0.027797347673531654, 0.012895013577421816, 0.014030757284515636, 0.02331746971777269, 0.013679149961861174], [0.9082802617848968, 0.027797347673531654, 0.012895013577421816, 0.014030757284515636, 0.02331746971777269, 0.013679149961861174], [0.9082802617848968, 0.027797347673531654, 0.012895013577421816, 0.014030757284515636, 0.02331746971777269, 0.013679149961861174], [0.7608423078100407, 0.10728999809144553, 0.04785312795758732, 0.028589363731833385, 0.0406939715739497, 0.014731230835143438], [0.7224112989101042, 0.16026586889365718, 0.015041685195681345, 0.029651694329422336, 0.057861921080404694, 0.014767531590730168], [0.7588993600329779, 0.13624104169717424, 0.014121156888738998, 0.0279711359543263, 0.04889109533740065, 0.01387621008938196], [0.7422710837223006, 0.15125683538616397, 0.014107684413766503, 0.03025253065460496, 0.04825311489300411, 0.013858750930159881], [0.7298063641615155, 0.16193255679745322, 0.016671132573557564, 0.029404771553137594, 0.0484136325382187, 0.013771542376117331], [0.09763634088759672, 0.35137211107641275, 0.013927646684754942, 0.03197727761940879, 0.4911581281569137, 0.013928495574912967], [0.4447179865004512, 0.4219472625312163, 0.01852671398823453, 0.03640101837818446, 0.06381345767328504, 0.014593560928628624], [0.4335529344222623, 0.4317208142571083, 0.014922443040490542, 0.03890048610978805, 0.06629031807198638, 0.014613004098364437], [0.619783459223234, 0.2466391756780311, 0.01492244304049054, 0.03534181928822126, 0.06870009867165876, 0.014613004098364437], [0.4199198703251992, 0.4586627759695826, 0.01486310731522425, 0.03380539022505244, 0.05821274602088752, 0.014536110144054147], [0.10727992272776195, 0.4476682185748682, 0.014683660733316024, 0.036326690564083455, 0.37935681133892163, 0.014684696061048677], [0.22819778077216077, 0.5559242546035138, 0.017178426634611665, 0.056723440014038715, 0.12689367848765384, 0.015082419488021281], [0.4327553255520041, 0.44537391628665074, 0.01486310731522425, 0.03426680043299347, 0.05820474026907333, 0.014536110144054147], [0.4739447080107947, 0.424555472375737, 0.01492244304049054, 0.031389522767036965, 0.04057484970757632, 0.014613004098364437], [0.09869422628365958, 0.16061659934554823, 0.013875229507405851, 0.02024347085229268, 0.6926943874823979, 0.013876086528695658], [0.7384231256867955, 0.16358286275742945, 0.01558958619590347, 0.02757740584016429, 0.041001814982733344, 0.013825204536973926], [0.7587659284515199, 0.14531313751011204, 0.017170832823383466, 0.02310399458718787, 0.04178538896801038, 0.013860717659786203], [0.7116363540174505, 0.1096584781222692, 0.07100347290846432, 0.025054859361047684, 0.06823993039543864, 0.014406905195329604], [0.46680101254619705, 0.4174836318451588, 0.014937844691190916, 0.03076844193380803, 0.05537610568161474, 0.014632963302030403], [0.4172294105684888, 0.38014170997969104, 0.059677349584575795, 0.03302628485527264, 0.095372383047127, 0.014552861964844739], [0.9082838891687659, 0.027803116403327992, 0.012890544843905045, 0.014027068773376079, 0.023320160903747805, 0.013675219906877338], [0.11137777556061138, 0.05214637676084514, 0.014693463747958092, 0.042102587428003116, 0.7649852995788429, 0.014694496923739338], [0.09552599580277794, 0.16026951381243457, 0.014716179735384635, 0.03840022273753599, 0.6763708799872998, 0.014717207924567075], [0.6897721731217096, 0.18582670210230354, 0.014905753674477058, 0.03474410509551808, 0.06015988987866752, 0.014591376127324241], [0.6688625395050536, 0.20612401364390603, 0.014891175906591617, 0.038339831790112515, 0.057209954549997506, 0.014572484604338746], [0.12510088115450205, 0.212783225824609, 0.014701060186455738, 0.04132552556516128, 0.5913872155746001, 0.014702091694671739], [0.6563071757693839, 0.21407417379257745, 0.017187208422565315, 0.035880850350855815, 0.06201448152056352, 0.014536110144054147], [0.12093081828926086, 0.42518088295666456, 0.014589022197511459, 0.04061725338063558, 0.3840919448756935, 0.014590078300234028], [0.49735185295330975, 0.11199669198727559, 0.2981265737578594, 0.029681137180446, 0.048392620949672796, 0.014451123171436374], [0.8970294236024844, 0.033423729606625256, 0.013199133333333331, 0.014740499792960663, 0.02734389523809523, 0.014263318426501035]], [[0.8970294236024844, 0.033423729606625256, 0.013199133333333331, 0.014740499792960663, 0.02734389523809523, 0.014263318426501035], [0.7318754453475014, 0.1029549884524172, 0.0651487376657543, 0.03927705626162752, 0.04619451390284763, 0.014549258369851971], [0.6934950364040445, 0.17803289985785417, 0.014953660608821388, 0.03930117025448614, 0.05956377351508156, 0.014653459359712259], [0.7307638482576728, 0.16366140531170054, 0.014920712709117007, 0.028118998097797915, 0.04792427388475178, 0.014610761738959864], [0.08500950831748899, 0.14786045473985387, 0.014736544171317742, 0.032619953804050965, 0.7050359710771761, 0.014737567890112435], [0.7340558045771586, 0.1611862542009002, 0.01498660394949458, 0.028001403900657855, 0.04707378229943325, 0.014696151072355602], [0.7302899081469355, 0.16465192239559137, 0.01496990773539005, 0.028382475032280162, 0.04703127246301958, 0.014674514226783278], [0.710080017381784, 0.10079464825133648, 0.07374275912777269, 0.04931503408582631, 0.05151467918843582, 0.014552861964844739], [0.7682254564152914, 0.09174953850977748, 0.059409118717010344, 0.025441923536187655, 0.04062803676809134, 0.014545926053641658], [0.9083228936562862, 0.027865146328335255, 0.012842493502499039, 0.013987406997308728, 0.023349098654363708, 0.013632960861207228], [0.7482377913615271, 0.1010838252745913, 0.05417645606108983, 0.03121161530143065, 0.05062324031227957, 0.01466707168908167], [0.7236610724560761, 0.15812151727342083, 0.014969907735390052, 0.03167228523553767, 0.05690070307279209, 0.01467451422678328], [0.0921308326030764, 0.14978017859585013, 0.013927646684754942, 0.0347394529576123, 0.6954933935837933, 0.013928495574912967], [0.09859546070478327, 0.16942112501570067, 0.013927646684754942, 0.032085943976273415, 0.6720413280435747, 0.013928495574912967], [0.09763634088759672, 0.34747646802259596, 0.013927646684754942, 0.025305846583651374, 0.501725202246488, 0.013928495574912967], [0.09424658885665582, 0.18918984644852394, 0.013927646684754942, 0.028506470818874557, 0.6602009516162778, 0.013928495574912967], [0.22269855233042835, 0.5705484585274297, 0.017178426634611665, 0.0482360912072391, 0.1262560518122697, 0.01508241948802128], [0.6378619565906751, 0.22131836204859867, 0.014955490806069647, 0.0423039742099176, 0.06890438520810885, 0.014655831136630045], [0.6362240428877376, 0.22687136944883604, 0.014955490806069647, 0.03353735611715436, 0.07375590960357208, 0.014655831136630043], [0.20833223163640546, 0.5644413141492785, 0.017178426634611665, 0.06765402338947334, 0.12731158470220977, 0.015082419488021281], [0.4181621675193328, 0.46913781838404883, 0.014863107315224246, 0.03150847372043334, 0.05179232291690649, 0.014536110144054145], [0.6188299279643028, 0.2508257518349277, 0.01490743959076425, 0.03694600541304981, 0.06389731426832662, 0.014593560928628622], [0.340466631044556, 0.1995276849728908, 0.014589022197511459, 0.042776237707270626, 0.38805034577753716, 0.014590078300234028], [0.4559498848458441, 0.4313184269078977, 0.014937844691190916, 0.024868474624229735, 0.05829240562880714, 0.014632963302030403], [0.7351515668700553, 0.16897696958341024, 0.014974826263601648, 0.0275774058401643, 0.03949402690579452, 0.013825204536973926], [0.7585857193509113, 0.14896060818524545, 0.016765202018632366, 0.02310399458718787, 0.038723758198236854, 0.013860717659786205], [0.4509708742553207, 0.03821430695289195, 0.3556901232489499, 0.06150122248038895, 0.07967616176094587, 0.0139473113015026], [0.9083401397824575, 0.027892573324076214, 0.012821247242150736, 0.01396987024608501, 0.023361893697446574, 0.013614275707783691], [0.11946232733028443, 0.13029564619168144, 0.04636120342111868, 0.03982060324736909, 0.6486532198985919, 0.015406999910954209], [0.9082802617848968, 0.027797347673531654, 0.012895013577421816, 0.014030757284515636, 0.02331746971777269, 0.013679149961861174], [0.9082802617848968, 0.027797347673531654, 0.012895013577421816, 0.014030757284515636, 0.02331746971777269, 0.013679149961861174], [0.07730636627221905, 0.08265839509376217, 0.028509388144872576, 0.04650225255245863, 0.7502892329997075, 0.014734364936979927], [0.4675125607176587, 0.18929646256679133, 0.014838858118289533, 0.032391010155776924, 0.2814498743676167, 0.014511234073866904], [0.10791273925531668, 0.3975011182350895, 0.014673816796998734, 0.04228566817161877, 0.4229518032553105, 0.014674854285665895], [0.6374891285704987, 0.23975822314599288, 0.014876965012636568, 0.03279161576294505, 0.06052999898977509, 0.014554068518151482], [0.12747897258225846, 0.20275544058586606, 0.01471079107884458, 0.035021280106794755, 0.6053216951952947, 0.014711820450941403], [0.482720963622079, 0.3282805784914545, 0.017178426634611665, 0.04024655214218517, 0.11649105962164824, 0.015082419488021281], [0.6567045754178621, 0.21089932820506108, 0.01854407261843822, 0.03571815179142771, 0.06354031103858235, 0.014593560928628624], [0.6916868408080843, 0.11325794656076196, 0.08714274303081666, 0.03327591552408512, 0.06018230217641888, 0.014454251899832998], [0.8970294236024844, 0.033423729606625256, 0.013199133333333331, 0.014740499792960663, 0.02734389523809523, 0.014263318426501035]], [[0.8970294236024844, 0.033423729606625256, 0.013199133333333331, 0.014740499792960663, 0.02734389523809523, 0.014263318426501035], [0.49747693152012173, 0.10316640743134131, 0.07397151834066898, 0.2573458157690225, 0.05354086673704949, 0.0144984602017958], [0.12533916442360923, 0.40058861302341997, 0.014640704817528851, 0.037460847191759086, 0.40732892096876666, 0.014641749574916239], [0.6887647483757019, 0.1798156883743445, 0.014886602919985392, 0.03661051061788938, 0.06535589130180915, 0.014566558410269617], [0.08755286424627733, 0.1504038106686422, 0.014736544171317742, 0.032619953804050965, 0.6999492592195993, 0.014737567890112435], [0.7240038275694057, 0.1667829348095332, 0.014901062113144374, 0.026883498395694504, 0.05284338084152969, 0.0145852962706925], [0.34991276774777047, 0.1602580202656861, 0.014640704817528851, 0.03080983461226347, 0.42973692298183486, 0.014641749574916239], [0.6711765748018004, 0.19869139290303914, 0.014891175906591617, 0.03837197361393744, 0.062296398170292616, 0.014572484604338746], [0.1209242079159248, 0.16978377796899158, 0.014668330166858264, 0.035094321379879695, 0.6448599937083985, 0.014669368859946907], [0.7683179789852581, 0.09169987063437031, 0.05938165250278814, 0.02543777576259302, 0.040613463745138426, 0.014549258369851971], [0.9083912953271027, 0.02797392741433021, 0.012758226479750778, 0.013917852647975078, 0.02339984641744548, 0.013558851713395638], [0.7482377913615271, 0.1010838252745913, 0.05417645606108983, 0.03121161530143065, 0.05062324031227957, 0.01466707168908167], [0.7623147792472587, 0.13282562248289354, 0.014121156888738998, 0.0279711359543263, 0.04889109533740065, 0.01387621008938196], [0.738692528646565, 0.15141891706400273, 0.014052078702151076, 0.028993718382915055, 0.05305606645429434, 0.01378669075007177], [0.10570576925594609, 0.17064082792552218, 0.013927646684754942, 0.037577370329092884, 0.6582198902297709, 0.013928495574912967], [0.5281622470580051, 0.3533046962126578, 0.01404408673723374, 0.031752822694892706, 0.05895981344060291, 0.013776333856607585], [0.42820604041511334, 0.431720925210317, 0.01490743959076425, 0.039242921917668885, 0.07132911193750775, 0.014593560928628622], [0.616945712240909, 0.24535115493829035, 0.01492244304049054, 0.03534181928822126, 0.0728258663937243, 0.014613004098364437], [0.4384709085379354, 0.21846280643478302, 0.014971788211050774, 0.04194920226794098, 0.2714683433881265, 0.014676951160163435], [0.42391864989865174, 0.4404757453543321, 0.01486310731522425, 0.03656371693761256, 0.06964267035012535, 0.014536110144054147], [0.09647001327776228, 0.4734942487053347, 0.014656214624920517, 0.03811868628249449, 0.36260358113188296, 0.01465725597760506], [0.42442157181980855, 0.45514136465612737, 0.01487696501263657, 0.031177565845082716, 0.05982846414819337, 0.014554068518151483], [0.43842041185590774, 0.22049691755301476, 0.014937844691190916, 0.03761670453636285, 0.27389515806149317, 0.014632963302030403], [0.6574869941278212, 0.2290665305650137, 0.01500575558509646, 0.02463106279230967, 0.05908868699850653, 0.014720969931252652], [0.5746871957224833, 0.3271118133568887, 0.01413660452267288, 0.022443215790660533, 0.047724941723963625, 0.013896228883330851], [0.5641658917902747, 0.34426864938365764, 0.015561204302690505, 0.022685023080608862, 0.03949402690579452, 0.013825204536973926], [0.5672390625395101, 0.2889133920133132, 0.06810972185016845, 0.022771590044521464, 0.03930950466901772, 0.013656728883469034], [0.9083094210768523, 0.027843720509280565, 0.012859090964871913, 0.014001106611443472, 0.02333910323669274, 0.013647557600859027], [0.9049838874074072, 0.029203557860082302, 0.013123755390946502, 0.014349236872427982, 0.024369714238683123, 0.013969848230452674], [0.9049838874074072, 0.029203557860082302, 0.013123755390946502, 0.014349236872427982, 0.024369714238683123, 0.013969848230452674], [0.9082802617848968, 0.027797347673531654, 0.012895013577421816, 0.014030757284515636, 0.02331746971777269, 0.013679149961861174], [0.7222967960475528, 0.09802483183461584, 0.057543554312526564, 0.060422248140515916, 0.04730543696924932, 0.014407132695539573], [0.09975757279197237, 0.1729963654859427, 0.014736544171317744, 0.03975283653639578, 0.658019113124259, 0.014737567890112435], [0.6591938556350678, 0.211435007937627, 0.014891175906591616, 0.03833983179011251, 0.061567644126262, 0.014572484604338744], [0.43674339640660104, 0.4294863654942291, 0.014922443040490542, 0.03821761952303131, 0.06601717143728368, 0.014613004098364437], [0.1262340064243942, 0.21156160577984834, 0.014650687026021566, 0.041560569651853764, 0.5913414015257612, 0.014651729592121032], [0.6288767189638801, 0.2370832536775398, 0.01490743959076425, 0.03856005533091215, 0.06597897150827506, 0.014593560928628622], [0.6442178673520352, 0.22582039310030513, 0.014971788211050774, 0.032499717588421, 0.06781328258802441, 0.014676951160163435], [0.516194359152104, 0.30841058958272766, 0.08281690284786727, 0.03229276802674274, 0.0457835665980842, 0.014501813792474089], [0.8970294236024844, 0.033423729606625256, 0.013199133333333331, 0.014740499792960663, 0.02734389523809523, 0.014263318426501035]], [[0.8970294236024844, 0.033423729606625256, 0.013199133333333331, 0.014740499792960663, 0.02734389523809523, 0.014263318426501035], [0.6678034906581161, 0.12000217266633668, 0.083563352377056, 0.05765001592814055, 0.056538921543395765, 0.014442046826954826], [0.4580960608108157, 0.4140966946569762, 0.01485875837949188, 0.036721984747589136, 0.06169602710463932, 0.01453047430048769], [0.12662258305936216, 0.1945101578472078, 0.014736544171317742, 0.035853684597322966, 0.6135394624346768, 0.014737567890112435], [0.1313157388737995, 0.18467752119219286, 0.014736544171317744, 0.032684403158783876, 0.6218482247137936, 0.014737567890112435], [0.1204993068327654, 0.1589270643494291, 0.014736544171317744, 0.047928497409422385, 0.643171019346953, 0.014737567890112435], [0.46671592465762707, 0.40315204304721236, 0.014891175906591616, 0.03837197361393743, 0.06229639817029261, 0.014572484604338744], [0.6656282043350443, 0.2065749813312818, 0.01492244304049054, 0.03541901971831681, 0.06284234747650196, 0.014613004098364437], [0.12348745837560138, 0.19807713223167522, 0.014693463747958092, 0.03178139719433856, 0.6172660515266872, 0.014694496923739338], [0.7000083785830215, 0.17576738953473178, 0.014953660608821388, 0.035053338398631666, 0.05956377351508156, 0.014653459359712259], [0.745560534241585, 0.10233562711319515, 0.055424415526930754, 0.03152602985891851, 0.05054559894378306, 0.014607794315587406], [0.9083537689095127, 0.027914248105181748, 0.012804456921887083, 0.013956011446249033, 0.02337200525908739, 0.013599509358081978], [0.7882841830222931, 0.08216285207443726, 0.06108726655136465, 0.02253350299449233, 0.03220197314074328, 0.013730222216669384], [0.270358540456243, 0.1609146967885095, 0.013927646684754942, 0.036587860071838195, 0.5042827604237413, 0.013928495574912967], [0.5439248537728854, 0.34196196791780825, 0.014028989396276947, 0.028149103469547458, 0.058178316431502654, 0.013756769011979355], [0.5228365278340698, 0.19208359880613904, 0.01409456950673706, 0.03225548576312491, 0.22488806294194572, 0.013841755147983465], [0.3395250306114346, 0.2306531450312864, 0.014632911819569248, 0.03937448376487193, 0.3611804704851672, 0.014633958287670487], [0.13112703213697824, 0.44280078569977993, 0.014683660733316024, 0.03916184172525515, 0.35754198364362183, 0.014684696061048677], [0.4277910653379322, 0.4479625734644439, 0.014858758379491879, 0.033132750383505216, 0.061724378134138926, 0.014530474300487688], [0.09953146773113065, 0.4540186931346151, 0.014733340514920663, 0.033504320493108246, 0.3834778131892453, 0.014734364936979927], [0.4241247713849848, 0.46491937044377196, 0.01485875837949188, 0.03330627883378694, 0.04826034665747669, 0.01453047430048769], [0.11362884150793012, 0.4272914102614997, 0.014733340514920663, 0.03849935116858614, 0.3911126916100833, 0.014734364936979926], [0.6505280189789674, 0.21372727702409183, 0.014905753674477058, 0.0342073867493854, 0.07204018744575397, 0.014591376127324241], [0.457333860599996, 0.41288136017953053, 0.01500575558509646, 0.032875203953525334, 0.06718284975059907, 0.014720969931252652], [0.5496794144398481, 0.3475357460896063, 0.01409456950673706, 0.02722164919368901, 0.04762686562213594, 0.013841755147983465], [0.096382553304954, 0.3446594487290232, 0.013892111922967635, 0.03669597840488892, 0.49447694131276687, 0.013892966325399415], [0.5593594404467908, 0.32455091687052645, 0.015098590096702908, 0.03480097262111778, 0.05241374610825456, 0.013776333856607587], [0.1013950324808251, 0.44784053819732755, 0.11887441563107659, 0.037907284553378835, 0.2788793219924657, 0.01510340714492611], [0.10913220318956135, 0.15676921260896118, 0.04738057096345899, 0.04027857369593702, 0.6308920900170502, 0.015547349525031215], [0.4605258098456661, 0.15136562619514982, 0.2833492961733363, 0.030696734725978052, 0.05965450557096342, 0.01440802748890626], [0.6994432655391781, 0.128317087854394, 0.08511800725003958, 0.02697951620786245, 0.045690999977089246, 0.014451123171436372], [0.1006688250638554, 0.1688620024475511, 0.014683660733316024, 0.03998363704328849, 0.6611171786509402, 0.014684696061048677], [0.11554191789881255, 0.2014267328837835, 0.01471079107884458, 0.03692565409553883, 0.6166830835920791, 0.014711820450941403], [0.6575710487354642, 0.213939277174543, 0.014922443040490542, 0.03537571598354687, 0.06357851096759096, 0.014613004098364437], [0.6548212943716117, 0.22065512157701986, 0.014955490806069649, 0.03436235996349786, 0.060549902145171024, 0.014655831136630045], [0.26091156576230984, 0.5500899763512237, 0.017178426634611665, 0.04024655214218517, 0.11649105962164824, 0.015082419488021281], [0.4348724130811992, 0.43487615581629446, 0.014955490806069647, 0.03285448953039762, 0.06778561962940884, 0.014655831136630043], [0.4275545589011057, 0.4386752029997244, 0.014922443040490542, 0.03821761952303131, 0.06601717143728368, 0.014613004098364437], [0.6854372155163062, 0.13424215216209118, 0.08779575102004743, 0.029681137180446, 0.048392620949672796, 0.014451123171436374], [0.8970294236024844, 0.033423729606625256, 0.013199133333333331, 0.014740499792960663, 0.02734389523809523, 0.014263318426501035]], [[0.8970294236024844, 0.033423729606625256, 0.013199133333333331, 0.014740499792960663, 0.02734389523809523, 0.014263318426501035], [0.362316461759081, 0.15420333102440958, 0.13646418098176677, 0.04596800337085818, 0.28639629327176347, 0.014651729592121032], [0.1410765978270944, 0.42545529555506995, 0.014701060186455738, 0.04459749614652222, 0.35946745859018586, 0.014702091694671739], [0.6464242587096894, 0.2226584011325007, 0.014876965012636568, 0.03559324621027511, 0.0658930604167465, 0.014554068518151483], [0.6705128207603827, 0.19935514694445688, 0.014891175906591617, 0.03837197361393744, 0.062296398170292616, 0.014572484604338746], [0.12824150707768006, 0.18535813718859367, 0.014666131946262146, 0.253142764620279, 0.40392428804528224, 0.01466717112190275], [0.6665497663376275, 0.2056534193286986, 0.01492244304049054, 0.03541901971831681, 0.06284234747650196, 0.014613004098364437], [0.6683901492210442, 0.2035432471858719, 0.014907439590764252, 0.03576145552619766, 0.06280414754749336, 0.014593560928628624], [0.12776070957261906, 0.42651354388775076, 0.014650687026021566, 0.044867616123856174, 0.37155571379763136, 0.01465172959212103], [0.6829795786685369, 0.1854596936056022, 0.014937844691190916, 0.038185564706320466, 0.06380435502631925, 0.014632963302030403], [0.7018663063047934, 0.17797171056056313, 0.014953660608821388, 0.03442353239125129, 0.056131330774858504, 0.014653459359712259], [0.7159354754757372, 0.10223049751312462, 0.08211959077474522, 0.0348189455327956, 0.05034262873875247, 0.014552861964844739], [0.9154050747628082, 0.024757952435167617, 0.012400608981657178, 0.0133423926628716, 0.021043139025932953, 0.013050832131562301], [0.7572831898126531, 0.12816739000189728, 0.03998187363910973, 0.02347734127277719, 0.03747249384903539, 0.013617711424527144], [0.10220227603118774, 0.3467538509618168, 0.013927646684754942, 0.03308918279203502, 0.49009854795529245, 0.013928495574912967], [0.35908867764273705, 0.350831552919347, 0.014081798118964643, 0.03396491922196846, 0.22820784756000895, 0.013825204536973926], [0.6136574093442888, 0.246201819285635, 0.01490743959076425, 0.035684255096102103, 0.07495551575458115, 0.014593560928628622], [0.23421052904307912, 0.5365231827279997, 0.017178426634611662, 0.04693384617044028, 0.15007159593584762, 0.01508241948802128], [0.12133615540945149, 0.4300652976961226, 0.014736544171317744, 0.0327157888015682, 0.3864086460314276, 0.014737567890112435], [0.11369732569086469, 0.20707816224919431, 0.014736544171317744, 0.04060507195355131, 0.6091453280449595, 0.014737567890112435], [0.4091294003249256, 0.4726138684143299, 0.014852701598057332, 0.034012356562204187, 0.054866718667107656, 0.014524954433375372], [0.11571013390684126, 0.43063518982836585, 0.014736544171317742, 0.029387472132842728, 0.39479309207051994, 0.014737567890112435], [0.1112312252546442, 0.20934793495863505, 0.014698892278813965, 0.036183898849520765, 0.6138381243954583, 0.014699924262927645], [0.44376907453645204, 0.42128415779733036, 0.014937844691190916, 0.037616704536362844, 0.06775925513663332, 0.014632963302030401], [0.5457959980510281, 0.34915603246062515, 0.014122716220548746, 0.028569214708347133, 0.04847780771126999, 0.013878230848181067], [0.7184413524211002, 0.18762568359669043, 0.01406935692820489, 0.028020618400833176, 0.038033906820513406, 0.013809081832657891], [0.5504718772758926, 0.3617056116697385, 0.014081798118964643, 0.022844280331896474, 0.037071228066533804, 0.013825204536973926], [0.1711539222583677, 0.4298789940540603, 0.014716179735384635, 0.02235631299677495, 0.3471773830308454, 0.014717207924567075], [0.4434439075183738, 0.41739432662602166, 0.020948872908875496, 0.03305371053600547, 0.07066376227469531, 0.014495420136028211], [0.11089353286115437, 0.19463693358898718, 0.014716179735384635, 0.03612217915712997, 0.6289139667327769, 0.014717207924567075], [0.6497550700735794, 0.2231533177729159, 0.018988062269820423, 0.032905271028646065, 0.060585274756673795, 0.014613004098364437], [0.6674667025751879, 0.20609115514307103, 0.014937844691190916, 0.03815342288249553, 0.05871791140602413, 0.014632963302030403], [0.6878893570347497, 0.19250849278590912, 0.014905753674477058, 0.03474410509551808, 0.05536091528202181, 0.014591376127324241], [0.6817808763879784, 0.19605352485655209, 0.014988536804230224, 0.03677222550528992, 0.05570618056147495, 0.014698655884474505], [0.46609129008130096, 0.40967481742217704, 0.014971788211050774, 0.034007588021521235, 0.06057756510378658, 0.014676951160163435], [0.652200955735765, 0.22327546021286654, 0.014955490806069649, 0.03436235996349786, 0.060549902145171024, 0.014655831136630045], [0.42956205435756534, 0.4366677075432647, 0.014922443040490542, 0.03821761952303131, 0.06601717143728368, 0.014613004098364437], [0.12131737272311062, 0.19865763254892746, 0.014632911819569248, 0.04149535544749173, 0.6092627691732303, 0.014633958287670487], [0.14646129063793384, 0.10981487159774077, 0.04810687122789399, 0.02768406091836225, 0.6532989473303986, 0.014633958287670487], [0.8970294236024844, 0.033423729606625256, 0.013199133333333331, 0.014740499792960663, 0.02734389523809523, 0.014263318426501035]], [[0.8970589443757725, 0.033354391017717346, 0.013229792748248866, 0.01476353811289658, 0.027304617634940256, 0.014288716110424392], [0.6690650023352096, 0.12156708228238576, 0.080245397653759, 0.05487317169401577, 0.059961505243066725, 0.014287840791563224], [0.22981744071250035, 0.31252189583771106, 0.017178426634611665, 0.04552392751190135, 0.3798758898152542, 0.01508241948802128], [0.4617112239878315, 0.4081963266052795, 0.014955490806069649, 0.0344056636982678, 0.06607546376592158, 0.014655831136630045], [0.6557664093588297, 0.21325840877102256, 0.014971788211050774, 0.03254302132319094, 0.0687834211757428, 0.014676951160163437], [0.6434930578622734, 0.22684396033989257, 0.014922443040490542, 0.03470225643623446, 0.0654252782227447, 0.014613004098364437], [0.6777327268805341, 0.19843654882441633, 0.014955490806069647, 0.034405663698267794, 0.059813738654082044, 0.014655831136630045], [0.4448831570955134, 0.31021410599138277, 0.017178426634611665, 0.04376693024002995, 0.1688749605504408, 0.015082419488021281], [0.6529093122086587, 0.21374352018908035, 0.014907439590764252, 0.03860335906568209, 0.06524280801718609, 0.014593560928628624], [0.6718744801537102, 0.200328705512616, 0.01492244304049054, 0.03541901971831681, 0.06284234747650196, 0.014613004098364437], [0.11875431209087506, 0.19243899941882134, 0.014604870124390245, 0.042703534724373486, 0.6168923608933536, 0.014605922748186197], [0.6773921920998369, 0.1965380243526059, 0.014891175906591616, 0.03774216760655706, 0.05886395543006956, 0.014572484604338744], [0.7485754305824593, 0.11177148390730031, 0.05295035593580771, 0.029882513424164495, 0.0431266524306723, 0.013693563719595864], [0.9154050747628082, 0.024757952435167617, 0.012400608981657178, 0.0133423926628716, 0.021043139025932953, 0.013050832131562301], [0.47030480767509497, 0.09417093754472464, 0.023191384861039478, 0.04595798778256885, 0.3521458622266922, 0.014229019909879861], [0.5600068543205862, 0.27442337270394335, 0.07732163353195022, 0.023851221007028828, 0.05074018955302234, 0.013656728883469034], [0.6347079091044577, 0.22996207406969704, 0.014971788211050774, 0.03318258417517775, 0.07249869327945337, 0.014676951160163437], [0.4121027593605953, 0.4563155966043819, 0.014907439590764252, 0.03568425509610211, 0.06639638841952777, 0.014593560928628624], [0.12156995393103279, 0.22808460765908123, 0.014725848171710673, 0.032746329601571804, 0.5881463863981192, 0.01472687423848425], [0.416629637356661, 0.4619530089381208, 0.01486310731522425, 0.03380539022505244, 0.05821274602088752, 0.014536110144054147], [0.2428178111498909, 0.5229870432003645, 0.017178426634611665, 0.04789259085824676, 0.1540417086688648, 0.01508241948802128], [0.1116222636086585, 0.2359447418067927, 0.014736544171317742, 0.03324726383069769, 0.5897116186924208, 0.014737567890112435], [0.6405950911558698, 0.24149326171073304, 0.014876965012636568, 0.033648010799983516, 0.054832602802625606, 0.014554068518151483], [0.6421988504391678, 0.2340718381293213, 0.014971788211050774, 0.030885667670558663, 0.06319490438973795, 0.014676951160163435], [0.5200725623777943, 0.3653774926360573, 0.014069356928204891, 0.032344220807405635, 0.05432728541788008, 0.013809081832657891], [0.19563975600653752, 0.43926632983207253, 0.01595250937253377, 0.04620731384676666, 0.2887196368315291, 0.01421445411056034], [0.5762620231091428, 0.335199884470402, 0.014109202053609937, 0.023263251838475482, 0.037304920868583585, 0.013860717659786203], [0.44073825947568906, 0.43829207471740306, 0.014876965012636568, 0.03393589255764283, 0.05760273971847691, 0.014554068518151483], [0.11614687508937091, 0.19822608258556346, 0.014736544171317742, 0.03226177243048999, 0.6238911578331454, 0.014737567890112435], [0.09932113842141113, 0.2154402944637562, 0.014725848171710673, 0.02953770941468945, 0.626248135