{"round_id": "8f664aed-8839-4c85-bed0-77a2cac7c6f5", "seed_index": 3, "prediction": [[[0.9109717838509318, 0.019084350724637683, 0.012311679917184265, 0.012591928364389235, 0.030862570186335404, 0.014177686956521739], [0.9109717838509318, 0.019084350724637683, 0.012311679917184265, 0.012591928364389235, 0.030862570186335404, 0.014177686956521739], [0.9109717838509318, 0.019084350724637683, 0.012311679917184265, 0.012591928364389235, 0.030862570186335404, 0.014177686956521739], [0.9109717838509318, 0.019084350724637683, 0.012311679917184265, 0.012591928364389235, 0.030862570186335404, 0.014177686956521739], [0.9109717838509318, 0.019084350724637683, 0.012311679917184265, 0.012591928364389235, 0.030862570186335404, 0.014177686956521739], [0.9109717838509318, 0.019084350724637683, 0.012311679917184265, 0.012591928364389235, 0.030862570186335404, 0.014177686956521739], [0.9109717838509318, 0.019084350724637683, 0.012311679917184265, 0.012591928364389235, 0.030862570186335404, 0.014177686956521739], [0.9109323683559951, 0.01908591141326741, 0.01234672723526988, 0.012625590028842192, 0.030805894932014834, 0.01420350803461063], [0.9107998006684898, 0.019091160538843313, 0.012464603261420034, 0.012738805631520307, 0.030615276815557584, 0.014290353084168945], [0.9187299569544085, 0.017206898711717968, 0.012159918845946154, 0.012368759392116022, 0.025984002777134918, 0.013550463318676232], [0.9185535798627001, 0.017231489549961863, 0.012241100533943554, 0.012447599389778794, 0.02591017757437071, 0.01361605308924485], [0.9185535798627001, 0.017231489549961863, 0.012241100533943554, 0.012447599389778794, 0.02591017757437071, 0.01361605308924485], [0.9185821054562127, 0.017227512456059912, 0.012227970961332721, 0.01243484854042488, 0.025922117377349833, 0.013605445208619898], [0.9185821054562127, 0.017227512456059912, 0.012227970961332721, 0.01243484854042488, 0.025922117377349833, 0.013605445208619898], [0.9185821054562127, 0.017227512456059912, 0.012227970961332721, 0.01243484854042488, 0.025922117377349833, 0.013605445208619898], [0.9185535798627001, 0.017231489549961863, 0.012241100533943554, 0.012447599389778794, 0.02591017757437071, 0.01361605308924485], [0.9185535798627001, 0.017231489549961863, 0.012241100533943554, 0.012447599389778794, 0.02591017757437071, 0.01361605308924485], [0.9185535798627001, 0.017231489549961863, 0.012241100533943554, 0.012447599389778794, 0.02591017757437071, 0.01361605308924485], [0.9185535798627001, 0.017231489549961863, 0.012241100533943554, 0.012447599389778794, 0.02591017757437071, 0.01361605308924485], [0.9185535798627001, 0.017231489549961863, 0.012241100533943554, 0.012447599389778794, 0.02591017757437071, 0.01361605308924485], [0.9185821054562127, 0.017227512456059912, 0.012227970961332721, 0.01243484854042488, 0.025922117377349833, 0.013605445208619898], [0.9185821054562127, 0.017227512456059912, 0.012227970961332721, 0.01243484854042488, 0.025922117377349833, 0.013605445208619898], [0.9186394716981131, 0.017219514342690596, 0.01220156680472465, 0.012409206013192207, 0.025946128854118726, 0.013584112287160607], [0.9188399310184104, 0.017191565913151557, 0.012109300706905926, 0.012319601336129884, 0.026030034024702865, 0.013509567000699137], [0.9107998006684898, 0.019091160538843313, 0.012464603261420034, 0.012738805631520307, 0.030615276815557584, 0.014290353084168945], [0.9109323683559951, 0.01908591141326741, 0.01234672723526988, 0.012625590028842192, 0.030805894932014834, 0.01420350803461063], [0.9109717838509318, 0.019084350724637683, 0.012311679917184265, 0.012591928364389235, 0.030862570186335404, 0.014177686956521739], [0.9109717838509318, 0.019084350724637683, 0.012311679917184265, 0.012591928364389235, 0.030862570186335404, 0.014177686956521739], [0.9109717838509318, 0.019084350724637683, 0.012311679917184265, 0.012591928364389235, 0.030862570186335404, 0.014177686956521739], [0.9109717838509318, 0.019084350724637683, 0.012311679917184265, 0.012591928364389235, 0.030862570186335404, 0.014177686956521739], [0.9109717838509318, 0.019084350724637683, 0.012311679917184265, 0.012591928364389235, 0.030862570186335404, 0.014177686956521739], [0.9109717838509318, 0.019084350724637683, 0.012311679917184265, 0.012591928364389235, 0.030862570186335404, 0.014177686956521739], [0.9109717838509318, 0.019084350724637683, 0.012311679917184265, 0.012591928364389235, 0.030862570186335404, 0.014177686956521739], [0.9109717838509318, 0.019084350724637683, 0.012311679917184265, 0.012591928364389235, 0.030862570186335404, 0.014177686956521739], [0.9109717838509318, 0.019084350724637683, 0.012311679917184265, 0.012591928364389235, 0.030862570186335404, 0.014177686956521739], [0.9109717838509318, 0.019084350724637683, 0.012311679917184265, 0.012591928364389235, 0.030862570186335404, 0.014177686956521739], [0.9109717838509318, 0.019084350724637683, 0.012311679917184265, 0.012591928364389235, 0.030862570186335404, 0.014177686956521739], [0.9109717838509318, 0.019084350724637683, 0.012311679917184265, 0.012591928364389235, 0.030862570186335404, 0.014177686956521739], [0.9109717838509318, 0.019084350724637683, 0.012311679917184265, 0.012591928364389235, 0.030862570186335404, 0.014177686956521739], [0.9109717838509318, 0.019084350724637683, 0.012311679917184265, 0.012591928364389235, 0.030862570186335404, 0.014177686956521739]], [[0.9109717838509318, 0.019084350724637683, 0.012311679917184265, 0.012591928364389235, 0.030862570186335404, 0.014177686956521739], [0.8794529694091728, 0.04221357343955279, 0.013612472904585783, 0.014902096758300145, 0.03461484481034052, 0.015204042678047907], [0.8822942536138634, 0.03780990916403273, 0.01399833683123717, 0.015256700646639667, 0.03547211652911209, 0.015168683215114989], [0.08340841598087813, 0.03124037365005604, 0.013428309976080138, 0.01661112414669927, 0.8391689239875388, 0.01614285225874751], [0.8051317951073994, 0.08266226088433926, 0.03723781116314511, 0.020182710687692337, 0.039607477269132385, 0.015177944888291411], [0.7463237094941927, 0.07560644695878617, 0.07110683654873881, 0.024407329511588964, 0.06733225600074756, 0.015223421485945686], [0.7444772963501658, 0.0765918159558804, 0.07154073214164426, 0.024824598715779005, 0.06733722528203599, 0.015228331554494507], [0.7470983759491041, 0.07532854116418154, 0.07085117851883158, 0.024382571392866648, 0.0670952609154534, 0.015244072059562765], [0.8162050272845774, 0.061903931797148794, 0.04326022475730195, 0.01943016842593872, 0.043874568571923026, 0.015326079163110034], [0.8761737155007121, 0.047853458066336674, 0.018164983536714058, 0.014667768869433554, 0.028853089577507388, 0.01428698444929637], [0.9185713961053837, 0.017229005574646815, 0.012232900190912561, 0.012439635586101566, 0.025917634822451317, 0.01360942772050401], [0.8653021487264143, 0.04714484939193698, 0.023852670746961756, 0.01579303996147491, 0.0328919323595714, 0.015015358813640883], [0.06623580555886908, 0.03169483056193419, 0.018103635057146888, 0.015267255865490912, 0.8537885240766614, 0.014909948879897387], [0.8253382186494559, 0.06727377559823194, 0.04264031976575053, 0.018040807417475817, 0.032353793319589534, 0.01435308524949619], [0.560238138361174, 0.0701480003298893, 0.26930669629614545, 0.025148453978137142, 0.060772116713202026, 0.014386594321451968], [0.7624350449956935, 0.07571180398784297, 0.07094883817963904, 0.023026517193070015, 0.05348758337705624, 0.014390212266698468], [0.9185535798627001, 0.017231489549961863, 0.012241100533943554, 0.012447599389778794, 0.02591017757437071, 0.01361605308924485], [0.9185535798627001, 0.017231489549961863, 0.012241100533943554, 0.012447599389778794, 0.02591017757437071, 0.01361605308924485], [0.8804252054192999, 0.04026355440203097, 0.021500674599462005, 0.014700623980268314, 0.028787458314530015, 0.014322483284408868], [0.8939768909696513, 0.035020477393669563, 0.013499005959993472, 0.014439415967030512, 0.02869987658487593, 0.014364333124779128], [0.898719786716676, 0.030353058028616813, 0.013166579030619135, 0.014107270292734755, 0.029319705490805398, 0.014333600440547985], [0.06528973751066347, 0.026287857709120142, 0.012971199935680995, 0.015350735953650253, 0.8650998224378629, 0.015000646453022282], [0.8966649415508164, 0.03252150063362313, 0.012809895422242151, 0.01375669102826455, 0.029974199185853784, 0.014272772179199958], [0.06588332536651637, 0.026376952764153444, 0.012888042832309042, 0.015298358361329173, 0.8646095802539688, 0.014943740421723181], [0.8861512214581242, 0.03561278870119341, 0.013287852997781003, 0.014553664189893862, 0.035154848300144446, 0.015239624352862982], [0.8771242056231189, 0.039189869688325565, 0.013339207239974728, 0.01490642317310525, 0.03922648229816204, 0.016213811977313503], [0.8859117147174176, 0.035843254795215315, 0.013200968337057247, 0.01448477313696899, 0.03537880473457171, 0.015180484278768943], [0.08340841598087813, 0.03124037365005604, 0.013428309976080138, 0.01661112414669927, 0.8391689239875388, 0.01614285225874751], [0.8779919314140294, 0.041438711380211296, 0.01398809212582992, 0.015225971054283964, 0.036203916374378316, 0.015151377651266947], [0.8825407471483959, 0.03912579570032982, 0.013612472904585783, 0.014902096758300145, 0.03461484481034052, 0.015204042678047907], [0.87794070950488, 0.04372583334384573, 0.013612472904585783, 0.014902096758300145, 0.03461484481034052, 0.015204042678047907], [0.8776942159703476, 0.04240994680754862, 0.01399833683123717, 0.015256700646639667, 0.03547211652911209, 0.015168683215114989], [0.8440070085191482, 0.06220130250313177, 0.023924912835179044, 0.015676504166070613, 0.03899607166053987, 0.015194200315930419], [0.1034261622098045, 0.0512581198789824, 0.01342830997608014, 0.01661112414669927, 0.7991334315296863, 0.01614285225874751], [0.08340841598087813, 0.03124037365005604, 0.013428309976080138, 0.01661112414669927, 0.8391689239875388, 0.01614285225874751], [0.9109323683559951, 0.01908591141326741, 0.01234672723526988, 0.012625590028842192, 0.030805894932014834, 0.01420350803461063], [0.881163565017115, 0.03976654329933442, 0.013583173208559212, 0.014857488514568012, 0.035465141413320855, 0.015164088547102581], [0.8797383525753184, 0.04276649130537422, 0.013190037975326578, 0.014495849058078682, 0.03461000678473281, 0.015199262301169244], [0.8857622676613389, 0.03757179554814283, 0.012802622640226007, 0.014117999177427027, 0.03453001419091721, 0.015215300781947922], [0.9109717838509318, 0.019084350724637683, 0.012311679917184265, 0.012591928364389235, 0.030862570186335404, 0.014177686956521739]], [[0.9109717838509318, 0.019084350724637683, 0.012311679917184265, 0.012591928364389235, 0.030862570186335404, 0.014177686956521739], [0.8807335058844651, 0.04009025997394452, 0.014037163349556375, 0.015310513545420196, 0.034619708667720205, 0.015208848578893477], [0.8638275096085014, 0.054598100235594534, 0.013318877625550826, 0.016035163051019888, 0.036979111009717985, 0.015241238469615191], [0.820091731665705, 0.08780714420692949, 0.013303797357543709, 0.018563400715390976, 0.04501967937520329, 0.015214246679227435], [0.7357300071163846, 0.14388112735389597, 0.013336116359897102, 0.028559844751501112, 0.06322081077399658, 0.015272093644324632], [0.7341725933298789, 0.14494537505629146, 0.013344954682552706, 0.029012342758088006, 0.06323682103862774, 0.015287913134560936], [0.509292807911009, 0.2310067196449507, 0.01867633003527085, 0.04113818298835979, 0.18263655238033485, 0.017249407040074938], [0.7350073394691626, 0.14432463154550634, 0.013374893101922039, 0.02896481572343739, 0.06302007532273836, 0.01530824483723307], [0.7400319585218633, 0.14067964601499092, 0.013492071007221986, 0.028324266293444346, 0.06209380051203297, 0.01537825765044639], [0.8605537338202568, 0.06109632245632957, 0.012858197828774039, 0.017401010059797425, 0.033816920326629724, 0.014273815508212332], [0.0659051998725712, 0.046774430077295315, 0.018112785868508202, 0.015296428177028622, 0.8389695126462043, 0.014941643358392228], [0.9188214953445067, 0.01719413625077592, 0.012117786157666045, 0.012327842023587835, 0.026022317504655494, 0.013516422718808194], [0.8460483455056254, 0.044027085478960955, 0.051250378788712074, 0.015004059537545814, 0.02931704543965953, 0.01435308524949619], [0.7945443362266733, 0.10248172251941555, 0.01682543321824191, 0.02446867641220471, 0.0472573736063649, 0.014422458017099616], [0.5886801017839561, 0.3055219974959836, 0.019292519597003593, 0.024802095996005587, 0.047269170643461554, 0.014434114483589524], [0.3365593088633616, 0.4346172864689633, 0.02128853230248238, 0.029486912211756443, 0.16216853437104684, 0.015879425782389312], [0.09776198418629667, 0.04621239289878755, 0.032717135244622275, 0.02248466347114627, 0.7858821808407549, 0.014941643358392228], [0.7851609024753025, 0.06691846727372174, 0.05676613249563331, 0.022660863419783468, 0.05414057467846865, 0.014353059657090467], [0.9185535798627001, 0.017231489549961863, 0.012241100533943554, 0.012447599389778794, 0.02591017757437071, 0.01361605308924485], [0.9185535798627001, 0.017231489549961863, 0.012241100533943554, 0.012447599389778794, 0.02591017757437071, 0.01361605308924485], [0.8940608400962274, 0.03394692664345377, 0.013389138190045273, 0.01431618660765168, 0.03002658490800468, 0.014260323554616951], [0.06462816921245482, 0.030036363841070612, 0.013063880577340512, 0.015409112071480924, 0.861798404669926, 0.015064069627726995], [0.8968358461718424, 0.03198503478217655, 0.012954375766605805, 0.01412273489244797, 0.029753960245122953, 0.014348048141804117], [0.8963570522112384, 0.03204929186019496, 0.012944090266944699, 0.014388845290686077, 0.02993108198489698, 0.014329638386038845], [0.8863401269035849, 0.03522830631217249, 0.01361140358527015, 0.015137957296674644, 0.03425842563605283, 0.015423780266244882], [0.8875877758072902, 0.03440873024181332, 0.013560640811202888, 0.014707873811871247, 0.03435465204844501, 0.015380327279377175], [0.88613629079587, 0.035421968072482574, 0.013540579218512785, 0.015085810549185435, 0.03444022075723402, 0.0153751306067152], [0.8817139117168343, 0.038420413437496866, 0.0135055429622645, 0.015389631131094646, 0.03565808065472988, 0.015312420097579754], [0.09167582804652849, 0.04330871604630311, 0.01348343326860863, 0.017316877261641238, 0.818042227139021, 0.01617291823789753], [0.8811599259531878, 0.03891543338305326, 0.013352135476591651, 0.015285258395682228, 0.03608120890202077, 0.0152060378894641], [0.8765886026462024, 0.043465205633205176, 0.013296067511294293, 0.015247111841872111, 0.03623585546168103, 0.015167156905744668], [0.09153342131213808, 0.04476265036538263, 0.01360992415627162, 0.01817011905632289, 0.8156819747596388, 0.016241910350246004], [0.8197422734866863, 0.08718238183095414, 0.013489198281027024, 0.018588843813176437, 0.045655756575776765, 0.015341546012379508], [0.7577086894484865, 0.13214628963231972, 0.013550087966630542, 0.022716634996973663, 0.058486147881055627, 0.015392150074533897], [0.7934811751672082, 0.0883565453438452, 0.0401997130934726, 0.020158906478280433, 0.04249731166657679, 0.015306348250616785], [0.9107998006684898, 0.019091160538843313, 0.012464603261420034, 0.012738805631520307, 0.030615276815557584, 0.014290353084168945], [0.08176220861071938, 0.030935855719570478, 0.013581893531914689, 0.016682850152003523, 0.8408105704205371, 0.016226621565254756], [0.8825561522562653, 0.03796548900539601, 0.01334467912971837, 0.014886792486464987, 0.03605419515941943, 0.015192691962736074], [0.8802401991165376, 0.04226238286335613, 0.013324011631890485, 0.0146016511598339, 0.03428186625549671, 0.015289888972885132], [0.9109717838509318, 0.019084350724637683, 0.012311679917184265, 0.012591928364389235, 0.030862570186335404, 0.014177686956521739]], [[0.9109323683559951, 0.01908591141326741, 0.01234672723526988, 0.012625590028842192, 0.030805894932014834, 0.01420350803461063], [0.8826419053825199, 0.039028263953974664, 0.013641088613339375, 0.014924336082115717, 0.03453961690027703, 0.015224789067773255], [0.8800611135264111, 0.040086508301485704, 0.013287601349999395, 0.015278907078418728, 0.03610061188883051, 0.015185257854854538], [0.8640211931209439, 0.05442406760154957, 0.013348944979689019, 0.016051800069309036, 0.03689219327913842, 0.015261800949369873], [0.8212709723606141, 0.08442295091289481, 0.013357450314599131, 0.01902814106941545, 0.04664346090921622, 0.015277024433260416], [0.7365570528166743, 0.14326564588366655, 0.01336609847925484, 0.02851455503703139, 0.06300414421887174, 0.015292503564501025], [0.7341725933298789, 0.14494537505629146, 0.013344954682552706, 0.029012342758088006, 0.06323682103862774, 0.015287913134560936], [0.7349804640384929, 0.14692379182029558, 0.01331209465098725, 0.028086092015109268, 0.061468459680157454, 0.015229097794957479], [0.813054967095675, 0.08854723862025311, 0.01341896023500632, 0.02115977349704355, 0.04852574114095792, 0.015293319411064092], [0.12146489145929751, 0.1346316295901271, 0.012968213268984447, 0.020587969294325933, 0.6953486937686432, 0.014998602618621829], [0.8164973699900813, 0.08825420680365671, 0.012961344405271295, 0.024695084883909903, 0.0432314727851375, 0.014360521131943162], [0.7876576197260953, 0.058927890229261724, 0.06008865868879235, 0.023026517193070015, 0.05590910189608226, 0.014390212266698468], [0.918880641121495, 0.017185890031152645, 0.012090562928348909, 0.012301404049844237, 0.026047073831775694, 0.013494428037383176], [0.8751662224694168, 0.04491405571077955, 0.02179341402596595, 0.015057491089128641, 0.028685820907437008, 0.014382995797272004], [0.794699749612134, 0.10591518262597766, 0.014908527911186041, 0.024119595448547564, 0.04596616753722028, 0.014390776864934344], [0.3392004232698857, 0.1304005528008423, 0.012884978381877188, 0.019720260445798103, 0.4828521417432044, 0.014941643358392228], [0.7979520521467525, 0.10311309414807787, 0.012961344405271295, 0.024403443541082245, 0.047209544626873066, 0.014360521131943162], [0.8453207889959043, 0.04803610784090815, 0.038799202153573964, 0.01748688939307265, 0.03597401581926901, 0.014382995797272004], [0.9185535798627001, 0.017231489549961863, 0.012241100533943554, 0.012447599389778794, 0.02591017757437071, 0.01361605308924485], [0.9185535798627001, 0.017231489549961863, 0.012241100533943554, 0.012447599389778794, 0.02591017757437071, 0.01361605308924485], [0.06499333320840314, 0.026243368662786724, 0.013012723903801164, 0.015376890369635904, 0.8653446217393022, 0.015029062116070812], [0.06462816921245483, 0.030777422536959677, 0.013063880577340514, 0.015409112071480924, 0.8610573459740369, 0.015064069627726996], [0.8963570522112384, 0.03204929186019496, 0.012944090266944699, 0.014388845290686077, 0.02993108198489698, 0.014329638386038845], [0.07265410186999471, 0.03568488408995417, 0.012888042832309042, 0.01581812114307009, 0.8480111096429487, 0.014943740421723181], [0.895777296465685, 0.03270676355395514, 0.012960200537070494, 0.01442747844222158, 0.029769787249893417, 0.014358473751174283], [0.8997482174958717, 0.029750026318281254, 0.01297095674170168, 0.014155869828448603, 0.028997203605833223, 0.014377726009863303], [0.8986743126517373, 0.030483871602601027, 0.012977051151290268, 0.014467886972155328, 0.029008243382732765, 0.014388634239483273], [0.8794573226205956, 0.047757886463612315, 0.0129832462137926, 0.014984719685190856, 0.030417102391599983, 0.014399722625208448], [0.8352273357233263, 0.08006934156092962, 0.012955501522396393, 0.017139101976949893, 0.0402586561127697, 0.01435006310362794], [0.07217008649527326, 0.03705773988893864, 0.012947228646697284, 0.01647657081940068, 0.8463641317182833, 0.014984242431406891], [0.07240346150862628, 0.03817096595249466, 0.01304934819334359, 0.01590684658264542, 0.8454152529295949, 0.015054124833295178], [0.07886630159297402, 0.06896891503004568, 0.013028890502295914, 0.01904164251566068, 0.8050541251235963, 0.015040125235427283], [0.8012674641514594, 0.1039200953221747, 0.012978248232535228, 0.020007332694475688, 0.04743608273442045, 0.014390776864934344], [0.800672190997744, 0.10246231454869799, 0.013002460887372932, 0.020689833241933707, 0.04873908584066171, 0.014434114483589524], [0.7852496375285749, 0.05355299055631601, 0.07287451549989886, 0.021153684445610173, 0.05278257764814808, 0.014386594321451968], [0.9188992149707603, 0.017183300428849906, 0.0120820138791423, 0.012293101598440546, 0.026054848187134508, 0.013487520935672515], [0.06563323963939827, 0.02633941594226443, 0.012923077923503636, 0.01532042567306939, 0.86481612520231, 0.014967715619454263], [0.06563323963939825, 0.02885236498152926, 0.012923077923503636, 0.015948662932885597, 0.861674938903229, 0.014967715619454262], [0.8952224363405387, 0.03393875965922131, 0.013084045930676112, 0.01403719233842253, 0.029451046539115712, 0.014266519192025625], [0.9109717838509318, 0.019084350724637683, 0.012311679917184265, 0.012591928364389235, 0.030862570186335404, 0.014177686956521739]], [[0.9107998006684898, 0.019091160538843313, 0.012464603261420034, 0.012738805631520307, 0.030615276815557584, 0.014290353084168945], [0.8861972983365433, 0.03556845108396134, 0.013304568076182697, 0.014566917615081026, 0.035111763026762104, 0.015251001861469556], [0.08233346548348933, 0.03432178940337025, 0.013528597900145968, 0.017478025660484252, 0.8361405691026881, 0.016197552449821975], [0.8806510697594685, 0.03955448010008591, 0.013444803735854176, 0.015384895852498727, 0.03567109539547177, 0.01529365515662076], [0.8653588722588408, 0.05322210765700223, 0.013556605775671044, 0.016166703976211293, 0.036291894196148, 0.015403816136126805], [0.8233628023363283, 0.08275870796571141, 0.013512107563397406, 0.019037658687331645, 0.04594617268961869, 0.015382550757612376], [0.7312592970332513, 0.14923495192494057, 0.013375221999704704, 0.028343549434485117, 0.06253961973419768, 0.015247359873420581], [0.12301558272873432, 0.08514540943106853, 0.01360992415627162, 0.020984417675499557, 0.74100275565818, 0.016241910350246004], [0.746174193940673, 0.13227997448000206, 0.01352804388273219, 0.028497017344430102, 0.06416807642599379, 0.015352693926168792], [0.12218113631164347, 0.13544027260479466, 0.012923077923503636, 0.02059630592095278, 0.6938914916196512, 0.014967715619454263], [0.7928410039256493, 0.09795701318101488, 0.012984463163234839, 0.026382835441067523, 0.055432783476789954, 0.014401900812243445], [0.5733785579075701, 0.19320364731330897, 0.01693084272621788, 0.020882793218621434, 0.17972473305189215, 0.015879425782389312], [0.09203754331558316, 0.05098526366753317, 0.0221198636942286, 0.022506592358381906, 0.7974407880843757, 0.014909948879897387], [0.9189927397647056, 0.017170261019607842, 0.012038966901960784, 0.01225129631372549, 0.02609399435294117, 0.013452741647058822], [0.8653270074355756, 0.04790377423934615, 0.023816948872244288, 0.01592526435911318, 0.03189196712211789, 0.015135037971602858], [0.7966878100685768, 0.09905480968450413, 0.012978248232535228, 0.026057679273201566, 0.050830675876247775, 0.014390776864934344], [0.8454061354567262, 0.0691178094310715, 0.012972134437366303, 0.018785715473065658, 0.039338371264215986, 0.014379833937554314], [0.8840935905897627, 0.04312161849444536, 0.0129832462137926, 0.014984719685190856, 0.030417102391599983, 0.014399722625208448], [0.8939975388164028, 0.03498473259414172, 0.01351250937884932, 0.014450767417906872, 0.028678595402759514, 0.014375856389939816], [0.9185535798627001, 0.017231489549961863, 0.012241100533943554, 0.012447599389778794, 0.02591017757437071, 0.01361605308924485], [0.9186791566320646, 0.017213981391772396, 0.012183300884275279, 0.012391466974240676, 0.025962739561707034, 0.013569354555940024], [0.06482567213477995, 0.026218203436722695, 0.013036211933573441, 0.015391684613277785, 0.8654830924476845, 0.01504513543396161], [0.8788105917457849, 0.04485136251620566, 0.012949750865111236, 0.01489100910907324, 0.03415751561626099, 0.014339770147563796], [0.8516781035403904, 0.06778056472274059, 0.012972134437366303, 0.016847631648411656, 0.03634173171353652, 0.014379833937554314], [0.8810234546375609, 0.04552104828148508, 0.012966119328985405, 0.014936803472774315, 0.03118350663203357, 0.01436906764716079], [0.8986743126517373, 0.030483871602601027, 0.012977051151290268, 0.014467886972155328, 0.029008243382732765, 0.014388634239483273], [0.8789335652697193, 0.047610937649326654, 0.012966119328985405, 0.014936803472774315, 0.03118350663203357, 0.01436906764716079], [0.8405755662737321, 0.07496455942469601, 0.012972134437366303, 0.016847631648411656, 0.04026027427823948, 0.014379833937554312], [0.5910921427741124, 0.30495452068219037, 0.012995948439100381, 0.021172862905656592, 0.055362067181840495, 0.014422458017099616], [0.8333915715717768, 0.08214855412665145, 0.012972134437366303, 0.016847631648411656, 0.040260274278239486, 0.014379833937554314], [0.6328088797216217, 0.2840903859512563, 0.012955501522396393, 0.017139101976949893, 0.0386560677241477, 0.01435006310362794], [0.0990074834555237, 0.12293227204932188, 0.012968213268984447, 0.022869716942853068, 0.727223711664695, 0.014998602618621829], [0.7981310935839956, 0.10669708369972498, 0.012984463163234839, 0.02033248886234164, 0.04745296987845938, 0.014401900812243447], [0.6113942429001027, 0.18457016870863638, 0.01693084272621788, 0.02416055283505382, 0.14706476704759988, 0.015879425782389312], [0.7838891225803445, 0.05427905192259598, 0.07319422804203973, 0.021461145964487047, 0.052786239223834304, 0.014390212266698468], [0.9187884190476191, 0.017198747812620985, 0.012133010298102981, 0.012342627022841657, 0.026008472938443668, 0.013528722880371661], [0.8430745660153701, 0.061545768133696145, 0.034040140655426154, 0.015001039656303002, 0.031988867371057335, 0.014349618168147091], [0.8787529232365946, 0.046716064808309386, 0.012966119328985405, 0.014936803472774315, 0.03225902150617545, 0.01436906764716079], [0.8940332666875328, 0.034418770874212024, 0.013483900365350958, 0.014411115808279112, 0.02930668540589037, 0.014346260858734614], [0.9109717838509318, 0.019084350724637683, 0.012311679917184265, 0.012591928364389235, 0.030862570186335404, 0.014177686956521739]], [[0.9188399310184104, 0.017191565913151557, 0.012109300706905926, 0.012319601336129884, 0.026030034024702865, 0.013509567000699137], [0.9032627392528864, 0.02706548513153407, 0.012518961972343545, 0.013488577997185646, 0.029366609321645566, 0.014297626324404707], [0.0659051998725712, 0.028907967128479435, 0.012884978381877188, 0.015928360950137867, 0.861431850308542, 0.014941643358392228], [0.8973967010004493, 0.031347535399959554, 0.012934078781236593, 0.014087397357635596, 0.02991811343958413, 0.01431617402113488], [0.8986743126517373, 0.030483871602601027, 0.012977051151290268, 0.014467886972155328, 0.029008243382732765, 0.014388634239483273], [0.8809346819812826, 0.04560982093776346, 0.012966119328985405, 0.014936803472774315, 0.03118350663203357, 0.01436906764716079], [0.09791400005663782, 0.0684948549053985, 0.012923077923503636, 0.018651894994230183, 0.7870484565007755, 0.014967715619454263], [0.10728912504091241, 0.357197247233467, 0.01299202918837724, 0.0196720391933983, 0.4878346590260559, 0.015014900317789164], [0.7657047560941124, 0.11982273731517908, 0.012967281750257924, 0.02903318906511948, 0.05810088753972751, 0.0143711482356036], [0.4642436164494821, 0.16574152752060567, 0.015747207346028868, 0.03080522054690489, 0.3085870788639156, 0.014875349273062867], [0.809145111746773, 0.061929287258092686, 0.012489706656132773, 0.022713208179376217, 0.08004582082883092, 0.013676865330794348], [0.6524041156869473, 0.059930089712517204, 0.012489706656132775, 0.02071401063380073, 0.24078521197980768, 0.01367686533079435], [0.8227480697895346, 0.08229733049643306, 0.012469628989787276, 0.023315381105102628, 0.04552866079565775, 0.013640928823484456], [0.8762299617671702, 0.0497662959203155, 0.019779358499709902, 0.014193782933489975, 0.026396124288407652, 0.013634476590906768], [0.8300609722361363, 0.07917254636224628, 0.012484306390677167, 0.02199774495660998, 0.04261723052212438, 0.013667199532205944], [0.7940877149876229, 0.09795701318101488, 0.012984463163234839, 0.026382835441067523, 0.054186072414816495, 0.014401900812243445], [0.11514392389949538, 0.12730272945131899, 0.012884978381877188, 0.019984048896958387, 0.7097426760119576, 0.014941643358392228], [0.8614629826164976, 0.06019822842943035, 0.012955501522396393, 0.017430743319777557, 0.03360248100827024, 0.01435006310362794], [0.881212578992241, 0.04533192392680506, 0.012966119328985405, 0.014936803472774315, 0.03118350663203357, 0.01436906764716079], [0.06623580555886908, 0.03169483056193419, 0.018103635057146888, 0.015267255865490912, 0.8537885240766614, 0.014909948879897387], [0.851526776491019, 0.058291041075554294, 0.03150261490491803, 0.014954209715129648, 0.02942950441363392, 0.014295853399745047], [0.9187884190476191, 0.017198747812620985, 0.012133010298102981, 0.012342627022841657, 0.026008472938443668, 0.013528722880371661], [0.0652365258484294, 0.05488970388524592, 0.02344247637360344, 0.0153554312969322, 0.826070114851548, 0.01500574774424095], [0.7945963826981552, 0.09788832735471403, 0.01295287366764829, 0.020749653811423387, 0.05946740289519716, 0.014345359572861986], [0.0913063773512107, 0.0744368608252947, 0.012933666072624486, 0.018038451915071002, 0.7883096825389362, 0.014974961296862908], [0.8816188805838221, 0.04485136251620566, 0.012949750865111236, 0.01489100910907324, 0.031349226778223875, 0.014339770147563796], [0.09596635631481104, 0.06298632600249256, 0.013063880577340514, 0.017766847744378703, 0.79515251973325, 0.015064069627726996], [0.11778208596537361, 0.1109517599568241, 0.01304934819334359, 0.019669605815292215, 0.7234930752358714, 0.015054124833295178], [0.5851553678814724, 0.1125814871451797, 0.012984463163234839, 0.021148938109865397, 0.2537278428880041, 0.014401900812243445], [0.7895281508334692, 0.10712405407393119, 0.012995948439100381, 0.021172862905656592, 0.05475652573074308, 0.014422458017099616], [0.835206521546548, 0.08052842638422121, 0.01298954444348805, 0.017995959047646184, 0.03886855291081258, 0.014410995667283915], [0.8459053181612718, 0.07247783522771743, 0.012972134437366303, 0.016847631648411656, 0.037417246587678386, 0.014379833937554312], [0.8018197590509586, 0.10167813203114341, 0.012995948439100381, 0.020356413658132833, 0.04872728880356506, 0.014422458017099616], [0.800138009676687, 0.10469016760703344, 0.012984463163234839, 0.02033248886234164, 0.04745296987845937, 0.014401900812243445], [0.8018197590509586, 0.10167813203114341, 0.012995948439100381, 0.020356413658132833, 0.04872728880356506, 0.014422458017099616], [0.8461061164696148, 0.05605308516519466, 0.03705131088300131, 0.015057491089128641, 0.03134900059578832, 0.014382995797272004], [0.9082473805642632, 0.01964125684430512, 0.012804893207941483, 0.013087777220480669, 0.031530243260188086, 0.014688448902821316], [0.8952794747729813, 0.03317672035979291, 0.013479836179661938, 0.014407688592209693, 0.029313491006123404, 0.014342789089230652], [0.06623580555886908, 0.02642985856710437, 0.032278559658611775, 0.015267255865490912, 0.8448785714700263, 0.014909948879897387], [0.9108981981538461, 0.019087264410256412, 0.012377110564102563, 0.012654772102564103, 0.030756761846153842, 0.014225892923076923]], [[0.9186394716981131, 0.017219514342690596, 0.01220156680472465, 0.012409206013192207, 0.025946128854118726, 0.013584112287160607], [0.9021902385520344, 0.028645145554574883, 0.012578692646171936, 0.013552733486991729, 0.028667900668605965, 0.014365289091620933], [0.9000495711013892, 0.029342073449799687, 0.012927628156935302, 0.013509112930589763, 0.029871441089693695, 0.014300173271592333], [0.06531105678476831, 0.028786494842285154, 0.012968213268984447, 0.015972714062273154, 0.861962918423067, 0.014998602618621829], [0.8968358461718424, 0.03198503478217655, 0.012954375766605805, 0.01412273489244797, 0.029753960245122953, 0.014348048141804117], [0.8986743126517373, 0.030483871602601027, 0.012977051151290268, 0.014467886972155328, 0.029008243382732765, 0.014388634239483273], [0.8809346819812826, 0.04560982093776346, 0.012966119328985405, 0.014936803472774315, 0.03118350663203357, 0.01436906764716079], [0.8417182102282444, 0.0680304912099679, 0.01294716425180979, 0.019683816835889295, 0.04328517704026806, 0.01433514043382039], [0.10162874807973378, 0.14592185275290423, 0.013012723903801164, 0.019529333529584122, 0.7048782796179058, 0.015029062116070814], [0.46352330232826666, 0.2677752696312737, 0.012474782547122627, 0.1916569261877876, 0.05091956626010275, 0.013650153045446652], [0.04822978216318785, 0.015996510309930424, 0.011858369892473119, 0.012029603289057559, 0.02319306944971537, 0.8886926648956357], [0.04822978216318785, 0.015996510309930424, 0.011858369892473119, 0.012029603289057559, 0.02319306944971537, 0.8886926648956357], [0.8568966178033597, 0.03599302373253387, 0.012478996056554607, 0.014400823726416285, 0.0665728439816988, 0.013657694699436566], [0.8296858277748068, 0.08185151447949385, 0.012469628989787276, 0.021708279337789918, 0.0406438205946377, 0.013640928823484458], [0.822203578716397, 0.08623938762523067, 0.012489706656132773, 0.022943612151827296, 0.04244684951961784, 0.013676865330794348], [0.42040471327031476, 0.1750795647283299, 0.01693084272621788, 0.02416055283505382, 0.3475449006576943, 0.015879425782389312], [0.8080692505083148, 0.08901062916223396, 0.012967281750257924, 0.025012375590557447, 0.0505693147530322, 0.0143711482356036], [0.12294587918842946, 0.11480284943897154, 0.012968213268984447, 0.020587969294325933, 0.7136964861906667, 0.014998602618621829], [0.8454061354567262, 0.0691178094310715, 0.012972134437366303, 0.018785715473065658, 0.039338371264215986, 0.014379833937554314], [0.8518672278950705, 0.06759144036806057, 0.012972134437366303, 0.016847631648411656, 0.03634173171353652, 0.014379833937554314], [0.8048753753946712, 0.0542070593304548, 0.049116227393246246, 0.01872428614166617, 0.05869045741850968, 0.014386594321451972], [0.9187884190476191, 0.017198747812620985, 0.012133010298102981, 0.012342627022841657, 0.026008472938443668, 0.013528722880371661], [0.4703172454668248, 0.060504092335769456, 0.03707482427148194, 0.020048770030505664, 0.3970016211263937, 0.015053446769024358], [0.11759141761164472, 0.33928892501966873, 0.012975674738509987, 0.019975918285863835, 0.49516435569624595, 0.015003708648066584], [0.7881620319842871, 0.11245039389670154, 0.012961344405271295, 0.02110763003453412, 0.050958078547262586, 0.01436052113194316], [0.8409691792461915, 0.073554765641606, 0.012972134437366303, 0.018785715473065658, 0.039338371264215986, 0.014379833937554314], [0.32600502174519014, 0.1109517599568241, 0.01304934819334359, 0.019669605815292215, 0.5152701394560548, 0.015054124833295178], [0.12284859972684149, 0.1109517599568241, 0.01304934819334359, 0.019669605815292215, 0.7184265614744034, 0.015054124833295178], [0.3330349275788661, 0.44003595558949415, 0.01693084272621788, 0.026389429374227842, 0.16772941894880478, 0.015879425782389316], [0.7825293315432171, 0.11734579569602452, 0.013002460887372932, 0.022313531125060536, 0.0503747662647353, 0.014434114483589524], [0.7886669066730758, 0.11563455816464924, 0.012995948439100381, 0.0211636622937359, 0.047116466412338895, 0.014422458017099614], [0.8430427510989748, 0.0744581077168484, 0.01298954444348805, 0.017995959047646184, 0.037102642025758664, 0.014410995667283915], [0.8494075721394242, 0.0689755812495649, 0.012972134437366303, 0.016847631648411656, 0.037417246587678386, 0.014379833937554312], [0.11105512268941375, 0.13022741663680604, 0.012838663062317072, 0.023394947488224748, 0.707573901243341, 0.014909948879897387], [0.8494075721394242, 0.0689755812495649, 0.012972134437366303, 0.016847631648411656, 0.037417246587678386, 0.014379833937554312], [0.8787529232365946, 0.046716064808309386, 0.012966119328985405, 0.014936803472774315, 0.03225902150617545, 0.01436906764716079], [0.06623580555886908, 0.02642985856710437, 0.032278559658611775, 0.015267255865490912, 0.8448785714700263, 0.014909948879897387], [0.9187884190476191, 0.017198747812620985, 0.012133010298102981, 0.012342627022841657, 0.026008472938443668, 0.013528722880371661], [0.9188992149707603, 0.017183300428849906, 0.0120820138791423, 0.012293101598440546, 0.026054848187134508, 0.013487520935672515], [0.9107998006684898, 0.019091160538843313, 0.012464603261420034, 0.012738805631520307, 0.030615276815557584, 0.014290353084168945]], [[0.9185821054562127, 0.017227512456059912, 0.012227970961332721, 0.01243484854042488, 0.025922117377349833, 0.013605445208619898], [0.903260755180725, 0.02700759931703965, 0.01257092404440594, 0.01353321802603985, 0.029291346596791036, 0.014336156834998448], [0.8995132212616292, 0.029965501107619474, 0.012942999468832206, 0.013527543478841768, 0.029723048688998187, 0.014327685994079107], [0.06531105678476831, 0.028786494842285154, 0.012968213268984447, 0.015972714062273154, 0.861962918423067, 0.014998602618621829], [0.8984279532513203, 0.030640321985200614, 0.012933030916135265, 0.013797835463685567, 0.02989101484998747, 0.014309843533670704], [0.8997482174958717, 0.029750026318281254, 0.01297095674170168, 0.014155869828448603, 0.028997203605833223, 0.014377726009863303], [0.895777296465685, 0.03270676355395514, 0.012960200537070494, 0.01442747844222158, 0.029769787249893417, 0.014358473751174283], [0.06923275867672452, 0.04020698029702284, 0.012992029188377238, 0.016496867712577717, 0.8460564638075083, 0.015014900317789162], [0.08314755238143959, 0.0633889710463955, 0.01300534829629978, 0.017751760887513842, 0.8076823525446639, 0.015024014843687523], [0.62862433071627, 0.26897260930072303, 0.012469628989787276, 0.028127075231739004, 0.04816542693799611, 0.013640928823484456], [0.04822978216318785, 0.015996510309930424, 0.011858369892473119, 0.012029603289057559, 0.02319306944971537, 0.8886926648956357], [0.04822978216318785, 0.015996510309930424, 0.011858369892473119, 0.012029603289057559, 0.02319306944971537, 0.8886926648956357], [0.8817494169893746, 0.049602161804546074, 0.012459571435989795, 0.015368732981215322, 0.027197189726617478, 0.013622927062256669], [0.2586723611953733, 0.06198489913721886, 0.012474934506317634, 0.016447653291743837, 0.6362707295947931, 0.01414942227455306], [0.8209401182957207, 0.08393682887474727, 0.012469628989787276, 0.02331538110510263, 0.04569711391115773, 0.013640928823484458], [0.8094581554056202, 0.09557268316168067, 0.013002460887372932, 0.02292055744625397, 0.04461202861548266, 0.014434114483589524], [0.7968042732478026, 0.09718694089615613, 0.012978248232535228, 0.026057679273201566, 0.05258208148537003, 0.014390776864934344], [0.1232837123994847, 0.11511411485312806, 0.012947228646697284, 0.020591845213720143, 0.7130788564555629, 0.014984242431406891], [0.8004235476452728, 0.09718694089615612, 0.012978248232535228, 0.026057679273201566, 0.04896280708789975, 0.014390776864934344], [0.8152664442512638, 0.050259565177010974, 0.04388441877470992, 0.02271905567419314, 0.053483921801370016, 0.014386594321451968], [0.9163659454545453, 0.01776656801346801, 0.012259497306397305, 0.012487376094276094, 0.027343807070707063, 0.01377680606060606], [0.7978195854891755, 0.0573587324125365, 0.03710298085321611, 0.020082721386258356, 0.07256563914074861, 0.015070340718064856], [0.12169247036881904, 0.3421938348956972, 0.012978654481210121, 0.01971565558781121, 0.48841363692222134, 0.01500574774424095], [0.3302087387657251, 0.4576135965137532, 0.01693084272621788, 0.029486912211756443, 0.14988048400015805, 0.015879425782389312], [0.5900782059457169, 0.3121008802685164, 0.013002460887372932, 0.021506282489457462, 0.0488780559253466, 0.014434114483589524], [0.7989343387654313, 0.10360813298446209, 0.012995948439100381, 0.021172862905656592, 0.04886625888824995, 0.014422458017099616], [0.8432100950093545, 0.07131384987844307, 0.012972134437366303, 0.018785715473065658, 0.039338371264215986, 0.014379833937554314], [0.8004483896518707, 0.10378375048955482, 0.0