{"round_id": "93c39605-628f-4706-abd9-08582f8b61d7", "seed_index": 3, "prediction": [[[0.9279384765090727, 0.01677812863435243, 0.01191585846482724, 0.012072824679095215, 0.018758179075316884, 0.012536532637335323], [0.927901338048151, 0.016782033133780055, 0.011927003872921319, 0.012083736332588744, 0.01875913487714069, 0.01254675373541822], [0.9279384765090727, 0.01677812863435243, 0.01191585846482724, 0.012072824679095215, 0.018758179075316884, 0.012536532637335323], [0.9279384765090727, 0.01677812863435243, 0.01191585846482724, 0.012072824679095215, 0.018758179075316884, 0.012536532637335323], [0.9279384765090727, 0.01677812863435243, 0.01191585846482724, 0.012072824679095215, 0.018758179075316884, 0.012536532637335323], [0.9279384765090727, 0.01677812863435243, 0.01191585846482724, 0.012072824679095215, 0.018758179075316884, 0.012536532637335323], [0.9279384765090727, 0.01677812863435243, 0.01191585846482724, 0.012072824679095215, 0.018758179075316884, 0.012536532637335323], [0.9279384765090727, 0.01677812863435243, 0.01191585846482724, 0.012072824679095215, 0.018758179075316884, 0.012536532637335323], [0.9279384765090727, 0.01677812863435243, 0.01191585846482724, 0.012072824679095215, 0.018758179075316884, 0.012536532637335323], [0.9279384765090727, 0.01677812863435243, 0.01191585846482724, 0.012072824679095215, 0.018758179075316884, 0.012536532637335323], [0.9279384765090727, 0.01677812863435243, 0.01191585846482724, 0.012072824679095215, 0.018758179075316884, 0.012536532637335323], [0.9279384765090727, 0.01677812863435243, 0.01191585846482724, 0.012072824679095215, 0.018758179075316884, 0.012536532637335323], [0.9279384765090727, 0.01677812863435243, 0.01191585846482724, 0.012072824679095215, 0.018758179075316884, 0.012536532637335323], [0.9280130867604091, 0.016770284591373683, 0.011893467615058587, 0.012050903436549501, 0.01875625889304409, 0.012515998703565198], [0.9282729998100636, 0.016742959001448413, 0.01181546661729328, 0.011974538367403502, 0.01874956972605324, 0.012444466477737896], [0.9243067756800993, 0.018094684834536794, 0.012019395482257935, 0.012215520982685007, 0.02056871012345674, 0.012794912896964052], [0.9245832911738241, 0.018077744689633427, 0.011923611327355668, 0.012122282109171007, 0.020583877432751245, 0.012709193267264435], [0.9246650847926732, 0.01807273377419859, 0.011895278258013576, 0.012094701937154603, 0.020588363941260013, 0.012683837296699828], [0.9246650847926732, 0.01807273377419859, 0.011895278258013576, 0.012094701937154603, 0.020588363941260013, 0.012683837296699828], [0.9246650847926732, 0.01807273377419859, 0.011895278258013576, 0.012094701937154603, 0.020588363941260013, 0.012683837296699828], [0.9246650847926732, 0.01807273377419859, 0.011895278258013576, 0.012094701937154603, 0.020588363941260013, 0.012683837296699828], [0.9246650847926732, 0.01807273377419859, 0.011895278258013576, 0.012094701937154603, 0.020588363941260013, 0.012683837296699828], [0.9246650847926732, 0.01807273377419859, 0.011895278258013576, 0.012094701937154603, 0.020588363941260013, 0.012683837296699828], [0.9245832911738241, 0.018077744689633427, 0.011923611327355668, 0.012122282109171007, 0.020583877432751245, 0.012709193267264435], [0.9243067756800993, 0.018094684834536794, 0.012019395482257935, 0.012215520982685007, 0.02056871012345674, 0.012794912896964052], [0.9282729998100636, 0.016742959001448413, 0.01181546661729328, 0.011974538367403502, 0.01874956972605324, 0.012444466477737896], [0.9280130867604091, 0.016770284591373683, 0.011893467615058587, 0.012050903436549501, 0.01875625889304409, 0.012515998703565198], [0.9279384765090727, 0.01677812863435243, 0.01191585846482724, 0.012072824679095215, 0.018758179075316884, 0.012536532637335323], [0.9279384765090727, 0.01677812863435243, 0.01191585846482724, 0.012072824679095215, 0.018758179075316884, 0.012536532637335323], [0.9279384765090727, 0.01677812863435243, 0.01191585846482724, 0.012072824679095215, 0.018758179075316884, 0.012536532637335323], [0.9279384765090727, 0.01677812863435243, 0.01191585846482724, 0.012072824679095215, 0.018758179075316884, 0.012536532637335323], [0.9279384765090727, 0.01677812863435243, 0.01191585846482724, 0.012072824679095215, 0.018758179075316884, 0.012536532637335323], [0.9279384765090727, 0.01677812863435243, 0.01191585846482724, 0.012072824679095215, 0.018758179075316884, 0.012536532637335323], [0.9279384765090727, 0.01677812863435243, 0.01191585846482724, 0.012072824679095215, 0.018758179075316884, 0.012536532637335323], [0.9279384765090727, 0.01677812863435243, 0.01191585846482724, 0.012072824679095215, 0.018758179075316884, 0.012536532637335323], [0.9279384765090727, 0.01677812863435243, 0.01191585846482724, 0.012072824679095215, 0.018758179075316884, 0.012536532637335323], [0.9279384765090727, 0.01677812863435243, 0.01191585846482724, 0.012072824679095215, 0.018758179075316884, 0.012536532637335323], [0.9279384765090727, 0.01677812863435243, 0.01191585846482724, 0.012072824679095215, 0.018758179075316884, 0.012536532637335323], [0.927901338048151, 0.016782033133780055, 0.011927003872921319, 0.012083736332588744, 0.01875913487714069, 0.01254675373541822], [0.9279384765090727, 0.01677812863435243, 0.01191585846482724, 0.012072824679095215, 0.018758179075316884, 0.012536532637335323]], [[0.927901338048151, 0.016782033133780055, 0.011927003872921319, 0.012083736332588744, 0.01875913487714069, 0.01254675373541822], [0.8865779398904922, 0.04194076369407507, 0.01849918929954102, 0.015084290530248252, 0.024761684093086087, 0.013136132492557406], [0.8857353978456793, 0.04220057728668375, 0.019284466755284283, 0.015458465989174254, 0.024104465311712425, 0.013216626811466037], [0.8682789042940786, 0.051048127254447906, 0.0254674067148416, 0.016245180037123844, 0.025751309099346767, 0.01320907260016127], [0.8183587815661042, 0.0725419127553909, 0.03589028297215833, 0.016849535643582325, 0.0432159451040266, 0.013143541958737596], [0.07689111022236744, 0.38974592347366305, 0.15357139534252415, 0.020857291253464416, 0.3453043607019709, 0.013629919006010072], [0.48043773745631574, 0.096851957050529, 0.08093386519488603, 0.03749758820867595, 0.2909468310144903, 0.013332021075102802], [0.5200460865782481, 0.11674853007756174, 0.09877251636248627, 0.2025560349995314, 0.04871887807047958, 0.013157953911692786], [0.08603151695368619, 0.11865171109049906, 0.11232535200580324, 0.0207571421141177, 0.6486528283914978, 0.0135814494443958], [0.8174593138179908, 0.07311579634590397, 0.03599220830238519, 0.01948175790921975, 0.040846052412224935, 0.013104871212275401], [0.05401060135073417, 0.05227334477879274, 0.024278260216947213, 0.016955118219029723, 0.838791154140294, 0.013691521294202137], [0.8747278387906452, 0.0515584912844662, 0.019538017414821557, 0.015286257630118025, 0.025829719511334163, 0.013059675368614906], [0.05442557860650273, 0.05266104332741853, 0.02420810035835229, 0.016958959869468916, 0.8381317331401283, 0.01361458469812931], [0.6151944587141464, 0.25771346776070103, 0.06105101520123059, 0.02491634993496938, 0.02795290204368174, 0.01317180634527072], [0.5377330600987342, 0.09565091176212133, 0.2893322039235174, 0.02412793893240549, 0.03996162306419363, 0.013194262219027924], [0.6428632033540993, 0.11663839399752149, 0.15250300704841716, 0.023261097029873348, 0.050905905104592794, 0.013828393465496039], [0.7164566896991633, 0.08356832451567073, 0.10848115708592682, 0.037530761280580534, 0.0407982316283839, 0.013164835790274705], [0.08821159566322688, 0.07143726836937932, 0.0648504296912033, 0.020491166128647008, 0.7413502762202983, 0.013659263927245282], [0.09599504030937905, 0.08629994203665561, 0.11276213606720197, 0.025357184303878642, 0.6659264333556394, 0.013659263927245282], [0.7374765544299645, 0.07093801268154104, 0.10659055361625434, 0.03753076128058053, 0.034299282201384805, 0.013164835790274703], [0.7971478370885822, 0.07298391957622935, 0.0656859885818096, 0.01709351670232677, 0.03388711965744407, 0.0132016183936079], [0.791440765007461, 0.0752476105793768, 0.06912936965978342, 0.01709351670232677, 0.03388711965744407, 0.0132016183936079], [0.540287344025393, 0.09939669655378995, 0.27537137502397907, 0.021078997505538627, 0.05067132467227134, 0.013194262219027923], [0.7069645581070387, 0.08214352013683213, 0.11669743628019247, 0.0210625377617454, 0.05994494555899797, 0.013187002155193278], [0.7107197486437573, 0.090461072831839, 0.10690455474354944, 0.023010703600660255, 0.05573908438991933, 0.013164835790274705], [0.05862171819196807, 0.21664872096683763, 0.0658283423928051, 0.02055333759379837, 0.6251560389876033, 0.013191841866987436], [0.8735497664808352, 0.04886097118355332, 0.0256247174906132, 0.015290811843234258, 0.02395101693910088, 0.012722716062663298], [0.8723274736053405, 0.049829918773153736, 0.026245047074691635, 0.015347821480550333, 0.02350115201140612, 0.012748587054857517], [0.6783647882909039, 0.20309670967781515, 0.05926122643575312, 0.016075633246954622, 0.030459439859660327, 0.012742202488912889], [0.6133556547454326, 0.06806984442938198, 0.22585218947641073, 0.03360006003472278, 0.046411553312560146, 0.012710698001491664], [0.07396910622109566, 0.4108627092510541, 0.09209229059371782, 0.019157091688698964, 0.3907768491451851, 0.013141953100248346], [0.6972435855865994, 0.11928272134833934, 0.09817321250058961, 0.02311297121377401, 0.049022673560422905, 0.013164835790274705], [0.8064372272418039, 0.06779076053501246, 0.06159515057558927, 0.017122195871622767, 0.03385304738236352, 0.0132016183936079], [0.8683101315063202, 0.05106257562274751, 0.025416770163310783, 0.01627244989267867, 0.02572900021478155, 0.013209072600161272], [0.8850687104093165, 0.04251621355981373, 0.01917957913069459, 0.01539605488697634, 0.02465342158336272, 0.013186020429836173], [0.8864106448728036, 0.04175815879559807, 0.018820492579972443, 0.015153076577550311, 0.0246643596279321, 0.013193267546143536], [0.04969319623959233, 0.04187908772721053, 0.018884931402775036, 0.016410586491488712, 0.8595507486945375, 0.0135814494443958], [0.8940812363633742, 0.03838202835408922, 0.015912608717798232, 0.014211208662241261, 0.02423849460011525, 0.013174423302381846], [0.047604051828434225, 0.038349925677712, 0.015507295233867898, 0.01599101597650184, 0.8689662618390881, 0.0135814494443958], [0.927901338048151, 0.016782033133780055, 0.011927003872921319, 0.012083736332588744, 0.01875913487714069, 0.01254675373541822]], [[0.9279384765090727, 0.01677812863435243, 0.01191585846482724, 0.012072824679095215, 0.018758179075316884, 0.012536532637335323], [0.049251106422113854, 0.04170987212399533, 0.018976747926923963, 0.016398951768579476, 0.8600214112747777, 0.013641910483609522], [0.8645146139056984, 0.06491668206142659, 0.013024941144603806, 0.01715499133836889, 0.02718026523203431, 0.013208506317867892], [0.8094285838388163, 0.11043432158398095, 0.013025884088679206, 0.01972800518862652, 0.03417311411513656, 0.013210091184760433], [0.10397167520842636, 0.3872197155269723, 0.01341160389435036, 0.028180869676869932, 0.45358403270516273, 0.013632102988218243], [0.547161491265079, 0.35633971653987173, 0.01300195883818783, 0.02081837316560587, 0.049508581717289855, 0.013169878473965774], [0.10374819399798504, 0.39125114700727104, 0.01342742827062048, 0.028157666170740045, 0.4497682198592073, 0.013647344694176142], [0.2702389272553744, 0.5083397502068744, 0.015899147988524345, 0.052073846275583986, 0.1393730984569523, 0.01407522981669045], [0.5427864358226788, 0.35894198676738787, 0.013027777965476934, 0.02631317149012479, 0.045717353608752134, 0.013213274345579385], [0.7149960864347283, 0.19088251112912433, 0.013008776316109359, 0.023330374435651786, 0.044600914635802597, 0.013181337048583673], [0.065823436172309, 0.11944819821838, 0.013498715960042392, 0.020490697919810494, 0.7670229442341681, 0.01371600749529004], [0.05392998882553416, 0.06648338684453893, 0.013471072695849223, 0.017847729392084375, 0.8345784401565998, 0.013689382085393517], [0.6254526835300273, 0.28939928970027107, 0.013007880835002098, 0.02587928809558695, 0.03308102588335116, 0.013179831955761286], [0.6049518693404998, 0.16411743373503027, 0.014264950511437328, 0.16393596942907385, 0.03995149021218096, 0.012778286771777852], [0.5964964884876661, 0.30586389637827965, 0.01606481516606848, 0.026045196412151146, 0.042777417684588974, 0.012752185871245608], [0.2599453686795104, 0.5189816200556054, 0.0183468042662253, 0.04675138901942858, 0.14189958816253984, 0.01407522981669045], [0.4585473385122389, 0.30947662216465033, 0.012609695498599804, 0.022926557313439743, 0.18366005589645387, 0.012779730614617277], [0.5930830944232481, 0.31295573612587274, 0.012577801357448792, 0.02286086284540914, 0.045796381172428825, 0.01272612407559224], [0.3907449347514112, 0.4198471415104208, 0.015052650349864923, 0.05519233259986266, 0.10567248565845606, 0.013490455129984232], [0.7459486296487288, 0.1618558417969439, 0.012609695498599804, 0.022926557313439747, 0.043879545127670554, 0.012779730614617277], [0.7460667151199442, 0.16173849823226474, 0.012608836459233375, 0.02099968101931128, 0.04580798239746851, 0.012778286771777852], [0.6258307984623042, 0.28919273998919565, 0.014121584459498111, 0.02093747689039796, 0.03716657944622517, 0.012750820752378877], [0.7428444159901326, 0.16249593431093523, 0.015396637815163754, 0.0230450806387318, 0.04346574537379075, 0.012752185871245608], [0.5556602214764731, 0.2736811036788098, 0.016426643542720738, 0.03410059865196975, 0.1066409775200422, 0.013490455129984232], [0.6139019674264117, 0.1563954352750246, 0.012593307275277757, 0.02241939633827622, 0.18193770781376406, 0.012752185871245608], [0.07276616006701181, 0.14017984346595175, 0.012628850387304422, 0.02688766221082331, 0.7347461798826086, 0.012791303986300224], [0.8413510922143722, 0.08813442298222392, 0.01225297488087441, 0.01808442485048395, 0.027795314677964297, 0.012381770394081098], [0.8390852523081265, 0.089325865145641, 0.012280709701678775, 0.017572303701465623, 0.029307483047811084, 0.012428386095277192], [0.7465705924685863, 0.1623589831794258, 0.013757435278412389, 0.022821785597994727, 0.04174038272320188, 0.01275082075237888], [0.599923977003716, 0.30319926201245556, 0.015189957949622562, 0.024461435552010784, 0.044473181610949396, 0.012752185871245608], [0.2400420503240971, 0.4324109186924505, 0.016617984816985103, 0.035179820401206485, 0.2622587706352765, 0.013490455129984232], [0.7113159306578616, 0.19097501601941466, 0.013046911795833576, 0.02726555953778128, 0.04415114818142468, 0.013245433807684205], [0.7202607697481647, 0.18672701083236629, 0.013026829691882215, 0.023214945042075663, 0.04355876416449087, 0.013211680521020164], [0.8066378501791979, 0.11223753040536227, 0.013007880835002098, 0.02191079712893764, 0.03302610949573861, 0.013179831955761287], [0.0544808559483754, 0.06964165801417292, 0.013375117094011292, 0.01780334883995017, 0.831102060432937, 0.01359695967055316], [0.8824992033128091, 0.05036417087909045, 0.013024000848455182, 0.015701929903038092, 0.02520376915509062, 0.013206925901516573], [0.8835668690611949, 0.0495591841328351, 0.013023063189095314, 0.015444143172144771, 0.025201390527743686, 0.01320534991698609], [0.8862361960556742, 0.04764659194475638, 0.013040937359557352, 0.015185616774370737, 0.024655265678136758, 0.013235392187504575], [0.8952207948646511, 0.03774265543358961, 0.01579650393356366, 0.014249473121768216, 0.023782521394610512, 0.01320805125181687], [0.9279384765090727, 0.01677812863435243, 0.01191585846482724, 0.012072824679095215, 0.018758179075316884, 0.012536532637335323]], [[0.9279384765090727, 0.01677812863435243, 0.01191585846482724, 0.012072824679095215, 0.018758179075316884, 0.012536532637335323], [0.05419871553689552, 0.061804334605497904, 0.02483007601174617, 0.01708299578795145, 0.8283678705626188, 0.01371600749529004], [0.8080115883978675, 0.11193352097618493, 0.013007880835002098, 0.020808727201725774, 0.03305845063345834, 0.013179831955761286], [0.7349566802817948, 0.17152219481512682, 0.01304590883699027, 0.023634398625455886, 0.043597069370529574, 0.01324374807010251], [0.714024348290845, 0.18992533030698733, 0.013009674257989358, 0.0235839759513995, 0.04627382491539335, 0.01318284627738543], [0.2884599456861706, 0.5071479276048761, 0.015899147988524345, 0.03819194331995569, 0.13622580558378267, 0.01407522981669045], [0.5266894393914948, 0.20808759824927184, 0.013009674257989358, 0.02285270762744131, 0.21617773419641734, 0.01318284627738543], [0.10374819399798506, 0.38357927082758064, 0.01342742827062048, 0.028157666170740045, 0.45744009603889774, 0.013647344694176142], [0.5502384560728132, 0.35912095696792184, 0.013001081930114445, 0.02056779751002599, 0.04390330292108571, 0.013168404598038695], [0.07731803000593086, 0.12230283784434832, 0.01342742827062048, 0.022498087388794115, 0.7508062717961301, 0.013647344694176142], [0.8578074297035888, 0.07120615831096853, 0.013006987804565948, 0.017113978843137197, 0.02768711435579966, 0.013178330981939814], [0.8778467432134908, 0.0549339556751717, 0.013024000848455182, 0.015720719833024588, 0.025267654528341142, 0.013206925901516573], [0.8492213080977397, 0.07771902861809872, 0.013024941144603806, 0.01962337533976262, 0.02720284048192713, 0.013208506317867892], [0.6798550117100767, 0.24265897262766412, 0.012591685160137867, 0.021421139635815344, 0.030723731388542383, 0.01274945947776356], [0.08316031359457406, 0.47497700710557783, 0.013006077005380628, 0.022918073001109693, 0.3927466874263703, 0.013191841866987436], [0.09541725369790927, 0.3947896118925587, 0.013509701224450355, 0.02508230712266567, 0.45747453779180075, 0.013726588270615264], [0.5954735859210323, 0.31076470764428743, 0.012577032265647239, 0.022643651853285943, 0.04581619090232371, 0.012724831413423388], [0.08247328809622749, 0.1801479252386378, 0.013006077005380628, 0.026129758810540575, 0.685051108982226, 0.013191841866987436], [0.08269454208549745, 0.1681933304566497, 0.013006077005380628, 0.02308693848713024, 0.6998272700983545, 0.013191841866987436], [0.7452165525834504, 0.1615048430329398, 0.012593307275277755, 0.023199372821816007, 0.044733738415270306, 0.012752185871245608], [0.7696168567326518, 0.1361222775610595, 0.012577032265647237, 0.025383050169750718, 0.04357595185746728, 0.012724831413423388], [0.07972197358635624, 0.172948422695296, 0.013006077005380628, 0.034139654898209526, 0.6869920299477701, 0.013191841866987436], [0.07708754983155561, 0.30365264184086194, 0.013006077005380628, 0.02824115683072858, 0.5648207326244856, 0.013191841866987436], [0.47250398252827663, 0.29741844867947365, 0.012593307275277757, 0.023045080638731803, 0.18168699500699448, 0.012752185871245608], [0.7451895216567955, 0.160152921426832, 0.012592495074105748, 0.022821785597994727, 0.046492455491893146, 0.01275082075237888], [0.8429769106552776, 0.08769511650517385, 0.012247227291722531, 0.01660836364257212, 0.028100271854767538, 0.012372110050486605], [0.05971365178177683, 0.09303698272805999, 0.012628850387304422, 0.01932921088124822, 0.8025000002353103, 0.012791303986300224], [0.774560808603854, 0.14227558171927718, 0.012253645617699314, 0.02092209479245752, 0.037604971522011824, 0.012382897744700432], [0.07686629584228566, 0.17853480904566132, 0.013006077005380628, 0.03128397715413892, 0.687116999085546, 0.013191841866987436], [0.07708754983155561, 0.44989914447417334, 0.013006077005380628, 0.02824115683072858, 0.4185742299911744, 0.013191841866987436], [0.45536516579427744, 0.31473191281073776, 0.012593307275277757, 0.16241358575099107, 0.04214384249747031, 0.012752185871245608], [0.5302978599991592, 0.3694067247087576, 0.013008776316109359, 0.028616919353095467, 0.04548838257429465, 0.013181337048583673], [0.06555832892359433, 0.12618645977935264, 0.013509701224450355, 0.020443927856338827, 0.7605749939456485, 0.013726588270615264], [0.05375012714699341, 0.06860287426026478, 0.013471072695849224, 0.017802696264527382, 0.8326838475469717, 0.013689382085393517], [0.8814806581696347, 0.0509920666076723, 0.013006097214754495, 0.0156569278493552, 0.0256874160483498, 0.013176834110233602], [0.8851430176288764, 0.048471081128704754, 0.013041925921106243, 0.015449984080177946, 0.024656937514509293, 0.013237053726625453], [0.8862361960556742, 0.04764659194475638, 0.013040937359557352, 0.015185616774370737, 0.024655265678136758, 0.013235392187504575], [0.8924194938470194, 0.04271691202305515, 0.01302119573650123, 0.01446668581048639, 0.024173501413908387, 0.013202211169029589], [0.8964817471200711, 0.03707047317252709, 0.015673953434561225, 0.014289646779076848, 0.02324426948179198, 0.013239910011971761], [0.9279384765090727, 0.01677812863435243, 0.01191585846482724, 0.012072824679095215, 0.018758179075316884, 0.012536532637335323]], [[0.927901338048151, 0.016782033133780055, 0.011927003872921319, 0.012083736332588744, 0.01875913487714069, 0.01254675373541822], [0.048670124117945975, 0.04146297522000184, 0.019272811555112696, 0.016434107322427872, 0.8604333935138964, 0.013726588270615264], [0.05401357918429424, 0.06314378473881267, 0.013455479048985029, 0.01781127618192985, 0.837901518232838, 0.013674362613140185], [0.806194102189453, 0.11375100718459932, 0.013007880835002096, 0.020808727201725774, 0.03305845063345833, 0.013179831955761286], [0.10545594641103849, 0.1966903184029923, 0.013377410540111783, 0.029260135713468916, 0.6416170202628518, 0.01359916866953658], [0.547321465897098, 0.3553537026621129, 0.013027777965476934, 0.022517421447167, 0.04856635768256571, 0.013213274345579385], [0.5396881319777291, 0.35851666901203755, 0.01304590883699027, 0.022661190722154438, 0.05284435138098625, 0.01324374807010251], [0.5407495633094471, 0.36086752047782533, 0.013008776316109357, 0.022599106111693593, 0.049593696736340835, 0.013181337048583673], [0.07749347273218889, 0.12495653822403585, 0.013409336421383434, 0.022507471977628025, 0.7480032616387537, 0.013629919006010072], [0.8589099018761813, 0.07013723749332532, 0.013006987804565948, 0.017103002738080676, 0.02766453910590684, 0.013178330981939814], [0.884256815704865, 0.049005142644840946, 0.013042917337206073, 0.015733904697819493, 0.024722499551694272, 0.013238720063574114], [0.8837770022045691, 0.04926637568622409, 0.013023063189095314, 0.015462933102131265, 0.025265275900994213, 0.01320534991698609], [0.050810096392743545, 0.05502766828521788, 0.013377410540111783, 0.01680792125152804, 0.8503777348608622, 0.013599168669536582], [0.8679198785309554, 0.06447282800926485, 0.012575500396385247, 0.017160432675266648, 0.025149103686121773, 0.012722256702005849], [0.05566245603086922, 0.3863588610805777, 0.013006077005380628, 0.01899410186830871, 0.5127866621478763, 0.013191841866987436], [0.09541725369790927, 0.38738678629655104, 0.013509701224450355, 0.02508230712266567, 0.4648773633878084, 0.013726588270615264], [0.8333203034911169, 0.08694858591358864, 0.012576265281510087, 0.02153448653394489, 0.032896816486097324, 0.012723542293741969], [0.6065901237501861, 0.30227159905928835, 0.012592495074105748, 0.02297607778107893, 0.04281888358296193, 0.012750820752378877], [0.6047622028609759, 0.3019143493310316, 0.012593307275277757, 0.023199372821816007, 0.044778581839653046, 0.012752185871245608], [0.3935271573748903, 0.2778371575602317, 0.015052650349864923, 0.05519233259986266, 0.24490024698516616, 0.013490455129984232], [0.21994220353094251, 0.17467511156380383, 0.013006077005380628, 0.17886477182665908, 0.40031999420622644, 0.013191841866987436], [0.7655676985441381, 0.14066898711500259, 0.012577801357448792, 0.025600261161873927, 0.0428591277459445, 0.012726124075592241], [0.5914298836669708, 0.23761317376119548, 0.015052650349864923, 0.029406947314291762, 0.11300688977769283, 0.013490455129984232], [0.7471314688308758, 0.16076016506000174, 0.012593307275277757, 0.023045080638731803, 0.04371779232386727, 0.012752185871245608], [0.08076838670015364, 0.17332629355154427, 0.013006077005380628, 0.02826919990915195, 0.6914382009667821, 0.013191841866987436], [0.051224102773925875, 0.08778907260615942, 0.012628850387304422, 0.017979722724440046, 0.81758694752187, 0.012791303986300224], [0.7845851611939956, 0.1373224495664103, 0.012247882338061181, 0.019400595934655176, 0.03407069993778353, 0.012373211029094236], [0.7749140571499655, 0.1405687509017409, 0.012282210006583654, 0.021169499009703, 0.03863457517756167, 0.012430907754445001], [0.7474906490311061, 0.16041701446990111, 0.012593307275277757, 0.02362662904756902, 0.043120214304900414, 0.012752185871245608], [0.4491139244719421, 0.24083896911526761, 0.015052650349864923, 0.03069234970517512, 0.25081165122776594, 0.013490455129984232], [0.46298213881065287, 0.44570220403795924, 0.012593307275277757, 0.024880674368075232, 0.04108948963678918, 0.012752185871245608], [0.08835728345376523, 0.3578954673001271, 0.013471072695849224, 0.02445868748436167, 0.5021281069805031, 0.013689382085393517], [0.06313384260000739, 0.11304211828506751, 0.013509701224450355, 0.020456192315014995, 0.7761315573048445, 0.013726588270615264], [0.8621496972463101, 0.06582771333370435, 0.013006987804565946, 0.01820507266529254, 0.02763219796818711, 0.013178330981939814], [0.884046682561491, 0.04929795109145195, 0.013042917337206073, 0.015715114767832997, 0.024658614178443745, 0.013238720063574112], [0.8851430176288764, 0.048471081128704754, 0.013041925921106243, 0.015449984080177946, 0.024656937514509293, 0.013237053726625453], [0.8846315450415689, 0.0487564515786128, 0.013022128155448561, 0.015187078317478238, 0.02519901856123042, 0.013203778345660904], [0.048497807462745644, 0.04432371947333935, 0.013340504591678917, 0.016246428735090638, 0.8640279180998904, 0.013563621637254922], [0.8952207948646511, 0.03774265543358961, 0.01579650393356366, 0.014249473121768216, 0.023782521394610512, 0.01320805125181687], [0.9279384765090727, 0.01677812863435243, 0.01191585846482724, 0.012072824679095215, 0.018758179075316884, 0.012536532637335323]], [[0.927901338048151, 0.016782033133780055, 0.011927003872921319, 0.012083736332588744, 0.01875913487714069, 0.01254675373541822], [0.8849037984368174, 0.042617330876165725, 0.019116707154792432, 0.015107042033803322, 0.025091228426603947, 0.013163893071817067], [0.8829947607810396, 0.04998644391104329, 0.013024000848455182, 0.015660392741843446, 0.02512747581610182, 0.013206925901516571], [0.870353919494916, 0.06017265812878396, 0.013024941144603806, 0.016397517340879072, 0.026842457572949188, 0.013208506317867892], [0.8139633723983776, 0.10699481468099471, 0.013025884088679206, 0.018970531191136702, 0.03383530645605143, 0.013210091184760433], [0.7356393402319549, 0.1719593177864079, 0.013026829691882215, 0.02251124694393837, 0.04365158482479648, 0.013211680521020164], [0.7994218333484487, 0.11902616883252899, 0.013025884088679206, 0.019728005188626517, 0.035588017356955944, 0.013210091184760433], [0.8093225827095573, 0.11123628121190995, 0.01304490878265826, 0.021098217145094342, 0.03205594293645995, 0.013242067214320183], [0.8612533229205133, 0.06817797304661158, 0.013024941144603806, 0.01715499133836889, 0.02718026523203431, 0.013208506317867892], [0.8845422400297216, 0.04892022412340481, 0.013042917337206073, 0.015673577606638355, 0.024582320839454955, 0.013238720063574114], [0.8872327414847637, 0.04133844211696598, 0.0188120645007299, 0.015220312770145975, 0.024172156073803693, 0.013224283053590778], [0.8858466155744936, 0.04212161269922563, 0.019180896787568687, 0.01546979574449625, 0.02416445238274989, 0.013216626811466037], [0.8860635049913743, 0.04195850376293928, 0.018914317099044613, 0.015166587798414238, 0.024703818802084054, 0.013193267546143536], [0.8929073076004368, 0.039203283803212106, 0.017942717539309157, 0.01463332097119227, 0.022584527332488655, 0.012728842753360958], [0.04751320162812017, 0.059436683643076, 0.02220373585750656, 0.01596995793549102, 0.8416845790688188, 0.013191841866987436], [0.8407753278447172, 0.06520023750541706, 0.030745757595589236, 0.017559251977330017, 0.03203904440421942, 0.01368038067272691], [0.09258703789124537, 0.16895264613253053, 0.01300607700538063, 0.024156737232936216, 0.6881056598709198, 0.013191841866987436], [0.8192564389167619, 0.10541348340511719, 0.012591685160137867, 0.01896717146717518, 0.031021761573044343, 0.01274945947776356], [0.7653605676429287, 0.13931600061766222, 0.012577032265647237, 0.025537342352834926, 0.044484225707503613, 0.012724831413423388], [0.0851517531676047, 0.3157741251291698, 0.013006077005380628, 0.03004903655310081, 0.5428271662777565, 0.013191841866987436], [0.0875699219646549, 0.339211720096608, 0.01300607700538063, 0.1965312120702242, 0.3504892269961448, 0.013191841866987436], [0.6180776172444508, 0.29847501059244136, 0.012592495074105748, 0.02093747689039796, 0.03716657944622517, 0.012750820752378877], [0.7453791886144135, 0.16425488350034692, 0.012609695498599804, 0.02277226513035554, 0.042204236641666865, 0.012779730614617277], [0.7500327656550155, 0.16002319167687964, 0.012592495074105748, 0.022821785597994727, 0.04177894124362545, 0.01275082075237888], [0.057139551194929264, 0.09869551101796667, 0.013006077005380628, 0.01912477222252615, 0.7988422466922097, 0.013191841866987436], [0.7822750645276896, 0.13797741253767934, 0.012247882338061181, 0.019991516913397653, 0.03513491265407783, 0.012373211029094236], [0.0727661600670118, 0.2641811897325597, 0.01262885038730442, 0.026887662210823303, 0.6107448336160004, 0.012791303986300222], [0.48248100469699895, 0.360906390217333, 0.014418603317673284, 0.0375520343436731, 0.09158952255883629, 0.013052444865485374], [0.7460329613537527, 0.1605618192195181, 0.012609695498599804, 0.024738865539554754, 0.04327692777395734, 0.012779730614617277], [0.7457685502703522, 0.16047898092996565, 0.012609695498599804, 0.023967514864864727, 0.04439552782160038, 0.012779730614617277], [0.7606131908763256, 0.1581525290418717, 0.012592495074105748, 0.020824657295553408, 0.0350663069597645, 0.012750820752378877], [0.7934363471098234, 0.12418634595172096, 0.013007880835002098, 0.02117952880497945, 0.035010065342712754, 0.013179831955761287], [0.05364745536773843, 0.07340779748309977, 0.013488794129973343, 0.017807470570480596, 0.827942031451184, 0.013706450997523855], [0.8814806581696347, 0.0509920666076723, 0.013006097214754495, 0.0156569278493552, 0.0256874160483498, 0.013176834110233602], [0.8854611090158195, 0.048158702973162375, 0.013041925921106241, 0.015435366096136561, 0.0246658422671496, 0.013237053726625453], [0.8862361960556742, 0.04764659194475638, 0.013040937359557352, 0.015185616774370737, 0.024655265678136758, 0.013235392187504575], [0.894052481507844, 0.04158542153400606, 0.013039951640248609, 0.014457963057578287, 0.02363044683480317, 0.013233735425519932], [0.8924194938470194, 0.04271691202305515, 0.01302119573650123, 0.01446668581048639, 0.024173501413908387, 0.013202211169029589], [0.8952207948646511, 0.03774265543358961, 0.01579650393356366, 0.014249473121768216, 0.023782521394610512, 0.01320805125181687], [0.927901338048151, 0.016782033133780055, 0.011927003872921319, 0.012083736332588744, 0.01875913487714069, 0.01254675373541822]], [[0.931072383289966, 0.015808845981292483, 0.011650488648809522, 0.01178473080017008, 0.017502243711734658, 0.012181307568027213], [0.0432071218149498, 0.03683772593734826, 0.017579229372683775, 0.015548209909418458, 0.8736378513723388, 0.013189861593260797], [0.8927435379678218, 0.04399697396786267, 0.01257397688880025, 0.01459404428169889, 0.023371770849218515, 0.012719696044597849], [0.04396249040959528, 0.042618788634004735, 0.01300607700538063, 0.015750390593688487, 0.8714704114903434, 0.013191841866987436], [0.8802341499646146, 0.05374159864264178, 0.012568945926333843, 0.015419380572961456, 0.025324684711778796, 0.012711240181669546], [0.05736796420631885, 0.09947528868252643, 0.013006077005380628, 0.018504979012765974, 0.7984538492260206, 0.013191841866987436], [0.06158742666680407, 0.09296159689414699, 0.01300607700538063, 0.019743643244592497, 0.7995094143220883, 0.013191841866987436], [0.8760146362274264, 0.05780311280564045, 0.012590877523726347, 0.0161282865863708, 0.02471498482565184, 0.012748102031184042], [0.8939350946172934, 0.04333537053426828, 0.012606274224405457, 0.014859448166910275, 0.022489832198589285, 0.012773980258533185], [0.8962572431606087, 0.036912878256853014, 0.017353208413795125, 0.014482508890752893, 0.02223254639216601, 0.012761614885824245], [0.931072383289966, 0.015808845981292483, 0.011650488648809522, 0.01178473080017008, 0.017502243711734658, 0.012181307568027213], [0.931072383289966, 0.015808845981292483, 0.011650488648809522, 0.01178473080017008, 0.017502243711734658, 0.012181307568027213], [0.931072383289966, 0.015808845981292483, 0.011650488648809522, 0.01178473080017008, 0.017502243711734658, 0.012181307568027213], [0.9334475722245771, 0.015079905464956283, 0.011443372114519425, 0.011560768485592126, 0.01656080208588954, 0.011907579624465515], [0.9334475722245771, 0.015079905464956283, 0.011443372114519425, 0.011560768485592126, 0.01656080208588954, 0.011907579624465515], [0.924912508029304, 0.017699298815440925, 0.012187629925049306, 0.012365560350521287, 0.01994380231614535, 0.012891200563539026], [0.2272387738253509, 0.07467930361489232, 0.09707850452499604, 0.023093668920486556, 0.5647179072472867, 0.013191841866987436], [0.746061759479337, 0.16196406333174895, 0.012577032265647237, 0.022643651853285943, 0.0440286616565575, 0.012724831413423388], [0.07924415686967184, 0.1726630510880185, 0.013006077005380628, 0.021278029077648142, 0.7006168440922934, 0.013191841866987436], [0.7398446432962664, 0.16870334347517776, 0.012577801357448792, 0.022860862845409148, 0.043287224950105674, 0.012726124075592241], [0.2530042826491463, 0.5719834386808009, 0.015052650349864923, 0.03233570163242526, 0.11413347155777821, 0.013490455129984232], [0.4628688264486254, 0.446765245666135, 0.012609695498599804, 0.02277226513035554, 0.042204236641666865, 0.012779730614617277], [0.6065197823392157, 0.3041960349554, 0.012592495074105748, 0.022821785597994727, 0.041119081280905, 0.012750820752378877], [0.8213229865987685, 0.10255528737738241, 0.012607979907595691, 0.018658890648423382, 0.0320780083576054, 0.012776847110224494], [0.8741879466069896, 0.05965175980277815, 0.012590877523726347, 0.01611505516098815, 0.02470625887433381, 0.012748102031184042], [0.8441258563135586, 0.08582969926339813, 0.012266459749635346, 0.017274938144632136, 0.02809861124649287, 0.012404435282282912], [0.06907618954942071, 0.2725045336625334, 0.012628850387304422, 0.025804435487173566, 0.6071946869272677, 0.012791303986300224], [0.07276616006701182, 0.3888224138364452, 0.012628850387304422, 0.02688766221082331, 0.4861036095121152, 0.012791303986300224], [0.6070638359471946, 0.16499992961763824, 0.012592495074105748, 0.16147383732777756, 0.041119081280905, 0.01275082075237888], [0.7442646124495947, 0.16331353259364828, 0.012577032265647239, 0.024863258448463044, 0.04225673282922328, 0.012724831413423388], [0.06500965772897459, 0.10673399129638828, 0.013006077005380628, 0.019743568837433122, 0.7823148632648359, 0.013191841866987436], [0.7366761005557033, 0.17497769950701642, 0.013026829691882215, 0.021294092864787215, 0.04081359685959068, 0.013211680521020164], [0.7984554661000103, 0.12747083481056218, 0.012965961372612193, 0.01881732766703177, 0.029151369902444275, 0.01313904014733926], [0.05431423022779208, 0.06773696311395071, 0.01341160389435036, 0.017808672020496085, 0.8330964277551924, 0.013632102988218243], [0.036379091197663686, 0.017086236956325457, 0.011892844445506435, 0.012060500115226351, 0.01920112954201509, 0.903380197743263], [0.8854611090158195, 0.048158702973162375, 0.013041925921106241, 0.015435366096136561, 0.0246658422671496, 0.013237053726625453], [0.8862361960556742, 0.04764659194475638, 0.013040937359557352, 0.015185616774370737, 0.024655265678136758, 0.013235392187504575], [0.8924194938470194, 0.04271691202305515, 0.01302119573650123, 0.01446668581048639, 0.024173501413908387, 0.013202211169029589], [0.047074774941832674, 0.038699140342271024, 0.016496776145064014, 0.01604793467065905, 0.8679973468578354, 0.01368402704233781], [0.927901338048151, 0.016782033133780055, 0.011927003872921319, 0.012083736332588744, 0.01875913487714069, 0.01254675373541822]], [[0.931072383289966, 0.015808845981292483, 0.011650488648809522, 0.01178473080017008, 0.017502243711734658, 0.012181307568027213], [0.8966383091310525, 0.03658779955313354, 0.017219582521717028, 0.01420722485604292, 0.02260574470200402, 0.012741339236049927], [0.8936392340762385, 0.043441400114465394, 0.012589269045251917, 0.014626637689135372, 0.022958060517184093, 0.012745398557724693], [0.04404403223362508, 0.04319246493009304, 0.01300607700538063, 0.015745311659760394, 0.8708202723041534, 0.013191841866987436], [0.0467898862297532, 0.052900394483458534, 0.013006077005380628, 0.016317416010543876, 0.8577943844038763, 0.013191841866987436], [0.05736796420631885, 0.09947528868252643, 0.013006077005380628, 0.018504979012765974, 0.7984538492260206, 0.013191841866987436], [0.7726845322358113, 0.14250948503528213, 0.012577032265647237, 0.021635540263469404, 0.03786857878636646, 0.012724831413423388], [0.8401696417193102, 0.0869869383261685, 0.012607979907595691, 0.018856899264816887, 0.028601693671884178, 0.012776847110224494], [0.8801184434557027, 0.04516163954427774, 0.02296483477024281, 0.015370016927072232, 0.02363647824784692, 0.012748587054857517], [0.9299333989172864, 0.016158397903087637, 0.01174980811449177, 0.011892128393959894, 0.017953697187288675, 0.01231256948388551], [0.87409982560673, 0.05083215443138694, 0.023067989540331006, 0.015280959057702579, 0.023996355301186014, 0.012722716062663298], [0.8538397419165753, 0.05581190131602129, 0.03625477829231592, 0.016053046479970978, 0.025298329506203455, 0.012742202488912889], [0.931072383289966, 0.015808845981292483, 0.011650488648809522, 0.01178473080017008, 0.017502243711734658, 0.012181307568027213], [0.8694961955849808, 0.046323934336070086, 0.033259617384244516, 0.01512411219307458, 0.02342038148227773, 0.012375759019352246], [0.07373952440079384, 0.06656282658569501, 0.08615119637211033, 0.021450570478149987, 0.7393045781769505, 0.012791303986300224], [0.09889252387067433, 0.08551537458536944, 0.11166723387579583, 0.0252873215691161, 0.6649109578284289, 0.013726588270615264], [0.38351443080372866, 0.29762437776228295, 0.015052650349864923, 0.042088311729703565, 0.24822977422443557, 0.01349045512998423], [0.7481182962028211, 0.15788159767322438, 0.012609695498599804, 0.022926557313439747, 0.04568412269729772, 0.012779730614617277], [0.7697833517213681, 0.13498984141481923, 0.012577032265647239, 0.025537342352834926, 0.04438760083190712, 0.012724831413423388], [0.7446621994635763, 0.16204430869057376, 0.012608836459233375, 0.021153973202395482, 0.04675239541244331, 0.012778286771777852], [0.751656630534392, 0.16033959069936873, 0.012609695498599804, 0.023605822664879678, 0.039008529988142485, 0.012779730614617277], [0.6058286339490836, 0.305886931862641, 0.012577032265647239, 0.02311569472063276, 0.039866875788572, 0.012724831413423388], [0.06502898824906006, 0.2516487459765645, 0.013006077005380628, 0.01975419807963831, 0.637370148822369, 0.013191841866987436], [0.8730214890090074, 0.060818217400760176, 0.012590877523726347, 0.01611505516098815, 0.02470625887433381, 0.012748102031184042], [0.8760642793875772, 0.05818178114460692, 0.012607125832895898, 0.016132673979246843, 0.024238728043852704, 0.012775411611820319], [0.8907851789789001, 0.0488880914128322, 0.012013129810308679, 0.014751440283661755, 0.021426865170939252, 0.012135294343358067], [0.8504984697164667, 0.08286164478106511, 0.01200177599673331, 0.017183039522754073, 0.02533885872599994, 0.012116211256980876], [0.5833990267469932, 0.33840773491503706, 0.012014386658175329, 0.02009327434635038, 0.033948170524856276, 0.01213740680858775], [0.5992647860593526, 0.32934310173327014, 0.012266459749635346, 0.018622605928966245, 0.02809861124649