{"round_id": "93c39605-628f-4706-abd9-08582f8b61d7", "seed_index": 0, "prediction": [[[0.9279384765090727, 0.01677812863435243, 0.01191585846482724, 0.012072824679095215, 0.018758179075316884, 0.012536532637335323], [0.927901338048151, 0.016782033133780055, 0.011927003872921319, 0.012083736332588744, 0.01875913487714069, 0.01254675373541822], [0.9279384765090727, 0.01677812863435243, 0.01191585846482724, 0.012072824679095215, 0.018758179075316884, 0.012536532637335323], [0.9279384765090727, 0.01677812863435243, 0.01191585846482724, 0.012072824679095215, 0.018758179075316884, 0.012536532637335323], [0.9279384765090727, 0.01677812863435243, 0.01191585846482724, 0.012072824679095215, 0.018758179075316884, 0.012536532637335323], [0.9279384765090727, 0.01677812863435243, 0.01191585846482724, 0.012072824679095215, 0.018758179075316884, 0.012536532637335323], [0.9279384765090727, 0.01677812863435243, 0.01191585846482724, 0.012072824679095215, 0.018758179075316884, 0.012536532637335323], [0.9279384765090727, 0.01677812863435243, 0.01191585846482724, 0.012072824679095215, 0.018758179075316884, 0.012536532637335323], [0.9279384765090727, 0.01677812863435243, 0.01191585846482724, 0.012072824679095215, 0.018758179075316884, 0.012536532637335323], [0.9279384765090727, 0.01677812863435243, 0.01191585846482724, 0.012072824679095215, 0.018758179075316884, 0.012536532637335323], [0.9279384765090727, 0.01677812863435243, 0.01191585846482724, 0.012072824679095215, 0.018758179075316884, 0.012536532637335323], [0.9279384765090727, 0.01677812863435243, 0.01191585846482724, 0.012072824679095215, 0.018758179075316884, 0.012536532637335323], [0.9279384765090727, 0.01677812863435243, 0.01191585846482724, 0.012072824679095215, 0.018758179075316884, 0.012536532637335323], [0.9280130867604091, 0.016770284591373683, 0.011893467615058587, 0.012050903436549501, 0.01875625889304409, 0.012515998703565198], [0.9282729998100636, 0.016742959001448413, 0.01181546661729328, 0.011974538367403502, 0.01874956972605324, 0.012444466477737896], [0.9243067756800993, 0.018094684834536794, 0.012019395482257935, 0.012215520982685007, 0.02056871012345674, 0.012794912896964052], [0.9245832911738241, 0.018077744689633427, 0.011923611327355668, 0.012122282109171007, 0.020583877432751245, 0.012709193267264435], [0.9246650847926732, 0.01807273377419859, 0.011895278258013576, 0.012094701937154603, 0.020588363941260013, 0.012683837296699828], [0.9246650847926732, 0.01807273377419859, 0.011895278258013576, 0.012094701937154603, 0.020588363941260013, 0.012683837296699828], [0.9245832911738241, 0.018077744689633427, 0.011923611327355668, 0.012122282109171007, 0.020583877432751245, 0.012709193267264435], [0.9243067756800993, 0.018094684834536794, 0.012019395482257935, 0.012215520982685007, 0.02056871012345674, 0.012794912896964052], [0.9282729998100636, 0.016742959001448413, 0.01181546661729328, 0.011974538367403502, 0.01874956972605324, 0.012444466477737896], [0.9280130867604091, 0.016770284591373683, 0.011893467615058587, 0.012050903436549501, 0.01875625889304409, 0.012515998703565198], [0.9279384765090727, 0.01677812863435243, 0.01191585846482724, 0.012072824679095215, 0.018758179075316884, 0.012536532637335323], [0.9279384765090727, 0.01677812863435243, 0.01191585846482724, 0.012072824679095215, 0.018758179075316884, 0.012536532637335323], [0.9279384765090727, 0.01677812863435243, 0.01191585846482724, 0.012072824679095215, 0.018758179075316884, 0.012536532637335323], [0.9279384765090727, 0.01677812863435243, 0.01191585846482724, 0.012072824679095215, 0.018758179075316884, 0.012536532637335323], [0.9279384765090727, 0.01677812863435243, 0.01191585846482724, 0.012072824679095215, 0.018758179075316884, 0.012536532637335323], [0.9279384765090727, 0.01677812863435243, 0.01191585846482724, 0.012072824679095215, 0.018758179075316884, 0.012536532637335323], [0.9279384765090727, 0.01677812863435243, 0.01191585846482724, 0.012072824679095215, 0.018758179075316884, 0.012536532637335323], [0.9279384765090727, 0.01677812863435243, 0.01191585846482724, 0.012072824679095215, 0.018758179075316884, 0.012536532637335323], [0.9279384765090727, 0.01677812863435243, 0.01191585846482724, 0.012072824679095215, 0.018758179075316884, 0.012536532637335323], [0.9279384765090727, 0.01677812863435243, 0.01191585846482724, 0.012072824679095215, 0.018758179075316884, 0.012536532637335323], [0.9279384765090727, 0.01677812863435243, 0.01191585846482724, 0.012072824679095215, 0.018758179075316884, 0.012536532637335323], [0.9280130867604091, 0.016770284591373683, 0.011893467615058587, 0.012050903436549501, 0.01875625889304409, 0.012515998703565198], [0.9282729998100636, 0.016742959001448413, 0.01181546661729328, 0.011974538367403502, 0.01874956972605324, 0.012444466477737896], [0.9243067756800993, 0.018094684834536794, 0.012019395482257935, 0.012215520982685007, 0.02056871012345674, 0.012794912896964052], [0.9245832911738241, 0.018077744689633427, 0.011923611327355668, 0.012122282109171007, 0.020583877432751245, 0.012709193267264435], [0.9246650847926732, 0.01807273377419859, 0.011895278258013576, 0.012094701937154603, 0.020588363941260013, 0.012683837296699828], [0.9246650847926732, 0.01807273377419859, 0.011895278258013576, 0.012094701937154603, 0.020588363941260013, 0.012683837296699828]], [[0.927901338048151, 0.016782033133780055, 0.011927003872921319, 0.012083736332588744, 0.01875913487714069, 0.01254675373541822], [0.8470103987885368, 0.054406701804093204, 0.04046736077714839, 0.017044949163249477, 0.027878215490375974, 0.013192373976596129], [0.7095465098218393, 0.1023753468278446, 0.0984315269347384, 0.028779311443507552, 0.04770246918179536, 0.013164835790274705], [0.7052702626861634, 0.09270957690446474, 0.10521443028575303, 0.026831145604592703, 0.056787582363832786, 0.013187002155193278], [0.7128187826336337, 0.09196693210196459, 0.1048646835166331, 0.026594572323611003, 0.0505607672051295, 0.013194262219027923], [0.7973643901941155, 0.08450675153835466, 0.05910872597878601, 0.01734795904084287, 0.028470554854293, 0.0132016183936079], [0.8800054645835125, 0.04515793042265532, 0.02324791276660221, 0.015349028564960027, 0.02349107660741244, 0.012748587054857517], [0.8939934335517569, 0.0380895328717636, 0.01803142574507577, 0.014623616977954106, 0.02253314810008858, 0.012728842753360958], [0.8949570403742012, 0.03757995873470426, 0.017952193145629333, 0.01467520396904402, 0.022080546501039404, 0.012755057275381943], [0.8763438195740143, 0.048010452335131695, 0.02338802785699591, 0.015240281871794568, 0.024319221744008593, 0.012698196618054887], [0.05898582421673777, 0.08224855403331678, 0.03783051352676173, 0.016503924542094137, 0.7912393418141022, 0.013191841866987436], [0.833994522515218, 0.06505474210953537, 0.03607228166163512, 0.015882669911994902, 0.03630332407547836, 0.012692459726138132], [0.6126242312800648, 0.08237021839558636, 0.23970662712993612, 0.021997586531684446, 0.03059063866123647, 0.012710698001491664], [0.059201585361875496, 0.07365537181815257, 0.03793096839369182, 0.01648813958448452, 0.7995659303227598, 0.01315800451903578], [0.8706087921145769, 0.0515014652319825, 0.02459695089542749, 0.016279012622267962, 0.024315582517690254, 0.012698196618054887], [0.048953501581148424, 0.0413965636088848, 0.018941506045176387, 0.016453671939812176, 0.8605281685543629, 0.013726588270615264], [0.8596662359044569, 0.058484280139873564, 0.025848391094538327, 0.016136903966977534, 0.026713948911197556, 0.013150239982956115], [0.04908612761666593, 0.041495276684167755, 0.018939448480682037, 0.016440449824358827, 0.8603375694603661, 0.013701127933759388], [0.8860635049913743, 0.04195850376293928, 0.018914317099044613, 0.015166587798414238, 0.024703818802084054, 0.013193267546143536], [0.8886377163715495, 0.04054462173456663, 0.018438216716336834, 0.01496743724776686, 0.024179964522073764, 0.013232043407706312], [0.8866710387215389, 0.04163384996732002, 0.018597904604139785, 0.014847116812067431, 0.025079238449285723, 0.013170851445648148], [0.04943534435827328, 0.04193045091047134, 0.018893730138563533, 0.016458336895611426, 0.8596851780265272, 0.01359695967055316], [0.8850604361281915, 0.042555961901192665, 0.019212517295293385, 0.015378163531885022, 0.02460690071360108, 0.013186020429836173], [0.8853440217631978, 0.04239060879647383, 0.01895200064681427, 0.015084559249981307, 0.025068400979218818, 0.013160408564313893], [0.049174561828926246, 0.04173482978138835, 0.0188981258376247, 0.016483877949367915, 0.8600612599085167, 0.013647344694176142], [0.8853440217631978, 0.04239060879647383, 0.01895200064681427, 0.015084559249981307, 0.025068400979218818, 0.013160408564313893], [0.888976581971854, 0.04038402510860436, 0.018377330361863457, 0.014936034671811616, 0.024093984478160163, 0.013232043407706312], [0.8877620539520372, 0.04102982607401196, 0.01848959478891902, 0.014888993196511508, 0.024628921473161758, 0.013200610515358365], [0.049085681210250726, 0.041684715331003035, 0.019034985778361255, 0.016461161178806808, 0.8600590938884379, 0.013674362613140185], [0.8827402889802368, 0.04372673183641537, 0.01947630392496666, 0.015254428453130934, 0.025742571436635324, 0.013059675368614904], [0.054715657409679486, 0.05333897895096918, 0.02484424019978826, 0.017046248752885365, 0.8364402899885485, 0.01361458469812931], [0.7931265801534536, 0.08417079177182617, 0.062283045425962816, 0.01931293421892917, 0.027934842084557446, 0.01317180634527072], [0.5214215082370355, 0.12056011228990217, 0.2723409499724948, 0.02092823209387745, 0.05155493518766211, 0.013194262219027923], [0.5175188235570828, 0.2873697599472579, 0.10921197883542612, 0.021164805374859146, 0.051547630130180676, 0.013187002155193278], [0.6845788247574929, 0.1251019354825835, 0.10464181025935601, 0.020928232093877452, 0.05155493518766212, 0.013194262219027924], [0.7911681714623813, 0.08305981631443517, 0.06159515057558928, 0.017122195871622767, 0.03385304738236352, 0.0132016183936079], [0.8439757174304768, 0.06683450294827657, 0.028833747239719064, 0.017470506783129724, 0.029221741650198113, 0.01366378394819948], [0.8717156333905653, 0.04994371171677278, 0.02099956399866995, 0.016397253530191794, 0.027385527021375193, 0.01355831034242462], [0.8735285945489261, 0.04906847974860259, 0.020115802934225283, 0.016099615568429867, 0.02764159328132027, 0.013545913918495892], [0.9246650847926732, 0.01807273377419859, 0.011895278258013576, 0.012094701937154603, 0.020588363941260013, 0.012683837296699828]], [[0.9279384765090727, 0.01677812863435243, 0.01191585846482724, 0.012072824679095215, 0.018758179075316884, 0.012536532637335323], [0.7125165028748114, 0.10237534682784462, 0.09843152693473842, 0.02877931144350756, 0.044732476128823306, 0.013164835790274705], [0.09936626757633654, 0.37168016708291945, 0.013471072695849224, 0.02861119245465025, 0.47318191810485105, 0.013689382085393517], [0.2532809135141352, 0.2799834220613521, 0.015052650349864923, 0.04047008065538872, 0.39772247828927465, 0.01349045512998423], [0.7517212867715943, 0.15449823420683229, 0.012609695498599804, 0.021074104125972996, 0.0473169487823833, 0.012779730614617277], [0.7568817582750076, 0.15441186800643517, 0.012592495074105748, 0.02112362459361218, 0.042239433298460284, 0.012750820752378877], [0.8422792632175777, 0.08684929097673519, 0.012266459749635344, 0.017833677608164955, 0.028366873165603712, 0.012404435282282912], [0.042730742052147, 0.04950710626947852, 0.012628850387304422, 0.01586168755108932, 0.8664803097536805, 0.012791303986300224], [0.8846039636506831, 0.05221160142084355, 0.01225230597966094, 0.015320319396119546, 0.023231163424000494, 0.012380646128692233], [0.056082252988795676, 0.0920542429946343, 0.012628850387304422, 0.018915465094659523, 0.8075278845483059, 0.012791303986300224], [0.6588227399037009, 0.2617780342227795, 0.012242253188802154, 0.0195161331909841, 0.03527708973867089, 0.012363749755062652], [0.07357224873957614, 0.40604925003152204, 0.012628850387304422, 0.021444684633474743, 0.4735136622218225, 0.012791303986300224], [0.7684400035111107, 0.14373510349929564, 0.013985949713348067, 0.022713912788561465, 0.038718210941608495, 0.012406819546075356], [0.6521283169137515, 0.26054045973791334, 0.013111012813624066, 0.02248825676234115, 0.039326328039112686, 0.012405625733257156], [0.836674522991485, 0.09053770143094003, 0.012266459749635344, 0.01904114127741551, 0.029075739268240988, 0.012404435282282912], [0.04743356989188071, 0.059882088554489114, 0.013006077005380628, 0.016730282488130473, 0.8497561401931315, 0.013191841866987436], [0.8161986336601482, 0.10849549660634754, 0.012576265281510087, 0.01926713108482693, 0.030738931073425145, 0.012723542293741969], [0.04743356989188071, 0.05811556689880489, 0.013006077005380628, 0.016730282488130473, 0.8515226618488159, 0.013191841866987436], [0.8766866940341532, 0.055703355439916565, 0.013006097214754495, 0.015675717779341694, 0.02575130142160032, 0.013176834110233602], [0.8837770022045691, 0.04926637568622409, 0.013023063189095314, 0.015462933102131265, 0.025265275900994213, 0.01320534991698609], [0.05053197732185046, 0.04969083698833871, 0.013393415903141099, 0.016757376744970222, 0.8560118083435702, 0.01361458469812931], [0.8818011524699803, 0.050656655488474644, 0.013006097214754495, 0.01566181272140879, 0.025697447995148108, 0.013176834110233602], [0.8621587892076757, 0.06729814277334847, 0.013024941144603806, 0.017139543181257943, 0.027170077375246023, 0.013208506317867892], [0.0502624871154513, 0.049428628011774244, 0.013445411173832763, 0.016780252294411577, 0.8564185559567045, 0.013664665447825592], [0.8815355452174217, 0.05019667667522888, 0.012975812654953811, 0.015375481801273051, 0.026780423561679256, 0.013136060089443246], [0.04977534544126362, 0.04888382963143329, 0.013506409941841555, 0.016781162702340747, 0.8573298341065991, 0.013723418176521736], [0.8838873633615408, 0.049223773013637444, 0.013023063189095314, 0.015449028044198364, 0.02521142247454199, 0.01320534991698609], [0.8828416064754667, 0.049872425137335835, 0.013005209055576165, 0.015410974088233807, 0.02569444391953825, 0.013175341323849163], [0.049910380454020756, 0.04959335677363504, 0.013498715960042392, 0.016771802960699453, 0.8565097363563122, 0.01371600749529004], [0.05377284422062579, 0.06447017853092753, 0.013471072695849224, 0.0178151876655225, 0.8367813348016815, 0.013689382085393517], [0.8048203639707835, 0.11405501661377668, 0.013007880835002098, 0.02191079712893764, 0.03302610949573861, 0.013179831955761287], [0.7212550703946903, 0.1850066387803904, 0.01616110773588239, 0.024592627078053108, 0.039740807940881306, 0.01324374807010251], [0.5411250665975138, 0.3620739648772367, 0.018250952100801833, 0.023475649899764223, 0.041861092179103866, 0.013213274345579385], [0.2724463558394213, 0.5320696749503586, 0.018592638739531507, 0.040704523733823716, 0.12211157692017437, 0.01407522981669045], [0.5434426513759847, 0.3656616542965294, 0.013046911795833576, 0.02486084459828561, 0.039742504125682615, 0.013245433807684207], [0.5511077114330546, 0.35826919664091805, 0.01304590883699027, 0.024592627078053104, 0.039740807940881306, 0.01324374807010251], [0.7697227019360314, 0.1413110756722779, 0.013500723634376332, 0.024799297530996772, 0.03692216606083907, 0.013744035165478525], [0.8410833716106582, 0.081489868581423, 0.013339380184974768, 0.019973534296087378, 0.03052541171917896, 0.01358843360767745], [0.8715970758667022, 0.05005946240068288, 0.02100562582339253, 0.016385874102546858, 0.02741578955864237, 0.013536172248033053], [0.9246650847926732, 0.01807273377419859, 0.011895278258013576, 0.012094701937154603, 0.020588363941260013, 0.012683837296699828]], [[0.9279384765090727, 0.01677812863435243, 0.01191585846482724, 0.012072824679095215, 0.018758179075316884, 0.012536532637335323], [0.819858139484173, 0.07327725656411446, 0.03604208155672263, 0.016826057763915884, 0.04091051546662952, 0.013085949164444556], [0.09767259706583453, 0.2242775940619733, 0.013509701224450355, 0.027334892513895127, 0.6234786268632314, 0.013726588270615264], [0.08860113568823334, 0.3475466095332958, 0.013006077005380628, 0.045226365403582706, 0.49242797050251996, 0.013191841866987436], [0.7702549605560038, 0.13594016039769993, 0.012577032265647237, 0.023684889165368178, 0.04481812620185726, 0.012724831413423388], [0.23370475677679006, 0.32125901192450057, 0.013006077005380628, 0.025448806660169118, 0.3933895057661721, 0.013191841866987436], [0.7865945079692483, 0.13534505740368896, 0.012247882338061181, 0.018506454752286766, 0.03493288650762049, 0.012373211029094238], [0.053334927462748156, 0.09141493429283211, 0.012628850387304422, 0.01783223837100978, 0.8119977454998053, 0.012791303986300224], [0.8471960052340433, 0.085277919414306, 0.012247227291722531, 0.01661993468272828, 0.026286803326713327, 0.012372110050486605], [0.07435953937115874, 0.27096089209691915, 0.012628850387304422, 0.0212817878995811, 0.6079776262587364, 0.012791303986300224], [0.07769530413033846, 0.5381407544555702, 0.012628850387304422, 0.021469208641822675, 0.33727457839866415, 0.012791303986300224], [0.06930138759005698, 0.5738962516166938, 0.012628850387304422, 0.02813875705602041, 0.3032434493636244, 0.012791303986300224], [0.21465991481483615, 0.49312905403224055, 0.015034610010367093, 0.1660480931207545, 0.09807588315631652, 0.013052444865485374], [0.5291524027392429, 0.263306376252218, 0.012267878308776086, 0.024207250682393225, 0.1586592724712943, 0.012406819546075356], [0.6505163225509814, 0.14268116528931338, 0.012267168029112, 0.1425521181055103, 0.039577600291825665, 0.012405625733257156], [0.6698389619694326, 0.2495818322651391, 0.012576265281510087, 0.021071287129830314, 0.0342081110603459, 0.012723542293741969], [0.6062190601261727, 0.3017704565697391, 0.012608836459233375, 0.02423832538468839, 0.04238503468838852, 0.012778286771777852], [0.6701801823225348, 0.25393003793309765, 0.012576265281510087, 0.01926713108482693, 0.03132284108428836, 0.012723542293741969], [0.05416061884745489, 0.06680193009622885, 0.013461057615943564, 0.017871233091064184, 0.8340254245779599, 0.013679735771348574], [0.8762863662518449, 0.05610368322222499, 0.013006097214754495, 0.015675717779341694, 0.02575130142160032, 0.013176834110233602], [0.8818011524699803, 0.050656655488474644, 0.013006097214754495, 0.01566181272140879, 0.025697447995148108, 0.013176834110233602], [0.863677431183709, 0.06625393360740404, 0.013043911620238845, 0.017160113774727512, 0.026624218594758782, 0.013240391219161773], [0.8086505289428225, 0.11123801249387402, 0.013025884088679206, 0.019712557031515573, 0.03416292625834826, 0.013210091184760433], [0.8603507722775516, 0.06819534813798395, 0.012999335228958648, 0.01706934433509485, 0.02821973121560223, 0.013165468804808522], [0.049758382292283014, 0.048867364350551994, 0.013509701224450355, 0.01678262519524711, 0.8573553386668523, 0.013726588270615264], [0.05361941735452175, 0.06715204866237007, 0.013509701224450355, 0.017848603005552226, 0.8341436414824902, 0.013726588270615264], [0.8818011524699803, 0.050656655488474644, 0.013006097214754495, 0.01566181272140879, 0.025697447995148108, 0.013176834110233602], [0.05053197732185046, 0.04969083698833871, 0.013393415903141099, 0.016757376744970222, 0.8560118083435702, 0.01361458469812931], [0.8828416064754667, 0.049872425137335835, 0.013005209055576165, 0.015410974088233807, 0.02569444391953825, 0.013175341323849163], [0.8828196976131548, 0.05002875975989279, 0.013024000848455182, 0.015706814775091685, 0.025213801101888922, 0.013206925901516573], [0.8646595176630623, 0.06417648232465947, 0.013043911620238845, 0.01827763185905032, 0.02660206531382734, 0.013240391219161773], [0.8018369649725805, 0.11703841561197979, 0.013007880835002098, 0.02191079712893764, 0.033026109495738615, 0.013179831955761287], [0.10106642560492232, 0.37114622260940494, 0.013375117094011292, 0.026383386169966952, 0.47443188885114135, 0.01359695967055316], [0.5370558765918644, 0.3713663290182112, 0.013027777965476934, 0.023475649899764223, 0.041861092179103866, 0.013213274345579385], [0.5472066171551586, 0.3621702909188142, 0.01304590883699027, 0.024592627078053104, 0.039740807940881306, 0.01324374807010251], [0.7965874516818889, 0.1229016834500861, 0.01304490878265826, 0.02220028707230621, 0.03202360179874022, 0.013242067214320183], [0.8366295265072295, 0.08593913692811181, 0.013499493044779019, 0.01995838234477793, 0.03023149434088685, 0.013741966834214803], [0.8689940487778033, 0.05929424097764982, 0.01333811985263592, 0.016725341324398034, 0.02806193378164224, 0.013586315285870725], [0.8733607585739432, 0.04906296965603607, 0.020536329981398697, 0.016068436267821687, 0.027425591602304386, 0.013545913918495892], [0.9246650847926732, 0.01807273377419859, 0.011895278258013576, 0.012094701937154603, 0.020588363941260013, 0.012683837296699828]], [[0.9279384765090727, 0.01677812863435243, 0.01191585846482724, 0.012072824679095215, 0.018758179075316884, 0.012536532637335323], [0.06733327460721684, 0.07920838418831083, 0.08475355394908883, 0.022433919330756325, 0.732579346630425, 0.013691521294202137], [0.5686147933289255, 0.34245892604430667, 0.013001081930114445, 0.02055191558923781, 0.04220487850937682, 0.013168404598038695], [0.08118993583818802, 0.18244462124822478, 0.013006077005380628, 0.02786220112646729, 0.6823053229147519, 0.013191841866987436], [0.6204014464214072, 0.2970808797935953, 0.012593307275277757, 0.019462610926752492, 0.03770956971172152, 0.012752185871245608], [0.39097992851834096, 0.42207670485584475, 0.015052650349864923, 0.04721432271602131, 0.11118593842994373, 0.013490455129984232], [0.07868421154885138, 0.26921106765361646, 0.012628850387304422, 0.023895278043846672, 0.6027892883800808, 0.012791303986300224], [0.07401969076605691, 0.14257499059766407, 0.012628850387304422, 0.0212817878995811, 0.7367033763630934, 0.012791303986300224], [0.1991917691848634, 0.1665553519716416, 0.012628850387304422, 0.022984250220948778, 0.5858484742489416, 0.012791303986300224], [0.19634151595491786, 0.4008366907505161, 0.012628850387304422, 0.022812051320196928, 0.3545895876007645, 0.012791303986300224], [0.3279662066559766, 0.5331829390831258, 0.014418603317673284, 0.03364435487217815, 0.07773545120556086, 0.013052444865485374], [0.06974178558304629, 0.5700477354398082, 0.012628850387304422, 0.02813875705602041, 0.3066515675475205, 0.012791303986300224], [0.06976152330822229, 0.3274940853769402, 0.012628850387304422, 0.02813875705602041, 0.5491854798852125, 0.012791303986300224], [0.07777627004782893, 0.28892464573140353, 0.01262885038730442, 0.021469208641822675, 0.5864097212053401, 0.012791303986300222], [0.05273167369386078, 0.0855766794807954, 0.012628850387304422, 0.01632600013850629, 0.8199454923132329, 0.012791303986300224], [0.0892432694682976, 0.30820303344076494, 0.01300607700538063, 0.024156737232936216, 0.5521990409856331, 0.013191841866987436], [0.45793141178494196, 0.31211008584869143, 0.012593307275277755, 0.02257368852136042, 0.18203932069848267, 0.012752185871245608], [0.4625062162324873, 0.4459964250381907, 0.012608836459233375, 0.02353038517342801, 0.04257985032488275, 0.012778286771777852], [0.6226381935316674, 0.2991298123642265, 0.013000207396916232, 0.018849057181848636, 0.03321579481162397, 0.01316693471371741], [0.05392998882553416, 0.06648338684453893, 0.013471072695849223, 0.017847729392084375, 0.8345784401565998, 0.013689382085393517], [0.05375996808493722, 0.06445329515256792, 0.013473293683788594, 0.017815781339369466, 0.8368061404451347, 0.013691521294202137], [0.8103935702272488, 0.11288280807592091, 0.013000207396916232, 0.01882263291968117, 0.0317338466665155, 0.01316693471371741], [0.08887089193009035, 0.18727719504775978, 0.013509701224450355, 0.03110003933618928, 0.6655155841908948, 0.013726588270615264], [0.06558089798948713, 0.11726186635837851, 0.013509701224450355, 0.020456337872554565, 0.769464608284514, 0.013726588270615264], [0.8575753032072843, 0.07099032870163394, 0.01297901565825693, 0.017061945428222137, 0.028247730362318424, 0.013145676642284106], [0.06558089798948713, 0.12557669871350968, 0.013509701224450355, 0.020456337872554565, 0.7611497759293829, 0.013726588270615264], [0.8603261150922273, 0.06913081688879699, 0.013024941144603806, 0.017139543181257943, 0.027170077375246023, 0.013208506317867892], [0.8828196976131548, 0.05002875975989279, 0.013024000848455182, 0.015706814775091685, 0.025213801101888922, 0.013206925901516573], [0.8854635119292218, 0.04813567000950709, 0.013041925921106241, 0.015454868952231538, 0.024666969461307593, 0.013237053726625453], [0.8838873633615408, 0.049223773013637444, 0.013023063189095314, 0.015449028044198364, 0.02521142247454199, 0.01320534991698609], [0.8824992033128091, 0.05036417087909045, 0.013024000848455182, 0.015701929903038092, 0.02520376915509062, 0.013206925901516573], [0.0544808559483754, 0.07468887812079895, 0.013375117094011292, 0.01780334883995017, 0.8260548403263109, 0.01359695967055316], [0.7960967761385813, 0.12277860444597896, 0.013007880835002098, 0.02191079712893764, 0.033026109495738615, 0.013179831955761287], [0.5549483384521938, 0.35442856962177893, 0.01304590883699027, 0.024592627078053104, 0.039740807940881306, 0.01324374807010251], [0.7937149539517075, 0.12507822268159757, 0.013025884088679206, 0.020830075115838384, 0.03414077297741683, 0.013210091184760433], [0.8537677919412449, 0.07459377523638815, 0.013024941144603806, 0.018257061265580753, 0.027147924094314588, 0.013208506317867892], [0.8459663927403723, 0.07661054073478997, 0.01345854573766437, 0.01994409218980986, 0.030317726393028967, 0.013702702204334267], [0.8689940487778033, 0.05929424097764982, 0.01333811985263592, 0.016725341324398034, 0.02806193378164224, 0.013586315285870725], [0.8733607585739432, 0.04906296965603607, 0.020536329981398697, 0.016068436267821687, 0.027425591602304386, 0.013545913918495892], [0.9246650847926732, 0.01807273377419859, 0.011895278258013576, 0.012094701937154603, 0.020588363941260013, 0.012683837296699828]], [[0.9279384765090727, 0.01677812863435243, 0.01191585846482724, 0.012072824679095215, 0.018758179075316884, 0.012536532637335323], [0.08432989626452239, 0.10720298925805508, 0.3192041364119647, 0.02547426574376056, 0.450114349708557, 0.013674362613140185], [0.7117787729522659, 0.1938407787609117, 0.013009674257989358, 0.0235839759513995, 0.044603951800048135, 0.01318284627738543], [0.42210974468467244, 0.39520516709954245, 0.015052650349864923, 0.029452891952309566, 0.12468909078362614, 0.01349045512998423], [0.5997492676205098, 0.30770828134572986, 0.012609695498599804, 0.019531249689464604, 0.04762177523107864, 0.012779730614617277], [0.46825771111847025, 0.4396501542562351, 0.012609695498599804, 0.019531249689464604, 0.04717145882261298, 0.012779730614617277], [0.7875124165116966, 0.13570374301469562, 0.012267168029112, 0.018079892531663234, 0.03403115417957547, 0.012405625733257156], [0.8362591269661234, 0.09280050635565111, 0.01225297488087441, 0.01754825837860673, 0.028757363024663037, 0.012381770394081098], [0.8420868558662872, 0.08784949772145217, 0.012266459749635346, 0.017286509184788298, 0.028106242195554042, 0.012404435282282912], [0.6532569118849426, 0.26533056767636637, 0.012267168029112, 0.01972774309134629, 0.03701198358497547, 0.012405625733257156], [0.40192993012358824, 0.5120851412164551, 0.012267878308776086, 0.0224057642789261, 0.03890446652617887, 0.012406819546075356], [0.07978276648779058, 0.31133060425337383, 0.012628850387304422, 0.03929083736834612, 0.5441756375168849, 0.012791303986300224], [0.07118495671931023, 0.3238080950842342, 0.012628850387304422, 0.02813875705602041, 0.5514480367668306, 0.012791303986300224], [0.8505405984996447, 0.08087685791471984, 0.012241613288751792, 0.016008147195158483, 0.027970108867927043, 0.012362674233798117], [0.19941674945999008, 0.1505378848893613, 0.012628850387304422, 0.022380236464720572, 0.6022449748123234, 0.012791303986300224], [0.46380096210222777, 0.30764874371329143, 0.012571193061024399, 0.021794160123878702, 0.1814699239137767, 0.012715017085801044], [0.22442458673721727, 0.5949848408182125, 0.015052650349864923, 0.044348196843218286, 0.10769927012150263, 0.01349045512998423], [0.5954884381538836, 0.3128539053655493, 0.012593307275277757, 0.022573688521360425, 0.04373847481268312, 0.012752185871245608], [0.10792133892265512, 0.2059058126021115, 0.013393415903141099, 0.027232765233847586, 0.6319320826401155, 0.01361458469812931], [0.7956005610089827, 0.1243109970101204, 0.013007880835002098, 0.020819703306782296, 0.03308102588335116, 0.013179831955761287], [0.8056557636998449, 0.11431498168810683, 0.013007880835002098, 0.02079327904461483, 0.03304826277667005, 0.013179831955761287], [0.09635974756120186, 0.18727719504775978, 0.013509701224450355, 0.03110003933618928, 0.6580267285597834, 0.013726588270615264], [0.09024215564946118, 0.17128511956004358, 0.013509701224450355, 0.031112303794865445, 0.6801241315005642, 0.013726588270615264], [0.08887089193009035, 0.1896960553692525, 0.013509701224450355, 0.03110003933618928, 0.6630967238694022, 0.013726588270615264], [0.7820758018632404, 0.13255742565745263, 0.013007880835002098, 0.02006201072065664, 0.03911704896788685, 0.013179831955761287], [0.09468010924856067, 0.3575696019777453, 0.013439803160246244, 0.032702225160298505, 0.48794899652590407, 0.013659263927245282], [0.7992798770271201, 0.11730137549815196, 0.013025884088679206, 0.019712557031515573, 0.03747021516977261, 0.013210091184760433], [0.8590824331878223, 0.07037449879320204, 0.013024941144603806, 0.017139543181257943, 0.027170077375246023, 0.013208506317867892], [0.8828196976131548, 0.05002875975989279, 0.013024000848455182, 0.015706814775091685, 0.025213801101888922, 0.013206925901516573], [0.05003784138157887, 0.049138621320902735, 0.013455479048985029, 0.016758531382466177, 0.8569351642529269, 0.013674362613140185], [0.8825211121751211, 0.0502078362565335, 0.013005209055576165, 0.015406089216180212, 0.02568441197273995, 0.013175341323849163], [0.8824992033128091, 0.05036417087909045, 0.013024000848455182, 0.015701929903038092, 0.02520376915509062, 0.013206925901516573], [0.8617636989683174, 0.06707230101940427, 0.013043911620238845, 0.01827763185905032, 0.02660206531382734, 0.013240391219161773], [0.8028899724474835, 0.11590320418582159, 0.013025884088679206, 0.020830075115838384, 0.03414077297741683, 0.013210091184760433], [0.0539443053671573, 0.06888101374166819, 0.013437556995995347, 0.01779366684827259, 0.832286356577763, 0.013657100469143622], [0.06007068574672919, 0.07837672380522497, 0.013938217173432929, 0.01885606520807786, 0.8145717709416957, 0.014186537124839131], [0.0410212685918207, 0.01807273377419859, 0.011895278258013576, 0.012094701937154603, 0.020588363941260016, 0.8963276534975524], [0.8446020170100972, 0.07797914912280841, 0.013316412416845823, 0.01995710813276836, 0.030578903646865045, 0.01356640967061512], [0.8715970758667022, 0.05005946240068288, 0.02100562582339253, 0.016385874102546858, 0.02741578955864237, 0.013536172248033053], [0.9246650847926732, 0.01807273377419859, 0.011895278258013576, 0.012094701937154603, 0.020588363941260013, 0.012683837296699828]], [[0.9279384765090727, 0.01677812863435243, 0.01191585846482724, 0.012072824679095215, 0.018758179075316884, 0.012536532637335323], [0.850752686105757, 0.059469105735601074, 0.03082020104043487, 0.01685575231717129, 0.029020170991986706, 0.013082083809048985], [0.10493214409894056, 0.38035412319807116, 0.018441678793905802, 0.03407653703945529, 0.4484837527431349, 0.013711764126492198], [0.600496939532248, 0.3088636417870258, 0.012577801357448792, 0.021008409657942394, 0.04432708358974257, 0.01272612407559224], [0.46298695853403293, 0.30694956310615795, 0.012608836459233375, 0.019301520014928734, 0.1853748351138691, 0.012778286771777852], [0.7360020414523235, 0.16884276940030638, 0.012609695498599804, 0.019531249689464604, 0.05023451334468838, 0.012779730614617277], [0.6654135746495079, 0.255614880619547, 0.012267168029112, 0.018079892531663234, 0.03621885843691267, 0.012405625733257156], [0.07934934910782555, 0.15208736431184078, 0.012628850387304422, 0.023510166672138975, 0.7196329655345902, 0.012791303986300224], [0.8384144021356267, 0.09071415205868635, 0.012266459749635346, 0.01783367760816496, 0.02836687316560372, 0.012404435282282912], [0.6560618726253095, 0.26108774078110614, 0.012281458766356905, 0.01983156187355741, 0.03830772085710121, 0.012429645096568695], [0.5233296745136827, 0.389108806188236, 0.012282210006583655, 0.02258196964913405, 0.04026643188791855, 0.012430907754445003], [0.21155064483063216, 0.37867998298054195, 0.014418603317673284, 0.1649816400330169, 0.21731668397265033, 0.013052444865485374], [0.1936476885387975, 0.2663512244878794, 0.012628850387304422, 0.019766746320455, 0.4948141862792636, 0.012791303986300224], [0.07665102910523139, 0.27649433855650335, 0.012628850387304422, 0.02129700974107083, 0.6001374682235899, 0.012791303986300224], [0.8439506949863473, 0.0889293782312026, 0.012247227291722531, 0.016037235069903767, 0.02646335437033715, 0.012372110050486605], [0.09503065817465127, 0.1775053412611469, 0.013006077005380628, 0.024630071309296727, 0.676636010382537, 0.013191841866987436], [0.6042337549103881, 0.3042753950959984, 0.012593307275277755, 0.02257368852136042, 0.04357166832572958, 0.012752185871245608], [0.6097287931612617, 0.301402208222118, 0.012608836459233375, 0.02353038517342801, 0.03995149021218095, 0.012778286771777852], [0.634312919151525, 0.285516434916323, 0.013025884088679206, 0.01973898129368304, 0.034195689365029376, 0.013210091184760433], [0.8057298695054023, 0.11479544306111561, 0.01304490878265826, 0.021109193250150867, 0.03207851818635277, 0.013242067214320183], [0.7233441990233417, 0.18019324388832678, 0.013026829691882215, 0.024239379623634684, 0.04598466725179447, 0.013211680521020164], [0.2632563281328693, 0.18759028194639416, 0.013498715960042392, 0.031121859625887503, 0.49081680683951656, 0.01371600749529004], [0.45545434121494444, 0.35385206383326157, 0.015899147988524345, 0.03809598816224872, 0.12262322898433045, 0.01407522981669045], [0.529634967688297, 0.365014259305013, 0.013027777965476934, 0.025230593031668996, 0.0538791276639646, 0.013213274345579385], [0.5299055819849329, 0.363396538882828, 0.01304590883699027, 0.02464385375631068, 0.05576436846883575, 0.01324374807010251], [0.5269785965342029, 0.20710599345721575, 0.013027777965476934, 0.025230593031668996, 0.21444376466585585, 0.013213274345579385], [0.5401435352704129, 0.35726939874269004, 0.013008776316109357, 0.025313037469808015, 0.051083915152395916, 0.013181337048583673], [0.07749595872796192, 0.12669707888272924, 0.013393415903141099, 0.02251547085047688, 0.7462834909375616, 0.01361458469812931], [0.8590986484793909, 0.06997412690401501, 0.013006987804565946, 0.01708755458096973, 0.027654351249118546, 0.013178330981939814], [0.04982890359217337, 0.04962762605836196, 0.013509701224450355, 0.016805715063998597, 0.8565014657904003, 0.013726588270615264], [0.049643857682461844, 0.04921682673742584, 0.01350421370928774, 0.016802546860116143, 0.8571112521991294, 0.013721302811579131], [0.8825211121751211, 0.0502078362565335, 0.013005209055576165, 0.015406089216180212, 0.02568441197273995, 0.013175341323849163], [0.8824992033128091, 0.05036417087909045, 0.013024000848455182, 0.015701929903038092, 0.02520376915509062, 0.013206925901516573], [0.8600683798683844, 0.06577339981846049, 0.013043911620238845, 0.021271852159927218, 0.02660206531382734, 0.013240391219161773], [0.8529686770952355, 0.06789667562127044, 0.013006987804565946, 0.025317130528800972, 0.02763219796818711, 0.013178330981939814], [0.0578317895325095, 0.0739820614492045, 0.013455479048985029, 0.07470391484985439, 0.7663523925063063, 0.013674362613140185], [0.04086871966008162, 0.01808209830542485, 0.01194822784697397, 0.012146244491690201, 0.020579979435559687, 0.8963747302602696], [0.788660765542383, 0.12490862929299466, 0.013293474496538296, 0.020779333402626776, 0.038829940836150406, 0.013527856429306737], [0.8488422611207844, 0.0616907049373282, 0.029059424281692448, 0.01742434884497153, 0.029456700415397073, 0.013526560399826231], [0.9246650847926732, 0.01807273377419859, 0.011895278258013576, 0.012094701937154603, 0.020588363941260013, 0.012683837296699828]], [[0.9279384765090727, 0.01677812863435243, 0.01191585846482724, 0.012072824679095215, 0.018758179075316884, 0.012536532637335323], [0.054499861112000614, 0.0695481952908074, 0.027088685190927733, 0.019766955912001293, 0.8154144202823032, 0.0136818822119597], [0.8070206570258897, 0.1179755076288231, 0.012992712305831692, 0.018026207320511373, 0.03083057848796865, 0.013154337230975446], [0.08141118982745799, 0.312535251414102, 0.013006077005380628, 0.16813042830818342, 0.4117252115778885, 0.013191841866987436], [0.4649448319322731, 0.44176861509081106, 0.012593307275277755, 0.021346919634349256, 0.046594140196043125, 0.012752185871245608], [0.4195076497249743, 0.25777825270459387, 0.015052650349864923, 0.029452891952309566, 0.26471810013827296, 0.01349045512998423], [0.4113908610707035, 0.3836630835729671, 0.012282210006583655, 0.019684436848592113, 0.16054850074670848, 0.012430907754445001], [0.6529902753366869, 0.2624824899666512, 0.012267878308776086, 0.01992301728201876, 0.0399295195597918, 0.012406819546075356], [0.7786061606196535, 0.1382431515432144, 0.012281458766356907, 0.019483535493504414, 0.03895604848070206, 0.012429645096568695], [0.8346396624383172, 0.09160215045779659, 0.012280709701678775, 0.016234630036409764, 0.03281446127052022, 0.012428386095277192], [0.7670492387782334, 0.14741308733010186, 0.012267168029112, 0.02208635275421623, 0.03877852737507946, 0.012405625733257156], [0.5294568029112676, 0.3834602404203965, 0.012267878308776086, 0.022811509556452485, 0.039596749257032236, 0.012406819546075356], [0.07397924128106026, 0.14357417761984248, 0.012628850387304422, 0.021306196114747405, 0.7357202306107453, 0.012791303986300224], [0.052889116876380704, 0.09507196082605751, 0.012628850387304422, 0.01785626355912212, 0.808762504364835, 0.012791303986300224], [0.8831040776338958, 0.053974099172658524, 0.012265753461909043, 0.01536748147045194, 0.02288534008211274, 0.01240324817897188], [0.8225070527216927, 0.10248533496810656, 0.012576265281510087, 0.01926713108482693, 0.030440673650121597, 0.012723542293741969], [0.7547665934706679, 0.1563644079127118, 0.012608836459233375, 0.02353038517342801, 0.03995149021218095, 0.012778286771777852], [0.8266308540983379, 0.09955887471341793, 0.012607979907595691, 0.019515080698311617, 0.0289103634721121, 0.012776847110224494], [0.8565612410463024, 0.07331093637596195, 0.013043911620238845, 0.01718653803689498, 0.02665698170143989, 0.013240391219161773], [0.8597601973123122, 0.07011198010995214, 0.013043911620238843, 0.017186538036894978, 0.02665698170143989, 0.013240391219161771], [0.807080290261567, 0.11280825117512942, 0.013025884088679206, 0.019712557031515573, 0.03416292625834826, 0.013210091184760433], [0.1040892310600054, 0.18206435233324192, 0.013421786317352599, 0.032742435929723174, 0.6540402838760673, 0.013641910483609522], [0.5381535478984831, 0.3584277771411993, 0.013027777965476934, 0.025230593031668996, 0.05194702961759227, 0.013213274345579385], [0.5286174649589473, 0.20606457987329457, 0.01304590883699027, 0.02464385375631068, 0.21438444450435457, 0.01324374807010251], [0.5236422434431117, 0.37047889941868695, 0.013027777965476934, 0.025230593031668996, 0.05440721179547595, 0.013213274345579385], [0.27129857310364563, 0.5466538549384709, 0.015899147988524345, 0.03665930690250147, 0.1154138872501671, 0.01407522981669045], [0.10149507959402587, 0.3714973642942829, 0.013375117094011292, 0.033411855427067386, 0.46662362392005935, 0.01359695967055316], [0.7138733617785343, 0.18975285355488652, 0.013008776316109359, 0.025313037469808022, 0.044870633832078115, 0.013181337048583673], [0.8086505289428225, 0.11123801249387402, 0.013025884088679