{"round_id": "93c39605-628f-4706-abd9-08582f8b61d7", "seed_index": 2, "prediction": [[[0.9279384765090727, 0.01677812863435243, 0.01191585846482724, 0.012072824679095215, 0.018758179075316884, 0.012536532637335323], [0.927901338048151, 0.016782033133780055, 0.011927003872921319, 0.012083736332588744, 0.01875913487714069, 0.01254675373541822], [0.9279384765090727, 0.01677812863435243, 0.01191585846482724, 0.012072824679095215, 0.018758179075316884, 0.012536532637335323], [0.9279384765090727, 0.01677812863435243, 0.01191585846482724, 0.012072824679095215, 0.018758179075316884, 0.012536532637335323], [0.9279384765090727, 0.01677812863435243, 0.01191585846482724, 0.012072824679095215, 0.018758179075316884, 0.012536532637335323], [0.9279384765090727, 0.01677812863435243, 0.01191585846482724, 0.012072824679095215, 0.018758179075316884, 0.012536532637335323], [0.9279384765090727, 0.01677812863435243, 0.01191585846482724, 0.012072824679095215, 0.018758179075316884, 0.012536532637335323], [0.9279384765090727, 0.01677812863435243, 0.01191585846482724, 0.012072824679095215, 0.018758179075316884, 0.012536532637335323], [0.9279384765090727, 0.01677812863435243, 0.01191585846482724, 0.012072824679095215, 0.018758179075316884, 0.012536532637335323], [0.9279384765090727, 0.01677812863435243, 0.01191585846482724, 0.012072824679095215, 0.018758179075316884, 0.012536532637335323], [0.9279384765090727, 0.01677812863435243, 0.01191585846482724, 0.012072824679095215, 0.018758179075316884, 0.012536532637335323], [0.9279384765090727, 0.01677812863435243, 0.01191585846482724, 0.012072824679095215, 0.018758179075316884, 0.012536532637335323], [0.9279384765090727, 0.01677812863435243, 0.01191585846482724, 0.012072824679095215, 0.018758179075316884, 0.012536532637335323], [0.9280130867604091, 0.016770284591373683, 0.011893467615058587, 0.012050903436549501, 0.01875625889304409, 0.012515998703565198], [0.9282729998100636, 0.016742959001448413, 0.01181546661729328, 0.011974538367403502, 0.01874956972605324, 0.012444466477737896], [0.9243067756800993, 0.018094684834536794, 0.012019395482257935, 0.012215520982685007, 0.02056871012345674, 0.012794912896964052], [0.9245832911738241, 0.018077744689633427, 0.011923611327355668, 0.012122282109171007, 0.020583877432751245, 0.012709193267264435], [0.9246650847926732, 0.01807273377419859, 0.011895278258013576, 0.012094701937154603, 0.020588363941260013, 0.012683837296699828], [0.9246650847926732, 0.01807273377419859, 0.011895278258013576, 0.012094701937154603, 0.020588363941260013, 0.012683837296699828], [0.9246650847926732, 0.01807273377419859, 0.011895278258013576, 0.012094701937154603, 0.020588363941260013, 0.012683837296699828], [0.9246650847926732, 0.01807273377419859, 0.011895278258013576, 0.012094701937154603, 0.020588363941260013, 0.012683837296699828], [0.9246650847926732, 0.01807273377419859, 0.011895278258013576, 0.012094701937154603, 0.020588363941260013, 0.012683837296699828], [0.9246650847926732, 0.01807273377419859, 0.011895278258013576, 0.012094701937154603, 0.020588363941260013, 0.012683837296699828], [0.9245832911738241, 0.018077744689633427, 0.011923611327355668, 0.012122282109171007, 0.020583877432751245, 0.012709193267264435], [0.9243067756800993, 0.018094684834536794, 0.012019395482257935, 0.012215520982685007, 0.02056871012345674, 0.012794912896964052], [0.9282729998100636, 0.016742959001448413, 0.01181546661729328, 0.011974538367403502, 0.01874956972605324, 0.012444466477737896], [0.9280130867604091, 0.016770284591373683, 0.011893467615058587, 0.012050903436549501, 0.01875625889304409, 0.012515998703565198], [0.9279384765090727, 0.01677812863435243, 0.01191585846482724, 0.012072824679095215, 0.018758179075316884, 0.012536532637335323], [0.9279384765090727, 0.01677812863435243, 0.01191585846482724, 0.012072824679095215, 0.018758179075316884, 0.012536532637335323], [0.9279384765090727, 0.01677812863435243, 0.01191585846482724, 0.012072824679095215, 0.018758179075316884, 0.012536532637335323], [0.9279384765090727, 0.01677812863435243, 0.01191585846482724, 0.012072824679095215, 0.018758179075316884, 0.012536532637335323], [0.9279384765090727, 0.01677812863435243, 0.01191585846482724, 0.012072824679095215, 0.018758179075316884, 0.012536532637335323], [0.9279384765090727, 0.01677812863435243, 0.01191585846482724, 0.012072824679095215, 0.018758179075316884, 0.012536532637335323], [0.9279384765090727, 0.01677812863435243, 0.01191585846482724, 0.012072824679095215, 0.018758179075316884, 0.012536532637335323], [0.9279384765090727, 0.01677812863435243, 0.01191585846482724, 0.012072824679095215, 0.018758179075316884, 0.012536532637335323], [0.9279384765090727, 0.01677812863435243, 0.01191585846482724, 0.012072824679095215, 0.018758179075316884, 0.012536532637335323], [0.9279384765090727, 0.01677812863435243, 0.01191585846482724, 0.012072824679095215, 0.018758179075316884, 0.012536532637335323], [0.9279384765090727, 0.01677812863435243, 0.01191585846482724, 0.012072824679095215, 0.018758179075316884, 0.012536532637335323], [0.927901338048151, 0.016782033133780055, 0.011927003872921319, 0.012083736332588744, 0.01875913487714069, 0.01254675373541822], [0.9279384765090727, 0.01677812863435243, 0.01191585846482724, 0.012072824679095215, 0.018758179075316884, 0.012536532637335323]], [[0.927901338048151, 0.016782033133780055, 0.011927003872921319, 0.012083736332588744, 0.01875913487714069, 0.01254675373541822], [0.8367972113132207, 0.06413567986716806, 0.04115577737370491, 0.01678389050406633, 0.028048592710818908, 0.01307884823102103], [0.08983865848555558, 0.10008550243945698, 0.3027523971669662, 0.020688535409969136, 0.47293377856429264, 0.013701127933759386], [0.07620202406593024, 0.08506476773615028, 0.13892240493274638, 0.023091364735193035, 0.6630623380608365, 0.013657100469143622], [0.5541087611478057, 0.09044107922759875, 0.27023906442168527, 0.02559114115311351, 0.046455118259521866, 0.013164835790274705], [0.8090294200233402, 0.06213804622091247, 0.06473462811349498, 0.017056705457930064, 0.03383958179071434, 0.0132016183936079], [0.8639990184889886, 0.05166930159908193, 0.028018739820369704, 0.016466637761586866, 0.02663722972981166, 0.013209072600161272], [0.8737819199086809, 0.04886537605363711, 0.022221137335402263, 0.016206959478985962, 0.02571553462313237, 0.01320907260016127], [0.8046493779070621, 0.08303464071497656, 0.05197535473454587, 0.01924744380523647, 0.027921376492908274, 0.01317180634527072], [0.07777655873329133, 0.09618821777999935, 0.0980964723599376, 0.018321000859705186, 0.6960541286298115, 0.013563621637254922], [0.8180433351206459, 0.0769752660245521, 0.04891875175081473, 0.017969226589724933, 0.025376752196852412, 0.012716668317409807], [0.8747769994140212, 0.05018782715719423, 0.023434112741216616, 0.015365036251616244, 0.0234874373810941, 0.012748587054857517], [0.895052298926368, 0.03751232516266583, 0.01786348493986272, 0.014684907962282185, 0.02213192573343948, 0.012755057275381943], [0.8962395228405853, 0.03684153556319217, 0.017547578204387914, 0.014471224521878854, 0.022138523984131606, 0.012761614885824245], [0.8940886921039237, 0.03802189929972517, 0.017942717539309157, 0.01463332097119227, 0.022584527332488655, 0.012728842753360958], [0.8872327414847637, 0.04133844211696598, 0.0188120645007299, 0.015220312770145975, 0.024172156073803693, 0.013224283053590778], [0.8886377163715495, 0.04054462173456663, 0.018438216716336834, 0.01496743724776686, 0.024179964522073764, 0.013232043407706312], [0.8948744747613068, 0.03787769945662921, 0.015908904391930552, 0.014287761563329848, 0.023843108574986893, 0.01320805125181687], [0.047689460350636266, 0.03894231247926034, 0.016295451962899884, 0.015956486457733635, 0.8675526671122149, 0.013563621637254922], [0.8874231883517327, 0.04119042269997423, 0.018550481143392396, 0.014920395772466753, 0.02471490151707536, 0.013200610515358365], [0.8963513901744342, 0.037155368447334976, 0.01568261878065848, 0.014309614750518347, 0.023261097835082303, 0.013239910011971761], [0.8950904379190141, 0.03782755070839749, 0.015805169279660913, 0.014269441093209715, 0.02379934974790083, 0.01320805125181687], [0.04934445349292489, 0.04187897284573227, 0.019031803922345453, 0.016435543103048823, 0.8596847748281515, 0.013624451807797082], [0.04916850939733494, 0.04123215656213143, 0.018711883919082767, 0.016458919157856272, 0.8607692670363493, 0.013659263927245282], [0.8839363593602905, 0.04325879744652432, 0.01930148796722919, 0.015298578071337152, 0.025086341431994133, 0.013118435722624744], [0.054521174307872615, 0.06600917423059623, 0.024480859556322405, 0.01696661414536174, 0.8243802672762374, 0.013641910483609522], [0.7855045831926424, 0.08542314003589006, 0.06622844069543292, 0.019284255049633173, 0.0303877746811307, 0.01317180634527072], [0.5311674907004151, 0.09168622441409058, 0.28071482173498125, 0.020825964480763702, 0.062411236450721316, 0.013194262219027923], [0.5397493780889978, 0.07921803321052362, 0.11883449243826748, 0.01787436747135135, 0.2311367266356663, 0.013187002155193278], [0.7121078352317253, 0.07382418527227431, 0.11426432386219738, 0.017637794190369652, 0.0689715992244053, 0.013194262219027923], [0.8100973016590785, 0.06560800933420165, 0.058348881196149935, 0.017083975313484885, 0.0356602141034769, 0.0132016183936079], [0.8761867396928984, 0.04599474534894879, 0.02225352013704056, 0.016167668566624476, 0.026218458952733482, 0.01317886730175432], [0.049697803973133094, 0.04136083256902547, 0.018558425566233126, 0.01641616893789389, 0.8603853195093185, 0.0135814494443958], [0.8864106448728036, 0.04175815879559807, 0.018820492579972443, 0.015153076577550311, 0.0246643596279321, 0.013193267546143536], [0.8866213841678143, 0.041672877626481516, 0.018562002561781095, 0.014848911614791106, 0.025146082395277873, 0.013148741633854261], [0.047444677737497803, 0.038937586591747037, 0.016316232253427272, 0.016033779909542387, 0.8676707638372323, 0.01359695967055316], [0.8952207948646511, 0.03774265543358961, 0.01579650393356366, 0.014249473121768216, 0.023782521394610512, 0.01320805125181687], [0.8964817471200711, 0.03707047317252709, 0.015673953434561225, 0.014289646779076848, 0.02324426948179198, 0.013239910011971761], [0.8966136539492554, 0.03707480370320763, 0.015343449861745486, 0.014314151434171363, 0.023414031039648467, 0.013239910011971761], [0.927901338048151, 0.016782033133780055, 0.011927003872921319, 0.012083736332588744, 0.01875913487714069, 0.01254675373541822]], [[0.9279384765090727, 0.01677812863435243, 0.01191585846482724, 0.012072824679095215, 0.018758179075316884, 0.012536532637335323], [0.5402507995409405, 0.2793256456299741, 0.09854939647528237, 0.02879329997660749, 0.03992532186240141, 0.01315553651479413], [0.09291216260056279, 0.3713740148102039, 0.02256212513572311, 0.02705898911779496, 0.47237670084042516, 0.01371600749529004], [0.2799618145126236, 0.5193408352250009, 0.019778452277710766, 0.030820438337201786, 0.13602322983077256, 0.01407522981669045], [0.7367056102989817, 0.16619267536189383, 0.018163731706683534, 0.024157146500148316, 0.04153540232460843, 0.013245433807684207], [0.7488997341852872, 0.1589080031581651, 0.015573816140189614, 0.02777619469697775, 0.035598503749277796, 0.01324374807010251], [0.7861144619320332, 0.14187560450168502, 0.01304490878265826, 0.017313199546968246, 0.028409758022335044, 0.013242067214320183], [0.8316464215588307, 0.092574319871823, 0.01304490878265826, 0.021551137424871872, 0.027941145147495815, 0.013242067214320183], [0.5759188684310301, 0.3323688395421541, 0.01304590883699027, 0.023888928979915812, 0.04153370613980711, 0.01324374807010251], [0.5674970335687605, 0.3398359719405266, 0.013027777965476934, 0.02277195180162693, 0.04365399037802968, 0.013213274345579385], [0.6275527019034637, 0.28512757406717415, 0.012608836459233375, 0.023748391720647195, 0.038184209077703736, 0.012778286771777852], [0.8202464371389492, 0.10442348518292989, 0.012591685160137867, 0.01896717146717518, 0.031021761573044343, 0.01274945947776356], [0.8719263655418138, 0.061862646584558624, 0.012590877523726347, 0.01613768767635225, 0.024734320642364888, 0.012748102031184042], [0.891492814243221, 0.04485912226422532, 0.012574737601667912, 0.014861281235749932, 0.02349107003138344, 0.012720974623752376], [0.047579938969904284, 0.05831860388276584, 0.013006077005380628, 0.016752476069705032, 0.8511510622052567, 0.013191841866987436], [0.882709336456183, 0.05007136243247942, 0.013024000848455182, 0.015720719833024588, 0.025267654528341142, 0.013206925901516573], [0.8853531507722503, 0.04817827268209374, 0.013041925921106243, 0.01546877401016444, 0.024720822887759817, 0.013237053726625453], [0.8864463291990482, 0.04735378349814536, 0.013040937359557352, 0.015204406704357232, 0.024719151051387285, 0.013235392187504575], [0.8848416781849429, 0.04846364313200178, 0.013022128155448561, 0.01520586824746473, 0.02526290393448094, 0.013203778345660904], [0.8853531507722503, 0.04817827268209374, 0.013041925921106243, 0.01546877401016444, 0.024720822887759817, 0.013237053726625453], [0.8865566903560199, 0.04731118082555873, 0.013040937359557352, 0.015190501646424333, 0.024665297624935065, 0.013235392187504575], [0.8865566903560199, 0.04731118082555873, 0.013040937359557352, 0.015190501646424333, 0.024665297624935065, 0.013235392187504575], [0.8840217492159885, 0.049086333257249884, 0.013023063189095314, 0.015448185172908895, 0.02521531924777121, 0.01320534991698609], [0.8819355383244282, 0.05051921573208709, 0.013006097214754495, 0.015660969850119326, 0.02570134476837732, 0.013176834110233602], [0.8679980947968934, 0.06255411884070584, 0.013024941144603806, 0.016382069183768125, 0.0268322697161609, 0.013208506317867892], [0.07113323017744262, 0.11076236502364678, 0.013437556995995347, 0.021933173000448287, 0.7690765743333233, 0.013657100469143622], [0.7066616848530475, 0.1934196489747374, 0.016553657821745223, 0.025313037469808022, 0.044870633832078115, 0.013181337048583673], [0.5539153650562273, 0.34393954569557095, 0.018163731706683534, 0.026139809534304552, 0.04459611419952937, 0.013245433807684205], [0.2905706189356418, 0.5213450638289201, 0.018592638739531507, 0.03340529214627041, 0.12201115653294566, 0.01407522981669045], [0.5579956082125749, 0.34412669668747636, 0.013027777965476934, 0.024754614835783166, 0.046882027953109216, 0.013213274345579385], [0.741303645312261, 0.17193003231144174, 0.01304590883699027, 0.028734423149574972, 0.03174224231962953, 0.01324374807010251], [0.8188582143014868, 0.10172620248706311, 0.01304490878265826, 0.021442813074816394, 0.031685794139655096, 0.013242067214320183], [0.8679890028355277, 0.06108368940106172, 0.013006987804565948, 0.017447598667802725, 0.027294390309101982, 0.013178330981939814], [0.8826335891672569, 0.05022673112270287, 0.013024000848455182, 0.01570108703174862, 0.025207665928319835, 0.013206925901516573], [0.049985789369092266, 0.04955393048799028, 0.013437556995995347, 0.016773180515968218, 0.8565924421618102, 0.013657100469143622], [0.8835587304019278, 0.04942574334126205, 0.013004323317093848, 0.015155934248832097, 0.02568141608479963, 0.013173852606084557], [0.894052481507844, 0.04158542153400606, 0.013039951640248609, 0.014457963057578287, 0.02363044683480317, 0.013233735425519932], [0.894052481507844, 0.04158542153400606, 0.013039951640248609, 0.014457963057578287, 0.02363044683480317, 0.013233735425519932], [0.8964817471200711, 0.03707047317252709, 0.015673953434561225, 0.014289646779076848, 0.02324426948179198, 0.013239910011971761], [0.9279384765090727, 0.01677812863435243, 0.01191585846482724, 0.012072824679095215, 0.018758179075316884, 0.012536532637335323]], [[0.9279384765090727, 0.01677812863435243, 0.01191585846482724, 0.012072824679095215, 0.018758179075316884, 0.012536532637335323], [0.8049768313242535, 0.08270718729778513, 0.05197535473454587, 0.019247443805236467, 0.027921376492908268, 0.01317180634527072], [0.0988703730240659, 0.3682439056330242, 0.016092785750566278, 0.028626601494735025, 0.4745244236139989, 0.013641910483609522], [0.5715663823830628, 0.33576662312622424, 0.013027777965476934, 0.022771951801626934, 0.04365399037802968, 0.013213274345579385], [0.7442652374627551, 0.16472218995552357, 0.014394126065363253, 0.02777619469697775, 0.035598503749277796, 0.01324374807010251], [0.7861144619320332, 0.14187560450168502, 0.01304490878265826, 0.017313199546968246, 0.028409758022335044, 0.013242067214320183], [0.7105013860189202, 0.21112505064419126, 0.01304590883699027, 0.018082530688396763, 0.03400137574139899, 0.01324374807010251], [0.6987332778359574, 0.21537169181375862, 0.01304590883699027, 0.02353825681907413, 0.03606711662411703, 0.01324374807010251], [0.7395214269517754, 0.17054161529341744, 0.013046911795833576, 0.02804441221721024, 0.035600199934079105, 0.013245433807684205], [0.27769671402233753, 0.5373919585900342, 0.015899147988524345, 0.029383757077454546, 0.12555319250495875, 0.01407522981669045], [0.7494064859841694, 0.16146484186926255, 0.012577801357448792, 0.02307886939262833, 0.0407458773208987, 0.012726124075592241], [0.08917930219213321, 0.4628758129326676, 0.01300607700538063, 0.026846767242955427, 0.39490019875987564, 0.013191841866987436], [0.06291077438027125, 0.1222453457196782, 0.013006077005380628, 0.021137173945222944, 0.7675087870824595, 0.013191841866987436], [0.04751511171591052, 0.060890494789280956, 0.01300607700538063, 0.016725203554202376, 0.848671271068238, 0.013191841866987436], [0.8251097244518866, 0.1005543204586079, 0.012576265281510087, 0.01926713108482693, 0.029769016429426413, 0.012723542293741969], [0.86068921161398, 0.06870853299819561, 0.013024941144603806, 0.01716596744342541, 0.027202840481927136, 0.013208506317867892], [0.884256815704865, 0.049005142644840946, 0.013042917337206073, 0.015733904697819493, 0.024722499551694272, 0.013238720063574114], [0.8853531507722503, 0.04817827268209374, 0.013041925921106243, 0.01546877401016444, 0.024720822887759817, 0.013237053726625453], [0.8837770022045691, 0.04926637568622409, 0.013023063189095314, 0.015462933102131265, 0.025265275900994213, 0.01320534991698609], [0.884256815704865, 0.049005142644840946, 0.013042917337206073, 0.015733904697819493, 0.024722499551694272, 0.013238720063574114], [0.8854635119292218, 0.04813567000950709, 0.013041925921106241, 0.015454868952231538, 0.024666969461307593, 0.013237053726625453], [0.8866910762104677, 0.04717374106917116, 0.013040937359557352, 0.015189658775134864, 0.02466919439816428, 0.013235392187504575], [0.8840217492159885, 0.049086333257249884, 0.013023063189095314, 0.015448185172908895, 0.02521531924777121, 0.01320534991698609], [0.050723389022464656, 0.04920112053863206, 0.01335901393236871, 0.01669709009046302, 0.8564379369716757, 0.0135814494443958], [0.8829540834676026, 0.04989132000350521, 0.013024000848455182, 0.015705971903802216, 0.025217697875118135, 0.013206925901516571], [0.8651894301477602, 0.0649786268922207, 0.013006987804565948, 0.016330080583479914, 0.027316543590033424, 0.013178330981939814], [0.07706146273517313, 0.12027370021804751, 0.013393415903141099, 0.0219783438138759, 0.7536784926316331, 0.01361458469812931], [0.5546939058716488, 0.3491329010769149, 0.014546298531249457, 0.024493909978094613, 0.04392130402107201, 0.013211680521020164], [0.5459802843355861, 0.3574677582796313, 0.013027777965476934, 0.024754614835783173, 0.045556290237942956, 0.013213274345579385], [0.06521072985538397, 0.12215344042673769, 0.013437556995995347, 0.04391190465395191, 0.7416292675987876, 0.013657100469143622], [0.8039346406325496, 0.11137661794193708, 0.013007880835002098, 0.029450711596958452, 0.029050317037791325, 0.013179831955761287], [0.8637440368240848, 0.06550281418306082, 0.013024941144603806, 0.01754121192807726, 0.026978489602305283, 0.013208506317867892], [0.049987198973428966, 0.04888823681042586, 0.013439803160246244, 0.016729622565376818, 0.8572958745632769, 0.013659263927245282], [0.8679890028355277, 0.06108368940106172, 0.013006987804565948, 0.017447598667802725, 0.027294390309101982, 0.013178330981939814], [0.050079659805390954, 0.048977375633204395, 0.013421786317352599, 0.016721550387225677, 0.8571577173732168, 0.013641910483609522], [0.8835668690611949, 0.0495591841328351, 0.013023063189095314, 0.015444143172144771, 0.025201390527743686, 0.01320534991698609], [0.8862361960556742, 0.04764659194475638, 0.013040937359557352, 0.015185616774370737, 0.024655265678136758, 0.013235392187504575], [0.8924194938470194, 0.04271691202305515, 0.01302119573650123, 0.01446668581048639, 0.024173501413908387, 0.013202211169029589], [0.8964817471200711, 0.03707047317252709, 0.015673953434561225, 0.014289646779076848, 0.02324426948179198, 0.013239910011971761], [0.9279384765090727, 0.01677812863435243, 0.01191585846482724, 0.012072824679095215, 0.018758179075316884, 0.012536532637335323]], [[0.9279384765090727, 0.01677812863435243, 0.01191585846482724, 0.012072824679095215, 0.018758179075316884, 0.012536532637335323], [0.8752254162822761, 0.04742187968004208, 0.022221137335402263, 0.016206959478985962, 0.025715534623132377, 0.013209072600161272], [0.8138873408512587, 0.1070708462281135, 0.013025884088679206, 0.018970531191136702, 0.03383530645605143, 0.013210091184760433], [0.746616440134493, 0.16371920451215854, 0.013045908836990269, 0.02777619469697775, 0.03559850374927779, 0.01324374807010251], [0.7848601079284203, 0.14312995850529786, 0.01304490878265826, 0.017313199546968246, 0.028409758022335044, 0.013242067214320183], [0.733758808475247, 0.18863234591998893, 0.013026829691882215, 0.017631469586629363, 0.033738865805232235, 0.013211680521020164], [0.7595587430190996, 0.1580257662394886, 0.013046911795833576, 0.02258868608653289, 0.03353445905136107, 0.013245433807684207], [0.7396918129647369, 0.18197125226540106, 0.013026829691882215, 0.0179278514522294, 0.034170573104730234, 0.013211680521020164], [0.7205119580758932, 0.18199740951842913, 0.013008776316109357, 0.03455916469541693, 0.036741354345567655, 0.013181337048583673], [0.07331981285198089, 0.19149249006010935, 0.013509701224450355, 0.23855550745813162, 0.4693959001347125, 0.013726588270615264], [0.08995378666854097, 0.46653701227568606, 0.01300607700538063, 0.032179137373624885, 0.38513214480978, 0.013191841866987436], [0.22695156447284448, 0.18989524619425352, 0.013006077005380628, 0.1656863030239759, 0.3912689674365579, 0.013191841866987436], [0.6172114694200206, 0.29386675238597854, 0.012570441984785522, 0.025718805244580152, 0.037918776261085314, 0.012713754703549723], [0.05848254068992595, 0.10036001299686999, 0.01300607700538063, 0.02036173404505228, 0.7945977933957836, 0.013191841866987436], [0.7498749179572076, 0.16074194265645797, 0.012577032265647239, 0.02326998690371697, 0.040811288803546814, 0.012724831413423388], [0.0778103904330604, 0.12398269971906392, 0.013377410540111783, 0.022556828251802996, 0.7486735023864243, 0.01359916866953658], [0.86068921161398, 0.06870853299819561, 0.013024941144603806, 0.01716596744342541, 0.027202840481927136, 0.013208506317867892], [0.882709336456183, 0.05007136243247942, 0.013024000848455182, 0.015720719833024588, 0.025267654528341142, 0.013206925901516573], [0.051002574961216886, 0.04983136138845934, 0.013340504591678917, 0.016792037199450084, 0.8554699002219398, 0.013563621637254922], [0.86068921161398, 0.06870853299819561, 0.013024941144603806, 0.01716596744342541, 0.027202840481927136, 0.013208506317867892], [0.8831961460348441, 0.05013051689730725, 0.013042917337206073, 0.015719156768597125, 0.02467254289847127, 0.013238720063574114], [0.8855978977836697, 0.047998230253119535, 0.013041925921106243, 0.015454026080942072, 0.024670866234536813, 0.013237053726625453], [0.8829540834676026, 0.04989132000350521, 0.013024000848455182, 0.015705971903802216, 0.025217697875118135, 0.013206925901516571], [0.8627619503447317, 0.0675802654658054, 0.013024941144603806, 0.016423693843754448, 0.027000642883236718, 0.013208506317867892], [0.8845015627162847, 0.04882510021586674, 0.013042917337206073, 0.015719156768597125, 0.02467254289847127, 0.013238720063574114], [0.8845015627162847, 0.04882510021586674, 0.013042917337206073, 0.015719156768597125, 0.02467254289847127, 0.013238720063574114], [0.8623933827673762, 0.06777467427260457, 0.013006987804565948, 0.016330080583479914, 0.027316543590033424, 0.013178330981939814], [0.8049655601400264, 0.11671422145191487, 0.01304490878265826, 0.02032529499049358, 0.031707947420586524, 0.013242067214320183], [0.5386242817365964, 0.37399302341481233, 0.013026829691882215, 0.02506985875146297, 0.03607432588422579, 0.013211680521020164], [0.06173214388406319, 0.06594776941954199, 0.025935004817593026, 0.01837901279206638, 0.8136315741219782, 0.014374494964757081], [0.06985492542902397, 0.10785862093501666, 0.13180393893969147, 0.02273542395338634, 0.6540727281297413, 0.013674362613140185], [0.7904086996311981, 0.0549767695843464, 0.09591831281591007, 0.01681992175274739, 0.028733919116125925, 0.01314237709967201], [0.054613500667321464, 0.04491040567500563, 0.0239671362146743, 0.017093339198815928, 0.845773707760573, 0.013641910483609522], [0.8106079866260927, 0.07258425924927328, 0.051924718183015035, 0.01927471366079129, 0.03243651593555695, 0.01317180634527072], [0.8720488151177662, 0.050132669924080955, 0.022253520137040555, 0.016167668566624476, 0.026218458952733482, 0.01317886730175432], [0.8865801234163923, 0.0416940767953928, 0.018862139097859332, 0.015459302329477363, 0.024187731549412096, 0.013216626811466037], [0.8864106448728036, 0.04175815879559807, 0.018820492579972443, 0.015153076577550311, 0.0246643596279321, 0.013193267546143536], [0.049786013386247524, 0.041947962756631325, 0.018883353253109088, 0.016401427047571405, 0.8594176219191857, 0.013563621637254922], [0.895974005018772, 0.03749761907646501, 0.0152729625490056, 0.014201419588264944, 0.023865599495828692, 0.013188394271663908], [0.927901338048151, 0.016782033133780055, 0.011927003872921319, 0.012083736332588744, 0.01875913487714069, 0.01254675373541822]], [[0.9279384765090727, 0.01677812863435243, 0.01191585846482724, 0.012072824679095215, 0.018758179075316884, 0.012536532637335323], [0.8740865501930906, 0.04598029698064918, 0.022304156688571372, 0.01614039871106965, 0.02830973012486479, 0.01317886730175432], [0.8376291355097358, 0.08659160592091789, 0.01304490878265826, 0.021551137424871872, 0.027941145147495815, 0.013242067214320183], [0.7861144619320332, 0.14187560450168502, 0.01304490878265826, 0.017313199546968246, 0.028409758022335044, 0.013242067214320183], [0.733758808475247, 0.18863234591998893, 0.013026829691882215, 0.017631469586629363, 0.033738865805232235, 0.013211680521020164], [0.07837628859383333, 0.0850504369223726, 0.10484538597395884, 0.02456334136810332, 0.6930845923375244, 0.014079954804207307], [0.646993046354122, 0.05349958576711223, 0.1688580879245432, 0.02358420037318689, 0.09123143030601137, 0.015833649275024286], [0.06915530751493836, 0.15012097752103637, 0.013509701224450355, 0.04627423267287233, 0.7072131927960872, 0.013726588270615264], [0.06785575531658718, 0.14326344129657156, 0.013576816470205515, 0.04236130094219514, 0.7191448349747166, 0.01379785099972401], [0.7289706778059523, 0.17801012453505763, 0.013519431568410496, 0.025585170979842788, 0.04019894074890818, 0.013715654361828472], [0.6077945226295145, 0.3074588271804997, 0.012593307275277755, 0.024308687334696422, 0.03509246970876585, 0.012752185871245608], [0.2362180313812804, 0.5934679246793731, 0.015052650349864923, 0.03691134533720988, 0.1048595931222873, 0.01349045512998423], [0.6097181292845311, 0.16008059802497013, 0.012593307275277757, 0.16311406234550446, 0.04174171719847104, 0.01275218587124561], [0.6349811345018771, 0.2701034043138492, 0.012577032265647239, 0.028423532650827144, 0.041190064854375937, 0.012724831413423388], [0.7449643805072134, 0.16284852434774033, 0.012609695498599804, 0.02364901937518752, 0.04314864965664167, 0.012779730614617277], [0.7205368025754382, 0.18171786315785593, 0.013026829691882215, 0.02441952120448057, 0.04708730284932275, 0.013211680521020164], [0.8121044642827858, 0.108420848283732, 0.01304490878265826, 0.021109193250150867, 0.03207851818635277, 0.013242067214320183], [0.86068921161398, 0.06870853299819561, 0.013024941144603806, 0.01716596744342541, 0.027202840481927136, 0.013208506317867892], [0.8592589289890974, 0.07013881562307826, 0.013024941144603806, 0.01716596744342541, 0.027202840481927136, 0.013208506317867892], [0.8078697947588427, 0.11305484096558013, 0.013025884088679206, 0.018981507296193224, 0.03385788170594425, 0.013210091184760433], [0.863116925653986, 0.06790972079370185, 0.013043911620238843, 0.016402639777237694, 0.026286410935673646, 0.013240391219161771], [0.8807029543362864, 0.05214244913482142, 0.013024000848455182, 0.015705971903802216, 0.025217697875118135, 0.013206925901516571], [0.054927844484022624, 0.06351678936107197, 0.013340504591678917, 0.017240190499531637, 0.83741104942644, 0.013563621637254922], [0.8083351004623605, 0.12043841117353316, 0.013025884088679206, 0.016854160367599524, 0.02813635272306724, 0.013210091184760433], [0.8637432818675186, 0.06685232168634073, 0.013043911620238845, 0.016486209823193515, 0.026633883783546593, 0.013240391219161773], [0.8829540834676026, 0.04989132000350521, 0.013024000848455182, 0.015705971903802216, 0.025217697875118135, 0.013206925901516571], [0.050723389022464656, 0.04920112053863206, 0.01335901393236871, 0.01669709009046302, 0.8564379369716757, 0.0135814494443958], [0.8587544317612416, 0.07158778404929544, 0.013024941144603806, 0.016423693843754448, 0.027000642883236718, 0.013208506317867892], [0.7988356229572523, 0.06557530504069164, 0.07345203339651508, 0.017244620905265233, 0.03169079930666785, 0.0132016183936079], [0.9279897231449031, 0.016772740891960854, 0.011900479134192662, 0.012057767901861896, 0.01875686018307487, 0.012522428744006478], [0.9280130867604091, 0.016770284591373683, 0.011893467615058587, 0.012050903436549501, 0.01875625889304409, 0.012515998703565198], [0.9279384765090727, 0.01677812863435243, 0.01191585846482724, 0.012072824679095215, 0.018758179075316884, 0.012536532637335323], [0.9279384765090727, 0.01677812863435243, 0.01191585846482724, 0.012072824679095215, 0.018758179075316884, 0.012536532637335323], [0.9279384765090727, 0.01677812863435243, 0.01191585846482724, 0.012072824679095215, 0.018758179075316884, 0.012536532637335323], [0.927901338048151, 0.016782033133780055, 0.011927003872921319, 0.012083736332588744, 0.01875913487714069, 0.01254675373541822], [0.927901338048151, 0.016782033133780055, 0.011927003872921319, 0.012083736332588744, 0.01875913487714069, 0.01254675373541822], [0.927901338048151, 0.016782033133780055, 0.011927003872921319, 0.012083736332588744, 0.01875913487714069, 0.01254675373541822], [0.9279384765090727, 0.01677812863435243, 0.01191585846482724, 0.012072824679095215, 0.018758179075316884, 0.012536532637335323], [0.927901338048151, 0.016782033133780055, 0.011927003872921319, 0.012083736332588744, 0.01875913487714069, 0.01254675373541822], [0.927901338048151, 0.016782033133780055, 0.011927003872921319, 0.012083736332588744, 0.01875913487714069, 0.01254675373541822]], [[0.9279384765090727, 0.01677812863435243, 0.01191585846482724, 0.012072824679095215, 0.018758179075316884, 0.012536532637335323], [0.06631225982990253, 0.08607212785497022, 0.04278923401244334, 0.01746785525690373, 0.7737770736013844, 0.0135814494443958], [0.7430960015973544, 0.16165365234719456, 0.013026829691882215, 0.02251124694393837, 0.046500588898610064, 0.013211680521020164], [0.836235216002435, 0.08659160592091789, 0.01304490878265826, 0.021551137424871872, 0.029335064654796697, 0.013242067214320183], [0.8380778226833776, 0.06503170461280475, 0.02719847376496342, 0.016739216827632332, 0.0397511637176139, 0.0132016183936079], [0.9280130867604091, 0.016770284591373683, 0.011893467615058587, 0.012050903436549501, 0.01875625889304409, 0.012515998703565198], [0.9281305632152296, 0.01675793387087478, 0.011858212437597843, 0.012016387672114735, 0.018753235498778845, 0.012483667305404223], [0.8047880357803755, 0.06898908183142674, 0.05080649672921983, 0.024272054214949025, 0.03819914286653703, 0.012945188577491815], [0.06278488143357265, 0.10949105965973675, 0.013006077005380628, 0.028566884522798514, 0.772959255511524, 0.013191841866987436], [0.048011641650692126, 0.05683212190854146, 0.013055178081693562, 0.017851564907467442, 0.8510055162365183, 0.01324397721508705], [0.785462323269637, 0.13088987669786198, 0.012267168029112, 0.02099121653299336, 0.03798378973713848, 0.012405625733257156], [0.6600000830594726, 0.1354564409967939, 0.012267878308776086, 0.022582933079984324, 0.1572858450088978, 0.012406819546075356], [0.0734828284881478, 0.40176639530815, 0.012628850387304422, 0.024060529118917276, 0.4752700927111803, 0.012791303986300224], [0.07337875947288607, 0.28790715973091696, 0.012628850387304422, 0.024105667492988078, 0.5891882589296044, 0.012791303986300224], [0.46032878788168885, 0.3720115844289117, 0.014418603317673284, 0.043623316210548116, 0.09656526329569268, 0.013052444865485374], [0.7522041798633811, 0.15810911398873967, 0.012593307275277755, 0.02257368852136042, 0.0417675244799953, 0.012752185871245608], [0.7550702210434228, 0.1554706055380914, 0.012592495074105748, 0.02235039348062335, 0.04176546411137785, 0.01275082075237888], [0.0693785403478253, 0.10816800516852605, 0.012987674284897235, 0.020699324533893983, 0.7755924818577349, 0.013173973807122673], [0.8225350548807098, 0.10406710435681286, 0.012576265281510087, 0.018618350741313648, 0.029479682445911537, 0.012723542293741969], [0.24103209590758232, 0.31563187745154775, 0.012987674284897235, 0.024593360222749168, 0.3925810183261009, 0.013173973807122673], [0.684005167329986, 0.24178021951844325, 0.012591685160137867, 0.017670074307842214, 0.031203394205827066, 0.01274945947776356], [0.8664376908883766, 0.06816026563812287, 0.012590877523726347, 0.015501926551123868, 0.024561137367466145, 0.012748102031184042], [0.8246421067509675, 0.1086122466463572, 0.012591685160137867, 0.01587062332505495, 0.02553387863971894, 0.01274945947776356], [0.7801182101001216, 0.1411409780530847, 0.013324872556010078, 0.022250705190952326, 0.03038694732805343, 0.012778286771777852], [0.828663290765912, 0.10459106263141263, 0.012591685160137867, 0.01587062332505495, 0.02553387863971894, 0.01274945947776356], [0.8732407557724275, 0.0479851462310912, 0.026228062238781942, 0.01553750115143926, 0.02425994755140252, 0.012748587054857517], [0.8714055735314412, 0.048825509523839405, 0.026390631364428367, 0.015468216844045202, 0.02518735267358241, 0.012722716062663298], [0.8236918636709678, 0.06739745352593447, 0.045018287020561897, 0.01587737217110701, 0.0352728211225157, 0.012742202488912889], [0.931072383289966, 0.015808845981292483, 0.011650488648809522, 0.01178473080017008, 0.017502243711734658, 0.012181307568027213], [0.6235006349759198, 0.07584081978397435, 0.07128419651940038, 0.01888535064583717, 0.19775931446873032, 0.012729683606138121], [0.6517592938464579, 0.04396101287764024, 0.11581489775653567, 0.018711745738784646, 0.1557811084757244, 0.013971941304857098], [0.6889035363414263, 0.11218628758674463, 0.07480960644244984, 0.019322251118856066, 0.09204863490438502, 0.012729683606138121], [0.40949994928252303, 0.2520406092943311, 0.2115743058506326, 0.019119624896688708, 0.09502960878797083, 0.012735901887853635], [0.3765536984582457, 0.12936174910178871, 0.08665110284987147, 0.017064848363110913, 0.37763891762084495, 0.012729683606138121], [0.43523725131581087, 0.39523941635781384, 0.07594382864589452, 0.01651291440033012, 0.06433068739229701, 0.012735901887853635], [0.931072383289966, 0.015808845981292483, 0.011650488648809522, 0.01178473080017008, 0.017502243711734658, 0.012181307568027213], [0.8847005461940175, 0.04331294705736127, 0.020057972814892043, 0.015255572038413042, 0.023950245832652938, 0.012722716062663298], [0.8854550783697859, 0.0422890226233221, 0.018954645960057408, 0.015399072692821382, 0.024716159924176882, 0.013186020429836173], [0.8877117881953772, 0.04114242768030531, 0.018387736408841986, 0.015231306204376564, 0.024302458457508225, 0.013224283053590778], [0.927901338048151, 0.016782033133780055, 0.011927003872921319, 0.012083736332588744, 0.01875913487714069, 0.01254675373541822]], [[0.9279384765090727, 0.01677812863435243, 0.01191585846482724, 0.012072824679095215, 0.018758179075316884, 0.012536532637335323], [0.5731068065560093, 0.0759775471220572, 0.07979982637359892, 0.025650940131189556, 0.2323279523398192, 0.013136927477325772], [0.7415637634428855, 0.15828486277239845, 0.013046911795833576, 0.024157146500148316, 0.04970188168104993, 0.013245433807684207], [0.7348022235163164, 0.16454207400093254, 0.01304590883699027, 0.022915721076614364, 0.05145032449904393, 0.01324374807010251], [0.8349065662207523, 0.06503170461280475, 0.02719847376496342, 0.016739216827632332, 0.042922420180239305, 0.0132016183936079], [0.927901338048151, 0.016782033133780055, 0.011927003872921319, 0.012083736332588744, 0.01875913487714069, 0.01254675373541822], [0.7600815730243129, 0.08499090412845357, 0.0677963436747527, 0.028460375070342027, 0.04478847448363394, 0.013882329618504684], [0.06285005721482266, 0.10803057137848675, 0.013006077005380628, 0.028653173585298515, 0.7742682789490241, 0.013191841866987436], [0.763047264580757, 0.15379836254506318, 0.016385636257075384, 0.021296435736058918, 0.0327572837952444, 0.012715017085801044], [0.08511694585720359, 0.15572219268424703, 0.013006077005380628, 0.025837564048410797, 0.7071253785377705, 0.013191841866987436], [0.8421897160915423, 0.08696086940307349, 0.012266459749635344, 0.017274532784105883, 0.028903986689359937, 0.012404435282282912], [0.7829318187271689, 0.13228481080542914, 0.012281458766356907, 0.021294177358528142, 0.03877808924594828, 0.012429645096568695], [0.6653237771161619, 0.24535342552203268, 0.012253645617699312, 0.02496581728767083, 0.039720436711734745, 0.012382897744700432], [0.5186612646805684, 0.39370380927502796, 0.012254318197702013, 0.023052968544590158, 0.03994361110884404, 0.012384028193267504], [0.07357224873957614, 0.27430877978584867, 0.012628850387304422, 0.021444684633474743, 0.6052541324674959, 0.012791303986300224], [0.08269454208549745, 0.1735004575883243, 0.013006077005380628, 0.02308693848713024, 0.69452014296668, 0.013191841866987436], [0.8256239698663806, 0.09863219761728366, 0.012591685160137867, 0.019678956489891902, 0.030723731388542383, 0.01274945947776356], [0.8260782044599888, 0.09789800392577405, 0.012591685160137867, 0.02024824957130819, 0.030434397405027507, 0.01274945947776356], [0.6177144881368364, 0.2929889978543686, 0.012592495074105748, 0.02395501520540962, 0.03999818297690063, 0.012750820752378877], [0.4731785077997587, 0.4366332743440893, 0.012593307275277757, 0.023505012040938175, 0.0413377126686904, 0.012752185871245608], [0.4559835171009756, 0.46098093592028033, 0.012592495074105748, 0.022907410907662476, 0.03478482024459687, 0.012750820752378877], [0.05209358533808042, 0.058298519749748076, 0.0131967926162877, 0.016530413412954872, 0.8464812953742439, 0.013399393508684913], [0.612079362449784, 0.31246183522241006, 0.013909952387455028, 0.018234553641399913, 0.03056347554657201, 0.012750820752378877], [0.7514125358077829, 0.1715504026975942, 0.015261491026050792, 0.01845784868213699, 0.030565535915189478, 0.012752185871245608], [0.07395163320154034, 0.052777895608112864, 0.24987121448602695, 0.02097027430670518, 0.5892870292973664, 0.013141953100248346], [0.931072383289966, 0.015808845981292483, 0.011650488648809522, 0.01178473080017008, 0.017502243711734658, 0.012181307568027213], [0.931072383289966, 0.015808845981292483, 0.011650488648809522, 0.01178473080017008, 0.017502243711734658, 0.012181307568027213], [0.931072383289966, 0.015808845981292483, 0.011650488648809522, 0.01178473080017008, 0.017502243711734658, 0.012181307568027213], [0.931072383289966, 0.015808845981292483, 0