{"round_id": "93c39605-628f-4706-abd9-08582f8b61d7", "seed_index": 4, "prediction": [[[0.9246650847926732, 0.01807273377419859, 0.011895278258013576, 0.012094701937154603, 0.020588363941260013, 0.012683837296699828], [0.9246650847926732, 0.01807273377419859, 0.011895278258013576, 0.012094701937154603, 0.020588363941260013, 0.012683837296699828], [0.9246650847926732, 0.01807273377419859, 0.011895278258013576, 0.012094701937154603, 0.020588363941260013, 0.012683837296699828], [0.9246650847926732, 0.01807273377419859, 0.011895278258013576, 0.012094701937154603, 0.020588363941260013, 0.012683837296699828], [0.9245832911738241, 0.018077744689633427, 0.011923611327355668, 0.012122282109171007, 0.020583877432751245, 0.012709193267264435], [0.9243067756800993, 0.018094684834536794, 0.012019395482257935, 0.012215520982685007, 0.02056871012345674, 0.012794912896964052], [0.9282729998100636, 0.016742959001448413, 0.01181546661729328, 0.011974538367403502, 0.01874956972605324, 0.012444466477737896], [0.9280130867604091, 0.016770284591373683, 0.011893467615058587, 0.012050903436549501, 0.01875625889304409, 0.012515998703565198], [0.9279384765090727, 0.01677812863435243, 0.01191585846482724, 0.012072824679095215, 0.018758179075316884, 0.012536532637335323], [0.9279384765090727, 0.01677812863435243, 0.01191585846482724, 0.012072824679095215, 0.018758179075316884, 0.012536532637335323], [0.9279384765090727, 0.01677812863435243, 0.01191585846482724, 0.012072824679095215, 0.018758179075316884, 0.012536532637335323], [0.9279384765090727, 0.01677812863435243, 0.01191585846482724, 0.012072824679095215, 0.018758179075316884, 0.012536532637335323], [0.9279384765090727, 0.01677812863435243, 0.01191585846482724, 0.012072824679095215, 0.018758179075316884, 0.012536532637335323], [0.9279384765090727, 0.01677812863435243, 0.01191585846482724, 0.012072824679095215, 0.018758179075316884, 0.012536532637335323], [0.9279384765090727, 0.01677812863435243, 0.01191585846482724, 0.012072824679095215, 0.018758179075316884, 0.012536532637335323], [0.9279384765090727, 0.01677812863435243, 0.01191585846482724, 0.012072824679095215, 0.018758179075316884, 0.012536532637335323], [0.9279384765090727, 0.01677812863435243, 0.01191585846482724, 0.012072824679095215, 0.018758179075316884, 0.012536532637335323], [0.9279384765090727, 0.01677812863435243, 0.01191585846482724, 0.012072824679095215, 0.018758179075316884, 0.012536532637335323], [0.9279384765090727, 0.01677812863435243, 0.01191585846482724, 0.012072824679095215, 0.018758179075316884, 0.012536532637335323], [0.9280130867604091, 0.016770284591373683, 0.011893467615058587, 0.012050903436549501, 0.01875625889304409, 0.012515998703565198], [0.9282729998100636, 0.016742959001448413, 0.01181546661729328, 0.011974538367403502, 0.01874956972605324, 0.012444466477737896], [0.9243067756800993, 0.018094684834536794, 0.012019395482257935, 0.012215520982685007, 0.02056871012345674, 0.012794912896964052], [0.9245832911738241, 0.018077744689633427, 0.011923611327355668, 0.012122282109171007, 0.020583877432751245, 0.012709193267264435], [0.9246650847926732, 0.01807273377419859, 0.011895278258013576, 0.012094701937154603, 0.020588363941260013, 0.012683837296699828], [0.9246650847926732, 0.01807273377419859, 0.011895278258013576, 0.012094701937154603, 0.020588363941260013, 0.012683837296699828], [0.9246650847926732, 0.01807273377419859, 0.011895278258013576, 0.012094701937154603, 0.020588363941260013, 0.012683837296699828], [0.9246650847926732, 0.01807273377419859, 0.011895278258013576, 0.012094701937154603, 0.020588363941260013, 0.012683837296699828], [0.9246650847926732, 0.01807273377419859, 0.011895278258013576, 0.012094701937154603, 0.020588363941260013, 0.012683837296699828], [0.9246650847926732, 0.01807273377419859, 0.011895278258013576, 0.012094701937154603, 0.020588363941260013, 0.012683837296699828], [0.9246650847926732, 0.01807273377419859, 0.011895278258013576, 0.012094701937154603, 0.020588363941260013, 0.012683837296699828], [0.9246650847926732, 0.01807273377419859, 0.011895278258013576, 0.012094701937154603, 0.020588363941260013, 0.012683837296699828], [0.9246650847926732, 0.01807273377419859, 0.011895278258013576, 0.012094701937154603, 0.020588363941260013, 0.012683837296699828], [0.9246650847926732, 0.01807273377419859, 0.011895278258013576, 0.012094701937154603, 0.020588363941260013, 0.012683837296699828], [0.9246650847926732, 0.01807273377419859, 0.011895278258013576, 0.012094701937154603, 0.020588363941260013, 0.012683837296699828], [0.9246650847926732, 0.01807273377419859, 0.011895278258013576, 0.012094701937154603, 0.020588363941260013, 0.012683837296699828], [0.9246650847926732, 0.01807273377419859, 0.011895278258013576, 0.012094701937154603, 0.020588363941260013, 0.012683837296699828], [0.9246650847926732, 0.01807273377419859, 0.011895278258013576, 0.012094701937154603, 0.020588363941260013, 0.012683837296699828], [0.9246650847926732, 0.01807273377419859, 0.011895278258013576, 0.012094701937154603, 0.020588363941260013, 0.012683837296699828], [0.9246650847926732, 0.01807273377419859, 0.011895278258013576, 0.012094701937154603, 0.020588363941260013, 0.012683837296699828], [0.9246650847926732, 0.01807273377419859, 0.011895278258013576, 0.012094701937154603, 0.020588363941260013, 0.012683837296699828]], [[0.9246650847926732, 0.01807273377419859, 0.011895278258013576, 0.012094701937154603, 0.020588363941260013, 0.012683837296699828], [0.06314844570793614, 0.05209797773498474, 0.02123473507631468, 0.018215081360018086, 0.8307755099439791, 0.014528250176767094], [0.869955756798338, 0.05094512114324071, 0.02104333274172074, 0.015941503980481157, 0.028645210589227005, 0.013469074746992252], [0.8710138695468946, 0.05041485106207132, 0.021256787164705627, 0.01638864976168737, 0.027389670216608035, 0.013536172248033053], [0.8712898359011065, 0.05020731406403003, 0.02091759576566457, 0.01600285319931111, 0.028075950748266756, 0.013506450321620813], [0.05832024930845187, 0.0489875971831441, 0.020854226508582777, 0.017664075686483788, 0.8399217511988307, 0.01425210011450671], [0.049643722287354246, 0.04074317766122311, 0.01679148360650571, 0.01625589357395285, 0.8628153737799231, 0.013750349091040951], [0.8952220853559738, 0.03774815084798111, 0.01579685903520283, 0.01424574455455695, 0.02377910895446826, 0.013208051251816868], [0.8964830376113939, 0.037075968586918605, 0.015674308536200394, 0.014285918211865586, 0.023240857041649736, 0.013239910011971761], [0.8964830376113939, 0.037075968586918605, 0.015674308536200394, 0.014285918211865586, 0.023240857041649736, 0.013239910011971761], [0.8961354270167265, 0.03720551719556669, 0.015786353892928116, 0.01432793522063848, 0.02330485666216836, 0.013239910011971761], [0.8937398969545401, 0.038506471840073296, 0.01602695671411125, 0.014252394790700377, 0.02429637971723765, 0.01317789998333733], [0.047527867850537434, 0.03883068464712443, 0.016313185481771363, 0.01597615618474582, 0.8677551461652677, 0.01359695967055316], [0.8948744747613068, 0.03787769945662921, 0.015908904391930552, 0.014287761563329848, 0.023843108574986893, 0.01320805125181687], [0.8886377163715495, 0.04054462173456663, 0.018438216716336834, 0.01496743724776686, 0.024179964522073764, 0.013232043407706312], [0.8872327414847637, 0.04133844211696598, 0.0188120645007299, 0.015220312770145975, 0.024172156073803693, 0.013224283053590778], [0.8874231883517327, 0.04119042269997423, 0.018550481143392396, 0.014920395772466753, 0.02471490151707536, 0.013200610515358365], [0.8961354270167265, 0.03720551719556669, 0.015786353892928116, 0.01432793522063848, 0.02330485666216836, 0.013239910011971761], [0.8948744747613068, 0.03787769945662921, 0.015908904391930552, 0.014287761563329848, 0.023843108574986893, 0.01320805125181687], [0.049032147592514334, 0.04164337761374189, 0.019230080152202622, 0.01642252409708596, 0.8599878435021173, 0.01368402704233781], [0.0491751801549208, 0.04175190120726006, 0.019033885302094773, 0.016452300914789646, 0.8599296319517911, 0.013657100469143622], [0.8850604361281915, 0.042555961901192665, 0.019212517295293385, 0.015378163531885022, 0.02460690071360108, 0.013186020429836173], [0.8618149437116569, 0.05429826303276675, 0.028242410294327253, 0.016177209955466357, 0.026288305704028424, 0.01317886730175432], [0.7952394088023952, 0.07624056509078933, 0.06433777135343663, 0.01709351670232677, 0.03388711965744407, 0.0132016183936079], [0.7048682252110068, 0.10352139727209994, 0.10528003620664572, 0.023010703600660258, 0.05015480191931271, 0.013164835790274705], [0.06862731280782347, 0.277600950903056, 0.043245769219775285, 0.01758043666056022, 0.5793640809643892, 0.0135814494443958], [0.8468361370638284, 0.06884012146661689, 0.0283279660985008, 0.01611497058418289, 0.026734056940262665, 0.013146747846608355], [0.04951562210188073, 0.04468971519316446, 0.01889237699269486, 0.01645047448945231, 0.8568703617784118, 0.0135814494443958], [0.8850604361281915, 0.042555961901192665, 0.019212517295293385, 0.015378163531885022, 0.02460690071360108, 0.013186020429836173], [0.8628968658846705, 0.05372782736076508, 0.028159390941158137, 0.016243770723382667, 0.0257630724898621, 0.01320907260016127], [0.8064372272418039, 0.06779076053501246, 0.06159515057558927, 0.017122195871622767, 0.03385304738236352, 0.0132016183936079], [0.8772686618659121, 0.04542430967694714, 0.02217050078387145, 0.016234229334540787, 0.025693225738567152, 0.01320907260016127], [0.8854550783697859, 0.0422890226233221, 0.018954645960057408, 0.015399072692821382, 0.024716159924176882, 0.013186020429836173], [0.049697803973133094, 0.04136083256902547, 0.018558425566233126, 0.01641616893789389, 0.8603853195093185, 0.0135814494443958], [0.8450075558722583, 0.06504926760175835, 0.029302462607507615, 0.017092484753204018, 0.02999539886855184, 0.013552830296719765], [0.059641256019880205, 0.04638573372237587, 0.06515301896097832, 0.01759823222209483, 0.7976403096302749, 0.0135814494443958], [0.6455057424488474, 0.14270400280506584, 0.11126133424490346, 0.01918365014412903, 0.06781108622740192, 0.013534184129652228], [0.6581886091372026, 0.10919984245171865, 0.12886517296555383, 0.019592724697713525, 0.07065517240160134, 0.01349847834620992], [0.7116314566737657, 0.09117732033863098, 0.10143317749374488, 0.019232585684904317, 0.06301774388270646, 0.013507715926247752], [0.9246650847926732, 0.01807273377419859, 0.011895278258013576, 0.012094701937154603, 0.020588363941260013, 0.012683837296699828]], [[0.9246650847926732, 0.01807273377419859, 0.011895278258013576, 0.012094701937154603, 0.020588363941260013, 0.012683837296699828], [0.05864659089569062, 0.049476338910907136, 0.021241957288978066, 0.017630038971123287, 0.8388200355179184, 0.014185038415382569], [0.059880171643964926, 0.058723093838392075, 0.013909075077628449, 0.018041912032750358, 0.8352607089918815, 0.014185038415382569], [0.844012909971912, 0.07931843108336895, 0.013292274710755957, 0.018547279362794333, 0.031303264999168245, 0.01352583987200055], [0.869622207040978, 0.05881544218757212, 0.01333811985263592, 0.016672689689207466, 0.02796522594373573, 0.013586315285870725], [0.8696822473550947, 0.058365067751385835, 0.01343263831871849, 0.01638959044432664, 0.02847129819523278, 0.013659157935241563], [0.8851271025097995, 0.04837872461056565, 0.013022128155448561, 0.015145541156283592, 0.025122725222241623, 0.013203778345660904], [0.8934301541552047, 0.04183060303042727, 0.01302119573650123, 0.014402237980914907, 0.02411359792792224, 0.013202211169029589], [0.8950631418160294, 0.04069911254137818, 0.013039951640248609, 0.014393515228006802, 0.02357054334881703, 0.013233735425519932], [0.8934301541552047, 0.04183060303042727, 0.01302119573650123, 0.014402237980914907, 0.02411359792792224, 0.013202211169029589], [0.8924012781833084, 0.042576446308576044, 0.01302119573650123, 0.014476291171618184, 0.02432257743096653, 0.013202211169029589], [0.048587432907326984, 0.04456036773135419, 0.013375117094011292, 0.016258125358730974, 0.8636219972380234, 0.01359695967055316], [0.8913015588163703, 0.0432662616827951, 0.013003439989424527, 0.014452019016625323, 0.024804352554455858, 0.013172367940328764], [0.8864463291990482, 0.04735378349814536, 0.013040937359557352, 0.015204406704357232, 0.024719151051387285, 0.013235392187504575], [0.8837770022045691, 0.04926637568622409, 0.013023063189095314, 0.015462933102131265, 0.025265275900994213, 0.01320534991698609], [0.882709336456183, 0.05007136243247942, 0.013024000848455182, 0.015720719833024588, 0.025267654528341142, 0.013206925901516573], [0.051002574961216886, 0.04983136138845934, 0.013340504591678917, 0.016792037199450084, 0.8554699002219398, 0.013563621637254922], [0.8848416781849429, 0.04846364313200178, 0.013022128155448561, 0.01520586824746473, 0.02526290393448094, 0.013203778345660904], [0.8848416781849429, 0.04846364313200178, 0.013022128155448561, 0.01520586824746473, 0.02526290393448094, 0.013203778345660904], [0.05023047521888235, 0.04901471373419719, 0.013455479048985029, 0.01681537105239389, 0.8568095983324012, 0.013674362613140185], [0.8818011524699803, 0.050656655488474644, 0.013006097214754495, 0.01566181272140879, 0.025697447995148108, 0.013176834110233602], [0.8621587892076757, 0.06729814277334847, 0.013024941144603806, 0.017139543181257943, 0.027170077375246023, 0.013208506317867892], [0.07142733609090166, 0.11128176448370163, 0.01340366021939498, 0.02194757421136613, 0.7683152131868385, 0.013624451807797082], [0.7075578443086621, 0.19434701793936857, 0.013026829691882215, 0.024239379623634684, 0.047617247915432225, 0.013211680521020164], [0.543314084142754, 0.3606398063222772, 0.013046911795833576, 0.025885279179844622, 0.04386848475160641, 0.013245433807684205], [0.5358915533301669, 0.3676458895815016, 0.013026829691882215, 0.024239379623634684, 0.04598466725179447, 0.013211680521020164], [0.6239372704422865, 0.29595127099441, 0.013025884088679206, 0.019712557031515573, 0.03416292625834826, 0.013210091184760433], [0.8482681757796935, 0.08118875620133073, 0.013024941144603806, 0.017139543181257943, 0.027170077375246023, 0.013208506317867892], [0.8568603332653585, 0.07259659871566584, 0.013024941144603806, 0.017139543181257943, 0.027170077375246023, 0.013208506317867892], [0.8086505289428225, 0.11123801249387402, 0.013025884088679206, 0.019712557031515573, 0.03416292625834826, 0.013210091184760433], [0.7459724780833397, 0.16521326286689572, 0.01304590883699027, 0.02484715743251304, 0.03767744471015884, 0.01324374807010251], [0.8203954339450522, 0.10018898284349766, 0.01304490878265826, 0.021442813074816394, 0.031685794139655096, 0.013242067214320183], [0.8704988232522797, 0.05943245839201682, 0.013043911620238843, 0.017520157861560505, 0.02626425765474221, 0.013240391219161771], [0.8604788754968095, 0.06876797551033635, 0.013024941144603808, 0.017541211928077262, 0.026978489602305283, 0.013208506317867894], [0.8089150810653893, 0.1180349766020149, 0.013025884088679206, 0.018268060317522365, 0.028545906741633792, 0.013210091184760433], [0.5598049651056348, 0.36233727278006145, 0.013026829691882215, 0.018886079904826623, 0.03273317199657467, 0.013211680521020164], [0.6618409584712502, 0.24573993754871407, 0.013438497161818667, 0.027821903427765526, 0.037489698119932996, 0.013669005270518727], [0.264940714332673, 0.5443461187490198, 0.017526958395700048, 0.030564873520107942, 0.1275951648709878, 0.015026170131511255], [0.6581886091372026, 0.10919984245171865, 0.12886517296555383, 0.019592724697713525, 0.07065517240160134, 0.01349847834620992], [0.9246650847926732, 0.01807273377419859, 0.011895278258013576, 0.012094701937154603, 0.020588363941260013, 0.012683837296699828]], [[0.9246650847926732, 0.01807273377419859, 0.011895278258013576, 0.012094701937154603, 0.020588363941260013, 0.012683837296699828], [0.8695823816287589, 0.05117184987487004, 0.02137449130106945, 0.016312014610546696, 0.028062033368961528, 0.013497229215793445], [0.8427517516148438, 0.08009079520964454, 0.013269431190461457, 0.01848112996422771, 0.031919446725943046, 0.013487445294879366], [0.7759299222545286, 0.13522676366003006, 0.013293474496538298, 0.02182113781935141, 0.04020084534024481, 0.013527856429306739], [0.8461606065589105, 0.07776859943240448, 0.013339380184974768, 0.01857657354833322, 0.030566406667699587, 0.013588433607677452], [0.8703841165413108, 0.05791571224139512, 0.013476493413758596, 0.016734945562107733, 0.02776970891158681, 0.013719023329840936], [0.8840624265294257, 0.04918145716478796, 0.013023063189095314, 0.015402606010950125, 0.025125097188754893, 0.01320534991698609], [0.050588490175292815, 0.04972370182304207, 0.01335901393236871, 0.01671679090223514, 0.8560305537226653, 0.0135814494443958], [0.8923304347882666, 0.04252041840464634, 0.013003439989424525, 0.014377965825922044, 0.02459537305141157, 0.013172367940328764], [0.050150696488948855, 0.045709051908216676, 0.013569591648911203, 0.016547258631723356, 0.8602211584728099, 0.013802242849390016], [0.8913015588163703, 0.0432662616827951, 0.013003439989424527, 0.014452019016625323, 0.024804352554455858, 0.013172367940328764], [0.8924012781833084, 0.042576446308576044, 0.01302119573650123, 0.014476291171618184, 0.02432257743096653, 0.013202211169029589], [0.8848416781849429, 0.04846364313200178, 0.013022128155448561, 0.01520586824746473, 0.02526290393448094, 0.013203778345660904], [0.8840070521453266, 0.04898115638480963, 0.013023063189095314, 0.015467841185232456, 0.02531553717854983, 0.01320534991698609], [0.05049922675575342, 0.04927286738812425, 0.013403660219394981, 0.016792840650349194, 0.8564069531785812, 0.013624451807797082], [0.8589978748339131, 0.07039986977826249, 0.013024941144603806, 0.01716596744342541, 0.02720284048192713, 0.013208506317867892], [0.8811898676168157, 0.05159083127184667, 0.013024000848455182, 0.015720719833024588, 0.025267654528341142, 0.013206925901516573], [0.8853531507722503, 0.04817827268209374, 0.013041925921106243, 0.01546877401016444, 0.024720822887759817, 0.013237053726625453], [0.8853531507722503, 0.04817827268209374, 0.013041925921106243, 0.01546877401016444, 0.024720822887759817, 0.013237053726625453], [0.8816907913130086, 0.050699258161061286, 0.013006097214754495, 0.015675717779341694, 0.02575130142160032, 0.013176834110233602], [0.8621587892076757, 0.06729814277334847, 0.013024941144603806, 0.017139543181257943, 0.027170077375246023, 0.013208506317867892], [0.8069591921627556, 0.1129293492739409, 0.013025884088679206, 0.019712557031515573, 0.03416292625834826, 0.013210091184760433], [0.09490767050833339, 0.18206435233324192, 0.013421786317352599, 0.032742435929723174, 0.6632218444277393, 0.013641910483609522], [0.5369068332249576, 0.3609672617108197, 0.013027777965476934, 0.024500084481323244, 0.05138476827184313, 0.013213274345579385], [0.2802653335371428, 0.5335752581469497, 0.015899147988524345, 0.040734483961199636, 0.11545054654949283, 0.01407522981669045], [0.5254244628682774, 0.3778473275343153, 0.013027777965476934, 0.024500084481323244, 0.04598707280502766, 0.013213274345579385], [0.10171450134169986, 0.1940573801591397, 0.01335901393236871, 0.21183036744997286, 0.465457287672423, 0.0135814494443958], [0.6273758790703056, 0.2925948663176461, 0.013007880835002098, 0.02079327904461483, 0.03304826277667005, 0.013179831955761287], [0.06578814210911087, 0.11770103703762327, 0.013483267572503236, 0.023104608648347628, 0.7662218166986555, 0.013701127933759386], [0.0931064645742801, 0.17021550059822177, 0.013473293683788596, 0.032566844157555536, 0.6769463756919519, 0.013691521294202137], [0.739998389960058, 0.17023264852627998, 0.013027777965476934, 0.023730180254224152, 0.039797728948381406, 0.013213274345579385], [0.7459724780833397, 0.16521326286689572, 0.01304590883699027, 0.02484715743251304, 0.03767744471015884, 0.01324374807010251], [0.80656970639837, 0.12110844043413217, 0.013025884088679206, 0.01797167845192233, 0.0281141994421358, 0.013210091184760433], [0.8039194914748982, 0.12375865535760402, 0.013025884088679206, 0.01797167845192233, 0.0281141994421358, 0.013210091184760433], [0.06440591344714539, 0.33462196405741945, 0.01606823657741669, 0.06029492334632951, 0.5110097939021523, 0.01359916866953658], [0.7123669743706662, 0.19239503477393205, 0.013009674257989358, 0.0303152685330845, 0.038730201786942274, 0.01318284627738543], [0.07984186568399693, 0.16643508716779912, 0.017273745880993722, 0.04179041904089355, 0.6804346151389293, 0.014224267087387213], [0.6693534234770132, 0.23798710625836636, 0.013341801417616853, 0.0279585069389352, 0.03778311353372598, 0.013576048374342373], [0.6489788035934819, 0.13776889719848914, 0.11226219198418949, 0.019181292945320397, 0.06833854003281654, 0.013470274245702442], [0.9245832911738241, 0.018077744689633427, 0.011923611327355668, 0.012122282109171007, 0.020583877432751245, 0.012709193267264435]], [[0.9246650847926732, 0.01807273377419859, 0.011895278258013576, 0.012094701937154603, 0.020588363941260013, 0.012683837296699828], [0.8442998083894195, 0.062235799915263554, 0.032528289013061235, 0.017312869918400864, 0.030112785584755157, 0.013510447179099624], [0.08662133229374856, 0.13442337624955783, 0.013909075077628447, 0.024588279407602578, 0.7262728985560799, 0.014185038415382567], [0.12248857651703175, 0.23913265081040763, 0.013909075077628447, 0.033047592167330254, 0.5772370670122192, 0.014185038415382567], [0.7735624193132628, 0.13435547629822445, 0.013339409808270968, 0.021802925217043172, 0.043367740720854156, 0.013572028642344393], [0.8453910492485339, 0.07791853250843944, 0.013434971970578684, 0.01856720182042972, 0.031025164197660958, 0.013663080254357233], [0.8829947607810396, 0.04998644391104329, 0.013024000848455182, 0.015660392741843446, 0.02512747581610182, 0.013206925901516571], [0.8840624265294257, 0.04918145716478796, 0.013023063189095314, 0.015402606010950125, 0.025125097188754893, 0.01320534991698609], [0.8867317535239048, 0.047268864976709235, 0.013040937359557352, 0.015144079613176094, 0.02457897233914797, 0.013235392187504576], [0.8923304347882666, 0.04252041840464634, 0.013003439989424525, 0.014377965825922044, 0.02459537305141157, 0.013172367940328764], [0.0484987846676692, 0.04448395051728782, 0.013393415903141099, 0.016267667878522227, 0.8637415963352504, 0.01361458469812931], [0.8837688635453018, 0.04913293489465104, 0.013004323317093848, 0.015174724178818592, 0.02574530145805016, 0.013173852606084559], [0.0504994852751282, 0.04804086363382353, 0.013377410540111783, 0.01672992355682704, 0.8577531483245728, 0.013599168669536582], [0.0350954701524857, 0.016734902784662962, 0.011792470116606656, 0.011952024176362845, 0.0187475976046996, 0.9056775351651822], [0.054045156017764114, 0.0660040183745299, 0.013421786317352599, 0.01774114117855148, 0.8351459876281924, 0.013641910483609522], [0.797268819673702, 0.12256053439414595, 0.013025884088679206, 0.019738981293683042, 0.034195689365029376, 0.013210091184760433], [0.8534087367001764, 0.076463440722088, 0.013043911620238845, 0.01718653803689498, 0.02665698170143989, 0.013240391219161773], [0.8801267965533206, 0.05313516179638526, 0.013042917337206073, 0.015733904697819493, 0.024722499551694272, 0.013238720063574112], [0.882731245318495, 0.04991502780992247, 0.013005209055576165, 0.015424879146166706, 0.02574829734599047, 0.013175341323849163], [0.050059567918515936, 0.048148854945371806, 0.013455479048985029, 0.016722214654219685, 0.8579395208197673, 0.013674362613140185], [0.050304913715016934, 0.04939785508644406, 0.01340366021939498, 0.016735505504807176, 0.8565336136665397, 0.013624451807797082], [0.8603949017882495, 0.06729814277334847, 0.013024941144603806, 0.017139543181257943, 0.02893396479467234, 0.013208506317867892], [0.7900869719774047, 0.12334725780188883, 0.013007880835002098, 0.02079327904461483, 0.03958477838532808, 0.013179831955761286], [0.5416290447667611, 0.1951816834082349, 0.01304590883699027, 0.025617061659612125, 0.21128255325829898, 0.01324374807010251], [0.5285649402307883, 0.3693091547049891, 0.013027777965476934, 0.024500084481323244, 0.05138476827184313, 0.013213274345579385], [0.5367134732504811, 0.36531148688544945, 0.013026829691882215, 0.024239379623634684, 0.047497150027532443, 0.013211680521020164], [0.629648650085723, 0.29023989135097356, 0.013025884088679206, 0.019712557031515573, 0.03416292625834826, 0.013210091184760433], [0.7980333182693852, 0.12185522316731126, 0.013025884088679206, 0.019712557031515573, 0.03416292625834826, 0.013210091184760433], [0.09272193299088528, 0.16942868598731248, 0.01350421370928774, 0.0324981518459454, 0.6781257126549899, 0.013721302811579131], [0.7400801671747904, 0.1684062769920653, 0.013001958838187833, 0.02384448786091248, 0.04149723066007832, 0.013169878473965776], [0.47580707973344266, 0.3344037857087345, 0.015899147988524345, 0.03337533191889449, 0.1264394248337133, 0.01407522981669045], [0.7247188515204329, 0.19205512716428494, 0.013027777965476934, 0.024602510893192542, 0.03238245811103319, 0.013213274345579385], [0.06758261165191426, 0.11596030500482543, 0.013340504591678917, 0.02917475362586313, 0.7603782034884632, 0.013563621637254922], [0.5669268715325627, 0.35619769827408915, 0.013026829691882215, 0.018886079904826623, 0.03175084007561911, 0.013211680521020164], [0.7277137295980405, 0.19103308032180133, 0.013009674257989358, 0.018946989118541438, 0.03611368042624187, 0.01318284627738543], [0.43786156807801924, 0.04690855197428545, 0.13262116505453636, 0.020171271272088103, 0.347800061665735, 0.014637381955335763], [0.6663776532921568, 0.22507621354808044, 0.013457241009400146, 0.034813926616064785, 0.046604014419638115, 0.013670951114659899], [0.6802397367112201, 0.2337202121328318, 0.013417945951448424, 0.020722631990886198, 0.038251075033311745, 0.01364839818030177], [0.06846417092170505, 0.12465347141402962, 0.028125464574297654, 0.019348030016210594, 0.7451567629592504, 0.01425210011450671], [0.9243067756800993, 0.018094684834536794, 0.012019395482257935, 0.012215520982685007, 0.02056871012345674, 0.012794912896964052]], [[0.9246650847926732, 0.01807273377419859, 0.011895278258013576, 0.012094701937154603, 0.020588363941260013, 0.012683837296699828], [0.7614163065146994, 0.08170265822140271, 0.08533971870139057, 0.018489190285190853, 0.03941894912141658, 0.013633177155900079], [0.6664747789863883, 0.22156320416623349, 0.019568005767238973, 0.024868936714605605, 0.053818539157879125, 0.013706535207654566], [0.6633153887171113, 0.2243947549503844, 0.013479582639683458, 0.02519067034555046, 0.05991110121438469, 0.013708502132885932], [0.6597235051880056, 0.2229661410445557, 0.013437318784360688, 0.024906889085976915, 0.06529912120153776, 0.013667024695563341], [0.07799380610019198, 0.15637371799233812, 0.014121610878357765, 0.022618582330801943, 0.7145053901232314, 0.014386892575078598], [0.05385720110375104, 0.07750374186754301, 0.013498715960042392, 0.01781689072040574, 0.8236074428529677, 0.01371600749529004], [0.8829947607810396, 0.04998644391104329, 0.013024000848455182, 0.015660392741843446, 0.02512747581610182, 0.013206925901516571], [0.8856385750971068, 0.0480933541606576, 0.013041925921106241, 0.0154084469189833, 0.024580644175520496, 0.013237053726625453], [0.8867317535239048, 0.047268864976709235, 0.013040937359557352, 0.015144079613176094, 0.02457897233914797, 0.013235392187504576], [0.8848416781849429, 0.04846364313200178, 0.013022128155448561, 0.01520586824746473, 0.02526290393448094, 0.013203778345660904], [0.8853531507722503, 0.04817827268209374, 0.013041925921106243, 0.01546877401016444, 0.024720822887759817, 0.013237053726625453], [0.8806176090833864, 0.05218373170249181, 0.013024000848455182, 0.015666477389827262, 0.025301255074322675, 0.013206925901516573], [0.034919017424520714, 0.016764864529635836, 0.011877996028730246, 0.012035756338517282, 0.018754932089188645, 0.9056474335894072], [0.7998455972484915, 0.1215761496868372, 0.013025884088679206, 0.01781812911639459, 0.034524148674837093, 0.013210091184760433], [0.5485182424056759, 0.3544254732824399, 0.01304590883699027, 0.025797203240458012, 0.04496942416433339, 0.01324374807010251], [0.631917552022158, 0.2886077605443598, 0.01304490878265826, 0.021109193250150867, 0.03207851818635277, 0.013242067214320183], [0.8441134556124331, 0.08528428899974254, 0.013024941144603806, 0.01716596744342541, 0.027202840481927136, 0.013208506317867892], [0.05086816137285994, 0.04804735231801487, 0.013375117094011292, 0.016802561520261113, 0.8573098480242995, 0.01359695967055316], [0.034919017424520714, 0.016764864529635836, 0.011877996028730246, 0.012035756338517282, 0.018754932089188645, 0.9056474335894072], [0.8849897827425072, 0.04814799205341403, 0.013019499991026267, 0.01539254763430389, 0.02524828900470337, 0.013201888574045311], [0.8808076792417602, 0.05204077813128733, 0.013024000848455182, 0.015706814775091685, 0.025213801101888922, 0.013206925901516573], [0.05395412876351099, 0.06470788148795634, 0.013439803160246244, 0.017806829265566697, 0.8364320933954745, 0.013659263927245282], [0.6232771988073635, 0.28988139477156505, 0.013007880835002098, 0.02079327904461483, 0.03986041458569319, 0.013179831955761287], [0.09413113313399561, 0.18947861198576096, 0.013483267572503236, 0.03260521940464188, 0.6566006399693388, 0.013701127933759386], [0.06182478516449108, 0.24142280856305445, 0.013006077005380628, 0.020194570968332125, 0.6503599164317543, 0.013191841866987436], [0.8684615959812747, 0.06504907834265004, 0.012575500396385247, 0.016070526659593333, 0.02512104191809069, 0.012722256702005849], [0.8721206164941593, 0.06171908991560835, 0.012590877523726347, 0.01611505516098815, 0.02470625887433381, 0.012748102031184042], [0.8263684251587319, 0.09934631403515784, 0.012576265281510087, 0.01924449856946283, 0.029740954661395327, 0.012723542293741969], [0.08585821193192354, 0.15510786503950705, 0.013001996646098805, 0.02973926807340812, 0.7031047782532639, 0.013187880055798533], [0.766003203906773, 0.15044571214854496, 0.012593307275277757, 0.02238565374013864, 0.03581993705801996, 0.012752185871245608], [0.7661200040736739, 0.14901674879522445, 0.012608836459233375, 0.021883108557226506, 0.03759301534286394, 0.012778286771777852], [0.833138703153164, 0.09855385261681295, 0.012591685160137867, 0.01708163584593912, 0.025884663746182514, 0.01274945947776356], [0.8361811043423187, 0.09587233889548669, 0.012576265281510087, 0.016922644401137665, 0.025724104785804724, 0.012723542293741969], [0.06235425830017452, 0.07435699891779371, 0.25524056483263685, 0.020757263664520964, 0.5740990724178864, 0.013191841866987436], [0.9311621861795691, 0.015797357964597962, 0.011625698145446789, 0.01176036973427171, 0.017496172834292993, 0.012158215141821286], [0.07133135684245571, 0.08689547867758705, 0.3015136956861578, 0.022884953824139583, 0.5037402296518874, 0.013634285317772455], [0.8084885087590128, 0.10673592709215413, 0.012929590323277044, 0.029573812455033134, 0.029168513873566046, 0.01310364749695678], [0.05498324914702797, 0.045178269804850096, 0.026714137454041824, 0.017069118820032973, 0.8424737753296512, 0.0135814494443958], [0.9282729998100636, 0.016742959001448413, 0.01181546661729328, 0.011974538367403502, 0.01874956972605324, 0.012444466477737896]], [[0.9246650847926732, 0.01807273377419859, 0.011895278258013576, 0.012094701937154603, 0.020588363941260013, 0.012683837296699828], [0.5335872426929397, 0.11050117309593205, 0.27392657102330303, 0.02883728433686507, 0.040021432191406844, 0.013126296659553421], [0.7008760943873059, 0.19364395414280602, 0.019963224947502328, 0.022929408242386935, 0.04934188447231459, 0.013245433807684205], [0.2656089362523854, 0.5293497147667356, 0.01774208918585212, 0.04078812595108192, 0.13243590402725425, 0.01407522981669045], [0.5445586237566425, 0.18986620126576426, 0.013027777965476934, 0.022517421447167004, 0.21681670121936983, 0.013213274345579385], [0.0940578704779457, 0.38177656221899603, 0.013498715960042392, 0.027119364429028785, 0.4698314794186969, 0.01371600749529004], [0.0577329075880171, 0.2514915284595619, 0.013006077005380628, 0.018956124616849833, 0.6456215204632031, 0.013191841866987436], [0.8767813306603016, 0.05703641837276526, 0.012590877523726347, 0.0161282865863708, 0.02471498482565184, 0.012748102031184042], [0.8939350946172934, 0.04333537053426828, 0.012606274224405457, 0.014859448166910275, 0.022489832198589285, 0.012773980258533185], [0.8948741111960551, 0.042627152192450994, 0.012605425071457706, 0.01463236238022613, 0.022488396127375018, 0.01277255303243494], [0.8946296438055689, 0.04269988533931881, 0.012605425071457706, 0.014684032841614058, 0.02260845990960551, 0.01277255303243494], [0.893175233425534, 0.04372821005242224, 0.012606274224405457, 0.014990229894993582, 0.022726072144111438, 0.012773980258533185], [0.03125666390221094, 0.015808845981292483, 0.011650488648809522, 0.01178473080017008, 0.017502243711734658, 0.9119970269557823], [0.682235533449223, 0.2402210008662026, 0.012591685160137867, 0.024271381085232913, 0.027930939961439964, 0.01274945947776356], [0.6028455732481024, 0.3056061730826339, 0.012608836459233375, 0.02353038517342801, 0.042630745264824424, 0.012778286771777852], [0.5988353849021963, 0.30997434611614805, 0.012609695498599804, 0.02376011484796388, 0.042040728020474746, 0.012779730614617277], [0.5384732985042513, 0.3644704171838644, 0.01304590883699027, 0.025797203240458012, 0.04496942416433339, 0.01324374807010251], [0.6100477288300179, 0.30713899924389737, 0.01304490878265826, 0.027838294977294446, 0.028688000951811718, 0.013242067214320183], [0.0348179069238025, 0.016782033133780055, 0.011927003872921319, 0.012083736332588744, 0.01875913487714069, 0.9056301848597667], [0.0348179069238025, 0.016782033133780055, 0.011927003872921319, 0.012083736332588744, 0.01875913487714069, 0.9056301848597667], [0.03624159510066502, 0.017104973729936093, 0.01195363713318849, 0.012119935133056831, 0.019202739988149274, 0.9033771189150042], [0.8823645986843911, 0.05030722952717382, 0.013005209055576165, 0.015399764233425782, 0.02574785717558399, 0.013175341323849163], [0.04995747230169465, 0.04906061107198151, 0.013471072695849224, 0.01676546047383689, 0.8570560013712442, 0.013689382085393517], [0.852825998172552, 0.07436697718957945, 0.013006987804565946, 0.01708755458096973, 0.029534151270392876, 0.013178330981939814], [0.8043710068355661, 0.11551753460113036, 0.013025884088679206, 0.019712557031515573, 0.03416292625834826, 0.013210091184760433], [0.872941340441773, 0.060569333882151716, 0.012575500396385247, 0.016070526659593333, 0.02512104191809069, 0.012722256702005849], [0.04405325728222964, 0.046145773613197716, 0.013006077005380628, 0.01580935308495974, 0.8677936971472447, 0.013191841866987436], [0.04405325728222965, 0.04329009586912712, 0.01300607700538063, 0.01580935308495974, 0.8706493748913154, 0.013191841866987436], [0.8747635547869315, 0.0590761516228361, 0.012590877523726347, 0.01611505516098815, 0.02470625887433381, 0.012748102031184042], [0.8248041112115259, 0.09991650539374827, 0.012591685160137867, 0.018944538951811078, 0.030993699805013257, 0.01274945947776356], [0.7656426143096019, 0.1497484320842259, 0.012592495074105748, 0.022162358699401564, 0.03710327908028586, 0.012750820752378877], [0.7636298072620127, 0.14973321269876375, 0.012609695498599804, 0.022112838231762376, 0.039134715694244114, 0.012779730614617277], [0.769746443294061, 0.14654280091195265, 0.012592495074105748, 0.021536674398945986, 0.03683076556855578, 0.01275082075237888], [0.05053962843435217, 0.10725736548927471, 0.01546328808748789, 0.045417759361051774, 0.768130116760846, 0.013191841866987436], [0.7867005636444379, 0.13533393452463358, 0.012570441984785522, 0.022648289934919658, 0.03003301520767348, 0.012713754703549723], [0.7653861723769851, 0.07724867062664861, 0.0826781761926432, 0.01909799975267949, 0.04285307916318988, 0.012735901887853635], [0.927059775929269, 0.01709997664185797, 0.011937423754024807, 0.012104083843758261, 0.019202310482977, 0.012596429348112961], [0.8633740244821179, 0.05333469906770438, 0.02549784961382539, 0.016836531412878247, 0.027554052836625022, 0.013402842586848998], [0.8860761540231276, 0.04219463360843756, 0.018435366037243925, 0.015330349575588275, 0.024834678091488482, 0.013128818664114209], [0.927901338048151, 0.016782033133780055, 0.011927003872921319, 0.012083736332588744, 0.01875913487714069, 0.01254675373541822]], [[0.9246650847926732, 0.01807273377419859, 0.011895278258013576, 0.012094701937154603, 0.020588363941260013, 0.012683837296699828], [0.06037318259410625, 0.3605721216293857, 0.08594931379021632, 0.017784180611579783, 0.46175757973745707, 0.013563621637254922], [0.5420958910107895, 0.3596571464208511, 0.015985148070686243, 0.0229872251398242, 0.04606290883682876, 0.013211680521020164], [0.6998615597000349, 0.2009732212769512, 0.013046911795833577, 0.022929408242386942, 0.04994346517710921, 0.013245433807684207], [0.5576986878129393, 0.34400880669200834, 0.013045908836990269, 0.023634398625455882, 0.04836844996250358, 0.01324374807010251], [0.8031341618287798, 0.11395032295446492, 0.013025884088679206, 0.019728005188626517, 0.036951534754688986, 0.013210091184760433], [0.8748790720946562, 0.05860964485256795, 0.012575500396385247, 0.016083758084975988, 0.02512976786940873, 0.012722256702005849], [0.892609670745495, 0.04424859322227751, 0.012590072155277621, 0.014848155262943717, 0.02295676021749027, 0.012746748396515788], [0.8948741111960551, 0.042627152192450994, 0.012605425071457706, 0.01463236238022613, 0.022488396127375018, 0.01277255303243494], [0.8948741111960551, 0.042627152192450994, 0.012605425071457706, 0.01463236238022613, 0.022488396127375018, 0.01277255303243494], [0.8939630741226394, 0.04314055019714795, 0.012606274224405457, 0.014898598250385205, 0.022617522946888614, 0.012773980258533185], [0.03125666390221094, 0.015808845981292483, 0.011650488648809522, 0.01178473080017008, 0.017502243711734658, 0.9119970269557823], [0.8271734493208438, 0.09609752567789664, 0.012591685160137867, 0.024271381085232913, 0.027116499278125143, 0.01274945947776356], [0.09261241020859404, 0.3245507228634351, 0.012987674284897235, 0.024645124280765762, 0.5320300945551851, 0.013173973807122673], [0.4603051869589839, 0.30983583200743214, 0.012593307275277757, 0.022573688521360425, 0.18193979936570012, 0.012752185871245608], [0.220375237689669, 0.5985771668594667, 0.015052650349864923, 0.044348196843218286, 0.10815629312779673, 0.01349045512998423], [0.5400227557722012, 0.3610953864718388, 0.013027777965476934, 0.02275937388488069, 0.049881431560023004, 0.013213274345579385], [0.03614239073133065, 0.01711849243955752, 0.01199749947090778, 0.012162817902742339, 0.01920390193599053, 0.9033748975194712], [0.0348179069238025, 0.016782033133780055, 0.011927003872921319, 0.012083736332588744, 0.01875913487714069, 0.9056301848597667], [0.8624777635684304, 0.06719891824748694, 0.013015387663411196, 0.0172693844799763, 0.026825797044932757, 0.01321274899576235], [0.8813241446789047, 0.05109145987831262, 0.013006097214754495, 0.01565060286660077, 0.025750861251193843, 0.013176834110233602], [0.05035569205955232, 0.049519314695086504, 0.01342742827062048, 0.016772340636561557, 0.856277879644003, 0.013647344694176142], [0.882001458155582, 0.05018119802180378, 0.01299759795048708, 0.015398701894972344, 0.02625849512826376, 0.013162548848891148], [0.050437709411716165, 0.049599116058775226, 0.01341160389435036, 0.016765378632192112, 0.8561540890147479, 0.013632102988218243], [0.8621587892076757, 0.06729814277334847, 0.013024941144603806, 0.017139543181257943, 0.027170077375246023, 0.013208506317867892], [0.8937851521208208, 0.04337161427470506, 0.012606274224405457, 0.0148992088752345, 0.02256377024630107, 0.012773980258533185], [0.8924597282490223, 0.04428483696271429, 0.012590072155277621, 0.014887915971267943, 0.023030698265202057, 0.01274674839651579], [0.8739146053954229, 0.05959606892850186, 0.012575500396385247, 0.016070526659593333, 0.02512104191809069, 0.012722256702005849], [