{"round_id": "93c39605-628f-4706-abd9-08582f8b61d7", "seed_index": 1, "prediction": [[[0.9279384765090727, 0.01677812863435243, 0.01191585846482724, 0.012072824679095215, 0.018758179075316884, 0.012536532637335323], [0.927901338048151, 0.016782033133780055, 0.011927003872921319, 0.012083736332588744, 0.01875913487714069, 0.01254675373541822], [0.9279384765090727, 0.01677812863435243, 0.01191585846482724, 0.012072824679095215, 0.018758179075316884, 0.012536532637335323], [0.9279384765090727, 0.01677812863435243, 0.01191585846482724, 0.012072824679095215, 0.018758179075316884, 0.012536532637335323], [0.9279384765090727, 0.01677812863435243, 0.01191585846482724, 0.012072824679095215, 0.018758179075316884, 0.012536532637335323], [0.9279384765090727, 0.01677812863435243, 0.01191585846482724, 0.012072824679095215, 0.018758179075316884, 0.012536532637335323], [0.9279384765090727, 0.01677812863435243, 0.01191585846482724, 0.012072824679095215, 0.018758179075316884, 0.012536532637335323], [0.9279384765090727, 0.01677812863435243, 0.01191585846482724, 0.012072824679095215, 0.018758179075316884, 0.012536532637335323], [0.9279384765090727, 0.01677812863435243, 0.01191585846482724, 0.012072824679095215, 0.018758179075316884, 0.012536532637335323], [0.9279384765090727, 0.01677812863435243, 0.01191585846482724, 0.012072824679095215, 0.018758179075316884, 0.012536532637335323], [0.9279384765090727, 0.01677812863435243, 0.01191585846482724, 0.012072824679095215, 0.018758179075316884, 0.012536532637335323], [0.9279384765090727, 0.01677812863435243, 0.01191585846482724, 0.012072824679095215, 0.018758179075316884, 0.012536532637335323], [0.9279384765090727, 0.01677812863435243, 0.01191585846482724, 0.012072824679095215, 0.018758179075316884, 0.012536532637335323], [0.9280130867604091, 0.016770284591373683, 0.011893467615058587, 0.012050903436549501, 0.01875625889304409, 0.012515998703565198], [0.9282729998100636, 0.016742959001448413, 0.01181546661729328, 0.011974538367403502, 0.01874956972605324, 0.012444466477737896], [0.9243067756800993, 0.018094684834536794, 0.012019395482257935, 0.012215520982685007, 0.02056871012345674, 0.012794912896964052], [0.9245832911738241, 0.018077744689633427, 0.011923611327355668, 0.012122282109171007, 0.020583877432751245, 0.012709193267264435], [0.9246650847926732, 0.01807273377419859, 0.011895278258013576, 0.012094701937154603, 0.020588363941260013, 0.012683837296699828], [0.9246650847926732, 0.01807273377419859, 0.011895278258013576, 0.012094701937154603, 0.020588363941260013, 0.012683837296699828], [0.9245832911738241, 0.018077744689633427, 0.011923611327355668, 0.012122282109171007, 0.020583877432751245, 0.012709193267264435], [0.9243067756800993, 0.018094684834536794, 0.012019395482257935, 0.012215520982685007, 0.02056871012345674, 0.012794912896964052], [0.9282729998100636, 0.016742959001448413, 0.01181546661729328, 0.011974538367403502, 0.01874956972605324, 0.012444466477737896], [0.9280130867604091, 0.016770284591373683, 0.011893467615058587, 0.012050903436549501, 0.01875625889304409, 0.012515998703565198], [0.927901338048151, 0.016782033133780055, 0.011927003872921319, 0.012083736332588744, 0.01875913487714069, 0.01254675373541822], [0.927901338048151, 0.016782033133780055, 0.011927003872921319, 0.012083736332588744, 0.01875913487714069, 0.01254675373541822], [0.927901338048151, 0.016782033133780055, 0.011927003872921319, 0.012083736332588744, 0.01875913487714069, 0.01254675373541822], [0.9279384765090727, 0.01677812863435243, 0.01191585846482724, 0.012072824679095215, 0.018758179075316884, 0.012536532637335323], [0.9279384765090727, 0.01677812863435243, 0.01191585846482724, 0.012072824679095215, 0.018758179075316884, 0.012536532637335323], [0.9279384765090727, 0.01677812863435243, 0.01191585846482724, 0.012072824679095215, 0.018758179075316884, 0.012536532637335323], [0.9279384765090727, 0.01677812863435243, 0.01191585846482724, 0.012072824679095215, 0.018758179075316884, 0.012536532637335323], [0.9279384765090727, 0.01677812863435243, 0.01191585846482724, 0.012072824679095215, 0.018758179075316884, 0.012536532637335323], [0.9279384765090727, 0.01677812863435243, 0.01191585846482724, 0.012072824679095215, 0.018758179075316884, 0.012536532637335323], [0.9279384765090727, 0.01677812863435243, 0.01191585846482724, 0.012072824679095215, 0.018758179075316884, 0.012536532637335323], [0.9279384765090727, 0.01677812863435243, 0.01191585846482724, 0.012072824679095215, 0.018758179075316884, 0.012536532637335323], [0.9280130867604091, 0.016770284591373683, 0.011893467615058587, 0.012050903436549501, 0.01875625889304409, 0.012515998703565198], [0.9282729998100636, 0.016742959001448413, 0.01181546661729328, 0.011974538367403502, 0.01874956972605324, 0.012444466477737896], [0.9243067756800993, 0.018094684834536794, 0.012019395482257935, 0.012215520982685007, 0.02056871012345674, 0.012794912896964052], [0.9245832911738241, 0.018077744689633427, 0.011923611327355668, 0.012122282109171007, 0.020583877432751245, 0.012709193267264435], [0.9246650847926732, 0.01807273377419859, 0.011895278258013576, 0.012094701937154603, 0.020588363941260013, 0.012683837296699828], [0.9246650847926732, 0.01807273377419859, 0.011895278258013576, 0.012094701937154603, 0.020588363941260013, 0.012683837296699828]], [[0.927901338048151, 0.016782033133780055, 0.011927003872921319, 0.012083736332588744, 0.01875913487714069, 0.01254675373541822], [0.564382985031976, 0.09590913544667885, 0.26017342242947705, 0.02637967397191409, 0.04004734410711228, 0.013107439012841577], [0.0862356732676002, 0.2978834283209564, 0.11261007158299452, 0.020761300343498375, 0.4689459048476956, 0.013563621637254922], [0.5266581641787739, 0.29077095159537786, 0.10073198150622796, 0.028779311443507552, 0.03989475548583788, 0.013164835790274705], [0.7860266998809391, 0.09833705432730774, 0.055221624113985186, 0.019285664363374345, 0.027957150969122657, 0.01317180634527072], [0.05511635351793878, 0.06266924033982503, 0.024524683479886372, 0.01707435567219681, 0.8270339175457571, 0.0135814494443958], [0.884610352799073, 0.04279552311461305, 0.019376973617482356, 0.01539823635251827, 0.02463289368647721, 0.013186020429836173], [0.884610352799073, 0.04279552311461305, 0.019376973617482356, 0.01539823635251827, 0.02463289368647721, 0.013186020429836173], [0.05419871553689552, 0.061804334605497904, 0.02483007601174617, 0.01708299578795145, 0.8283678705626188, 0.01371600749529004], [0.048724712189781014, 0.04150412213387727, 0.019272574351746626, 0.01642857600449133, 0.8603540078248136, 0.01371600749529004], [0.8860635049913743, 0.04195850376293928, 0.018914317099044613, 0.015166587798414238, 0.024703818802084054, 0.013193267546143536], [0.8858466155744936, 0.04212161269922563, 0.019180896787568687, 0.01546979574449625, 0.02416445238274989, 0.013216626811466037], [0.8608324269918392, 0.0556823200972191, 0.02576782112400132, 0.016197308809547777, 0.028341255675638256, 0.01317886730175432], [0.8021104071879028, 0.0718400693374824, 0.06186318218311069, 0.01711361555640819, 0.033871107341487815, 0.0132016183936079], [0.8639833114524191, 0.055111884425217465, 0.025684801770832204, 0.016263869577464087, 0.025747060173905843, 0.01320907260016127], [0.8723795020934124, 0.04930979266930536, 0.020805190041673846, 0.016476834233734305, 0.027355509730970638, 0.013673171230903435], [0.8735223822415746, 0.04891695170870889, 0.02036584934055169, 0.016101965987310934, 0.027524835487335322, 0.01356801523451856], [0.8718148249730459, 0.050030814145007804, 0.020418278388675958, 0.01643808465172931, 0.027761825593508087, 0.013536172248033053], [0.9246650847926732, 0.01807273377419859, 0.011895278258013576, 0.012094701937154603, 0.020588363941260013, 0.012683837296699828], [0.7653523732161571, 0.09618036410214702, 0.06150523906795028, 0.018204636456184177, 0.04521810117113803, 0.013539285986423226], [0.7134640139331156, 0.09095027539821411, 0.08399520342814089, 0.022148157889337654, 0.07585886171017742, 0.013583487641014264], [0.6053219557326622, 0.05839023572022684, 0.27757638894321357, 0.016740230682716045, 0.028951160940479316, 0.013020027980702044], [0.05482388783263469, 0.060104520906609164, 0.024935629404592482, 0.017332737822066808, 0.8292062643635436, 0.01359695967055316], [0.8845171888092893, 0.042102385639408636, 0.020380966090590653, 0.015228277327180746, 0.024688649629919707, 0.013082532503610887], [0.927901338048151, 0.016782033133780055, 0.011927003872921319, 0.012083736332588744, 0.01875913487714069, 0.01254675373541822], [0.8698110365472769, 0.049390525569892665, 0.024895087159040034, 0.016019734308635215, 0.02681827883243073, 0.013065337582724577], [0.04943534435827328, 0.04193045091047134, 0.018893730138563533, 0.016458336895611426, 0.8596851780265272, 0.01359695967055316], [0.8864023705916788, 0.04179790713697701, 0.018853430744571235, 0.015135185222458993, 0.024617838758170453, 0.013193267546143536], [0.888976581971854, 0.04038402510860436, 0.018377330361863457, 0.014936034671811616, 0.024093984478160163, 0.013232043407706312], [0.8893629499323236, 0.04015683417211274, 0.01815239719122628, 0.014939052477656655, 0.024156722818974324, 0.013232043407706312], [0.8964817471200711, 0.03707047317252709, 0.015673953434561225, 0.014289646779076848, 0.02324426948179198, 0.013239910011971761], [0.8952207948646511, 0.03774265543358961, 0.01579650393356366, 0.014249473121768216, 0.023782521394610512, 0.01320805125181687], [0.047444677737497803, 0.038937586591747037, 0.016316232253427272, 0.016033779909542387, 0.8676707638372323, 0.01359695967055316], [0.8940812363633742, 0.03838202835408922, 0.015912608717798232, 0.014211208662241261, 0.02423849460011525, 0.013174423302381846], [0.8952207948646511, 0.03774265543358961, 0.01579650393356366, 0.014249473121768216, 0.023782521394610512, 0.01320805125181687], [0.04751963487539871, 0.03898980618172116, 0.016307990033409707, 0.01602478275771604, 0.8675763367073585, 0.0135814494443958], [0.8832975890377004, 0.0444695278793916, 0.016846583676453607, 0.014899383694971614, 0.02689833761289776, 0.013588578098584868], [0.8830829251570124, 0.04474266816419786, 0.01681876341333586, 0.014850348083879406, 0.026980034327770644, 0.013525260853803938], [0.8848551750391755, 0.04389290513823575, 0.01624230522437156, 0.014932643653332203, 0.026511173554000844, 0.013565797390884014], [0.9246650847926732, 0.01807273377419859, 0.011895278258013576, 0.012094701937154603, 0.020588363941260013, 0.012683837296699828]], [[0.9279384765090727, 0.01677812863435243, 0.01191585846482724, 0.012072824679095215, 0.018758179075316884, 0.012536532637335323], [0.5244302709109537, 0.28643001355260655, 0.10708734871761744, 0.02901004421397669, 0.0398843686931527, 0.013157953911692786], [0.253052369765298, 0.5554173086114863, 0.01951679832272165, 0.036712948892383766, 0.12122534459141977, 0.01407522981669045], [0.5407857813882719, 0.36473839124475244, 0.013027777965476934, 0.022517421447167004, 0.045717353608752134, 0.013213274345579385], [0.5501352615191922, 0.3556545636229078, 0.013026829691882215, 0.02225671658947844, 0.04571494805551894, 0.013211680521020164], [0.7996220355011959, 0.12032307387285648, 0.013007880835002098, 0.020808727201725774, 0.03305845063345834, 0.013179831955761286], [0.8644363383879305, 0.06546939038928318, 0.013043911620238845, 0.01717556193183846, 0.026634406451547063, 0.013240391219161773], [0.8645146139056984, 0.06491668206142659, 0.013024941144603806, 0.01715499133836889, 0.02718026523203431, 0.013208506317867892], [0.06581626191571115, 0.11600995326787561, 0.01349871596004239, 0.020458562774502448, 0.7705004985865782, 0.01371600749529004], [0.05385720110375104, 0.06349665495967283, 0.013498715960042392, 0.01781689072040574, 0.8376145297608378, 0.01371600749529004], [0.882709336456183, 0.05007136243247942, 0.013024000848455182, 0.015720719833024588, 0.025267654528341142, 0.013206925901516573], [0.8561531234331473, 0.07028630280022444, 0.013024941144603806, 0.01716596744342541, 0.03016115886073116, 0.013208506317867892], [0.08287985364343096, 0.12402252557577338, 0.013375117094011292, 0.022558030395082435, 0.7435675136211487, 0.01359695967055316], [0.7146580669492073, 0.18396965203728122, 0.013008776316109357, 0.025493179050653913, 0.04968898859816448, 0.013181337048583673], [0.8130202569383442, 0.1079043787860785, 0.013025884088679206, 0.018981507296193224, 0.03385788170594425, 0.013210091184760433], [0.8478936373850516, 0.07673530943792521, 0.013434971970578684, 0.017639562061430955, 0.03063343889065632, 0.013663080254357233], [0.8694307538406392, 0.05874886737063982, 0.01333811985263592, 0.01674809063995264, 0.02814785301026168, 0.013586315285870725], [0.8374093185170878, 0.06888175042249145, 0.030643900259285595, 0.017592284957360704, 0.03198461814481097, 0.013488127698963574], [0.9246650847926732, 0.01807273377419859, 0.011895278258013576, 0.012094701937154603, 0.020588363941260013, 0.012683837296699828], [0.7111779329433399, 0.09415500273393788, 0.1176966674451029, 0.022375210881815863, 0.04112491175010086, 0.013470274245702442], [0.6641839786151978, 0.24089587114829156, 0.01957254527426009, 0.021979856357629612, 0.03977259635896635, 0.013595152245654276], [0.07381221818653652, 0.1407424263088969, 0.013437556995995347, 0.05064736332470824, 0.7077033347147192, 0.013657100469143622], [0.8439089843860161, 0.059171593740589036, 0.03771468566454406, 0.016928026016351058, 0.029239772024696145, 0.013036938167803554], [0.927901338048151, 0.016782033133780055, 0.011927003872921319, 0.012083736332588744, 0.01875913487714069, 0.01254675373541822], [0.927901338048151, 0.016782033133780055, 0.011927003872921319, 0.012083736332588744, 0.01875913487714069, 0.01254675373541822], [0.06590976396822591, 0.0896580107543303, 0.03990821529144451, 0.017376973327695562, 0.7735500769877506, 0.013596959670553162], [0.8670069163561746, 0.0631611406838063, 0.013006987804565948, 0.016330080583479914, 0.027316543590033424, 0.013178330981939814], [0.8843671768618369, 0.048962539972254304, 0.013042917337206073, 0.015719999639886593, 0.024668646125242055, 0.013238720063574114], [0.8855978977836697, 0.047998230253119535, 0.013041925921106243, 0.015454026080942072, 0.024670866234536813, 0.013237053726625453], [0.8855978977836697, 0.047998230253119535, 0.013041925921106243, 0.015454026080942072, 0.024670866234536813, 0.013237053726625453], [0.8863705819101219, 0.04750915218836881, 0.013040937359557352, 0.015184773903081268, 0.024659162451365978, 0.013235392187504575], [0.8924194938470194, 0.04271691202305515, 0.01302119573650123, 0.01446668581048639, 0.024173501413908387, 0.013202211169029589], [0.8913197744800813, 0.04340672739727422, 0.013003439989424527, 0.014442413655493529, 0.024655276537397713, 0.013172367940328764], [0.048331597595288996, 0.04418135245426087, 0.013375117094011292, 0.01626444228001586, 0.8642505309058697, 0.01359695967055316], [0.8924194938470194, 0.04271691202305515, 0.01302119573650123, 0.01446668581048639, 0.024173501413908387, 0.013202211169029589], [0.8912783165527735, 0.04349193715265405, 0.012980735965475165, 0.014424817141287362, 0.024673929676611348, 0.013150263511198603], [0.8799069464118767, 0.05054802035589384, 0.013388600861049291, 0.015197399528053317, 0.027343920241210302, 0.013615112601916363], [0.05717610699031122, 0.05192918406593441, 0.013909075077628447, 0.01747031092160295, 0.8453302845291403, 0.014185038415382567], [0.8816393079192221, 0.04554270730296187, 0.016968971152500876, 0.014805348012215377, 0.02755676871341041, 0.01348689689968928], [0.9246650847926732, 0.01807273377419859, 0.011895278258013576, 0.012094701937154603, 0.020588363941260013, 0.012683837296699828]], [[0.9279384765090727, 0.01677812863435243, 0.01191585846482724, 0.012072824679095215, 0.018758179075316884, 0.012536532637335323], [0.08545145454265866, 0.12046322155413214, 0.288344548411506, 0.020745327477999342, 0.47136334502548566, 0.013632102988218243], [0.7133659536207199, 0.19555149098426325, 0.012995998300492832, 0.021609350830105414, 0.04331313189099864, 0.013164074373419814], [0.09391889454630396, 0.36988520392910385, 0.015794180416971244, 0.027104994800530968, 0.4795701380364747, 0.013726588270615264], [0.06572985785406613, 0.12466462282154674, 0.013509701224450355, 0.020456592255562574, 0.7619126375737589, 0.013726588270615264], [0.05400057877896681, 0.06578230350510796, 0.013457711732910292, 0.017811872885711285, 0.8352710200100275, 0.013676513087276094], [0.8645146139056984, 0.06491668206142659, 0.013024941144603806, 0.01715499133836889, 0.02718026523203431, 0.013208506317867892], [0.8159298665745043, 0.10462899734696297, 0.01304490878265826, 0.021098217145094342, 0.03205594293645995, 0.013242067214320183], [0.7285749569129447, 0.1756446295478999, 0.013026829691882215, 0.02225671658947844, 0.04728518673677435, 0.013211680521020164], [0.8110063536408452, 0.10885655178195214, 0.013025884088679206, 0.01972800518862652, 0.03417311411513656, 0.013210091184760433], [0.8580778344384689, 0.07035781458325834, 0.013043911620238843, 0.017186538036894978, 0.02809351010197704, 0.013240391219161771], [0.8025617030988378, 0.113192228875706, 0.01304490878265826, 0.021109193250150867, 0.036849898778326784, 0.013242067214320183], [0.5446973944603768, 0.18880350842893764, 0.013008776316109359, 0.025493179050653913, 0.21481580469533867, 0.013181337048583673], [0.2762392443525164, 0.18387356721467035, 0.013437556995995347, 0.02655479998231395, 0.4862377309853604, 0.013657100469143622], [0.10431606728699215, 0.19416976758428545, 0.013439803160246244, 0.025088758983636127, 0.6493263390575946, 0.013659263927245282], [0.08827854843188276, 0.1351079443616805, 0.013999887020206686, 0.023883493845615153, 0.7244588400164255, 0.014271286324189426], [0.8402198066231635, 0.08353160570865296, 0.013292576329902848, 0.017600319043794874, 0.03184592494314541, 0.013509767351340417], [0.07802437853070837, 0.06445848028278614, 0.03310326166934294, 0.02084352388093101, 0.7886375716636616, 0.014932783972569849], [0.9246650847926732, 0.01807273377419859, 0.011895278258013576, 0.012094701937154603, 0.020588363941260013, 0.012683837296699828], [0.1041463167417208, 0.07225631582672917, 0.11646680495261975, 0.025613998757980094, 0.6673118369182732, 0.014204726802677018], [0.5024650557275506, 0.06175441695062006, 0.2797037110480462, 0.02598742526049591, 0.11341502825619823, 0.016674362757089018], [0.3274147391457285, 0.058894112427325396, 0.08009096179854026, 0.022903440634797483, 0.4970396455244648, 0.013657100469143622], [0.9280646408084442, 0.016764864529635836, 0.011877996028730246, 0.012035756338517282, 0.018754932089188645, 0.012501810205483733], [0.9279477784398856, 0.016777150689046335, 0.011913066916324752, 0.01207009167822953, 0.01875793967922413, 0.012533972597289571], [0.8038284758190859, 0.07701355705782968, 0.050885088643515305, 0.016862039884062395, 0.03820922020189873, 0.0132016183936079], [0.7375737704190541, 0.16777250536887683, 0.013026829691882215, 0.024493909978094613, 0.04392130402107201, 0.013211680521020164], [0.8128572538684021, 0.10812656922486912, 0.013025884088679206, 0.01895508303402576, 0.03382511859926313, 0.013210091184760433], [0.8695167367729265, 0.0615099096747614, 0.013043911620238845, 0.016402639777237694, 0.026286410935673653, 0.013240391219161773], [0.8829540834676026, 0.04989132000350521, 0.013024000848455182, 0.015705971903802216, 0.025217697875118135, 0.013206925901516571], [0.8845015627162847, 0.04882510021586674, 0.013042917337206073, 0.015719156768597125, 0.02467254289847127, 0.013238720063574114], [0.8837012549156427, 0.049421744376447536, 0.013023063189095312, 0.0154433003008553, 0.025205287300972903, 0.01320534991698609], [0.050079659805390954, 0.048977375633204395, 0.013421786317352599, 0.016721550387225677, 0.8571577173732168, 0.013641910483609522], [0.8924194938470194, 0.04271691202305515, 0.01302119573650123, 0.01446668581048639, 0.024173501413908387, 0.013202211169029589], [0.8924194938470194, 0.04271691202305515, 0.01302119573650123, 0.01446668581048639, 0.024173501413908387, 0.013202211169029589], [0.8846315450415689, 0.0487564515786128, 0.013022128155448561, 0.015187078317478238, 0.02519901856123042, 0.013203778345660904], [0.04840892527118324, 0.04424758745509319, 0.01335901393236871, 0.016256061637007123, 0.8641469622599518, 0.0135814494443958], [0.8774803901020843, 0.05178288876574973, 0.013363939911640466, 0.015163954389777898, 0.028640187741749583, 0.013568639088998006], [0.057154165652054945, 0.05265538292955189, 0.013929805327453353, 0.017470079669044514, 0.8445858396192182, 0.014204726802677018], [0.056354500234450926, 0.04577683948483873, 0.017737283374107373, 0.01717043762765373, 0.8487759008635667, 0.014185038415382569], [0.9246650847926732, 0.01807273377419859, 0.011895278258013576, 0.012094701937154603, 0.020588363941260013, 0.012683837296699828]], [[0.9279384765090727, 0.01677812863435243, 0.01191585846482724, 0.012072824679095215, 0.018758179075316884, 0.012536532637335323], [0.8502978457501298, 0.0598179283820503, 0.030919619898848956, 0.016833603302521385, 0.0291039196418034, 0.013027083024646308], [0.09767259706583452, 0.22353941137735914, 0.017075073374627464, 0.02733489251389512, 0.6206514373976685, 0.013726588270615264], [0.06330537153047919, 0.10925920551595636, 0.013509701224450355, 0.020468856714238738, 0.77973027674426, 0.013726588270615264], [0.8595654998969271, 0.06902761409922877, 0.012923380834425666, 0.017057318754592116, 0.028334700556956464, 0.013091485857869917], [0.8635234354649796, 0.06552370390452704, 0.013006987804565948, 0.017103002738080676, 0.02766453910590684, 0.013178330981939814], [0.8110063536408452, 0.10885655178195214, 0.013025884088679206, 0.01972800518862652, 0.03417311411513656, 0.013210091184760433], [0.7249946438768136, 0.17814223768687526, 0.013026829691882215, 0.02225671658947844, 0.04836789163393031, 0.013211680521020164], [0.7274089561957588, 0.17475145889577628, 0.013046911795833576, 0.023902616145688386, 0.04764462315925877, 0.013245433807684207], [0.7310191311546099, 0.17325291252198752, 0.01304590883699027, 0.023634398625455886, 0.04580390079085387, 0.01324374807010251], [0.798051919196473, 0.12069896553971945, 0.013025884088679206, 0.020469489844028802, 0.03454365014633919, 0.013210091184760435], [0.5590761809988598, 0.3414721584485545, 0.01304590883699027, 0.02579720324045802, 0.04736480040503491, 0.01324374807010251], [0.7080781121963132, 0.18918932607885378, 0.013027777965476934, 0.024680226062169134, 0.05181128335160747, 0.013213274345579385], [0.2694776398662597, 0.5378381688612575, 0.015899147988524345, 0.0460275576026319, 0.116682255864636, 0.01407522981669045], [0.7196255457705152, 0.18301499188710296, 0.013009674257989358, 0.025270042596903367, 0.04589689921010362, 0.01318284627738543], [0.6878831597581795, 0.20439765829610815, 0.013533666159488224, 0.027773282879979155, 0.052652572515047985, 0.013759660391197161], [0.7883153989782685, 0.12534879403033589, 0.013500723634376334, 0.02251799582478639, 0.036573052366754386, 0.013744035165478527], [0.839383216811198, 0.06739263732684561, 0.030305524211969623, 0.017646686673553156, 0.03160589428150515, 0.013666040694928603], [0.9245122267155848, 0.01808209830542485, 0.01194822784697397, 0.012146244491690201, 0.020579979435559684, 0.012731223204766388], [0.9198127298261543, 0.019466703235871602, 0.012418868509250749, 0.012646390201228647, 0.022336775809328156, 0.013318532418166426], [0.9239697358997402, 0.018115332873605332, 0.012136145072290995, 0.01232916817484336, 0.020550222961944014, 0.012899395017576039], [0.9282491483568642, 0.01674546659015977, 0.01182262453856801, 0.011981546164338757, 0.018750183571158888, 0.012451030778910282], [0.06360938718430967, 0.06171558592467682, 0.0605476929295669, 0.017833268317308068, 0.7826641466381283, 0.013629919006010072], [0.7850163929262218, 0.05763539869213606, 0.09864668967849012, 0.01679172286607374, 0.028766253878340475, 0.013143541958737596], [0.7412377740149126, 0.1647975517278398, 0.01304590883699027, 0.025871592014072055, 0.041803425336082625, 0.01324374807010251], [0.7304733779863679, 0.17460724529248742, 0.013027777965476934, 0.024754614835783173, 0.0439237095743052, 0.013213274345579385], [0.10004897009284566, 0.18241269413048009, 0.01339569544169778, 0.033302567795848594, 0.6572232922374682, 0.01361678030165943], [0.8082487041207431, 0.11281732292378334, 0.013007880835002098, 0.020035805047125016, 0.03271045511758493, 0.013179831955761287], [0.05362613729746239, 0.06345992518685373, 0.013421786317352599, 0.017267423265082113, 0.8385828174496395, 0.013641910483609522], [0.8611917116634762, 0.06915050414706081, 0.013024941144603806, 0.016423693843754448, 0.027000642883236718, 0.013208506317867892], [0.8826335891672569, 0.05022673112270287, 0.013024000848455182, 0.01570108703174862, 0.025207665928319835, 0.013206925901516573], [0.04976891679161991, 0.04925666423482787, 0.013500916289662063, 0.016751064714017248, 0.8570043111634327, 0.013718126806440195], [0.8847659308960169, 0.04861901182222526, 0.013022128155448561, 0.01518623544618877, 0.02520291533445964, 0.013203778345660905], [0.8862361960556742, 0.04764659194475638, 0.013040937359557352, 0.015185616774370737, 0.024655265678136758, 0.013235392187504575], [0.8851430176288764, 0.048471081128704754, 0.013041925921106243, 0.015449984080177946, 0.024656937514509293, 0.013237053726625453], [0.8835587304019278, 0.04942574334126205, 0.013004323317093848, 0.015155934248832097, 0.02568141608479963, 0.013173852606084557], [0.056984055897483094, 0.05187695948682712, 0.01396825561802889, 0.01752372325553967, 0.8454057610866046, 0.014241244655516683], [0.8782132676986777, 0.05182664926336883, 0.013288079193767946, 0.015112092061659093, 0.028057703057786813, 0.013502208724739527], [0.8830829251570124, 0.04474266816419786, 0.01681876341333586, 0.014850348083879406, 0.026980034327770644, 0.013525260853803938], [0.9246650847926732, 0.01807273377419859, 0.011895278258013576, 0.012094701937154603, 0.020588363941260013, 0.012683837296699828]], [[0.9279384765090727, 0.01677812863435243, 0.01191585846482724, 0.012072824679095215, 0.018758179075316884, 0.012536532637335323], [0.06706544107430262, 0.09286302163929812, 0.07796998035652548, 0.02241696690387559, 0.7259611718494765, 0.013723418176521736], [0.09236158847190466, 0.3567655329936506, 0.013509701224450355, 0.02506198488752711, 0.498574604151852, 0.013726588270615264], [0.06330537153047919, 0.10890612348489441, 0.013509701224450355, 0.020468856714238738, 0.7800833587753219, 0.013726588270615264], [0.05533861590035616, 0.06507528187914355, 0.013509701224450355, 0.017848857388560235, 0.8345009553368744, 0.013726588270615264], [0.06792095193985813, 0.1025234665583241, 0.013509701224450355, 0.020468856714238738, 0.7818504352925133, 0.013726588270615264], [0.22144566218401102, 0.16486792929982386, 0.013006077005380628, 0.02466101988846632, 0.5628274697553307, 0.013191841866987436], [0.09111482121427684, 0.4526345679640886, 0.013006077005380628, 0.025889179548862933, 0.4041635124004035, 0.013191841866987436], [0.23619206080608088, 0.45722481654224617, 0.015052650349864923, 0.03287977701688227, 0.2451602401549414, 0.01349045512998423], [0.7568423187404346, 0.15386334506884763, 0.012593307275277757, 0.020721235333893674, 0.043227607710300646, 0.012752185871245608], [0.09261241020859405, 0.1774093093680722, 0.012987674284897235, 0.024645124280765762, 0.6791715080505482, 0.013173973807122673], [0.8163848060891942, 0.10820630556657418, 0.012576265281510087, 0.018640796034395904, 0.03146828473458347, 0.012723542293741969], [0.09240229806194948, 0.3250624269770479, 0.013006077005380628, 0.024630071309296727, 0.5317072847793378, 0.013191841866987436], [0.7396341725613057, 0.16869049945148204, 0.012577801357448792, 0.022860862845409148, 0.04351053970876223, 0.012726124075592241], [0.08269454208549745, 0.31990150761717867, 0.013006077005380628, 0.02308693848713024, 0.5481190929378255, 0.013191841866987436], [0.8081990998344443, 0.11164706655832311, 0.013025884088679206, 0.019712015846538984, 0.034205842487254064, 0.013210091184760433], [0.8665285172031978, 0.063964509065553, 0.013024941144603806, 0.016408493445935594, 0.026865032822842014, 0.013208506317867892], [0.8680471591792309, 0.06292029989960854, 0.013043911620238845, 0.016429064039405163, 0.026319174042354766, 0.013240391219161773], [0.8027363452032383, 0.07839761412228206, 0.04841049947318938, 0.016882138738143815, 0.04037178406953857, 0.0132016183936079], [0.9283496281968291, 0.016734902784662962, 0.011792470116606656, 0.011952024176362845, 0.0187475976046996, 0.012423377120838863], [0.9280646408084442, 0.016764864529635836, 0.011877996028730246, 0.012035756338517282, 0.018754932089188645, 0.012501810205483733], [0.8441470344075935, 0.059161845671931425, 0.03605042388358414, 0.01771717183708047, 0.029541745139516067, 0.013381779060294386], [0.8201474398399069, 0.10831933151365485, 0.013007880835002098, 0.016964914098092573, 0.028380601757582072, 0.013179831955761286], [0.09983529000554442, 0.18198079070167114, 0.01341160389435036, 0.033265732831968604, 0.6578744795782472, 0.013632102988218243], [0.733224174454505, 0.17185644882435014, 0.013027777965476934, 0.024754614835783173, 0.0439237095743052, 0.013213274345579385], [0.3140761203893271, 0.5054711195030883, 0.015899147988524345, 0.0334052921462704, 0.11707309015609917, 0.01407522981669045], [0.5627318642545283, 0.3424441381044801, 0.013009674257989358, 0.025821169340015666, 0.042810307765601185, 0.01318284627738543], [0.7325162456701587, 0.17283003011777218, 0.013026829691882215, 0.024493909978094613, 0.043921304021072, 0.013211680521020164], [0.05633604918208465, 0.07524415273259949, 0.01610275286828919, 0.025676277167299852, 0.8129815041224815, 0.013659263927245282], [0.8021756818799941, 0.12659782975589962, 0.013025884088679206, 0.016854160367599524, 0.02813635272306724, 0.013210091184760433], [0.858601628034894, 0.0701276609233847, 0.013006987804565948, 0.017496483268842362, 0.02758890898637297, 0.013178330981939814], [0.04972369130123775, 0.05282985192682885, 0.013509701224450355, 0.0167550095171237, 0.853455157759744, 0.013726588270615264], [0.8837012549156427, 0.049421744376447536, 0.013023063189095312, 0.0154433003008553, 0.025205287300972903, 0.01320534991698609], [0.8852774034833241, 0.04833364137231718, 0.013041925921106241, 0.015449141208888476, 0.02466083428773851, 0.013237053726625453], [0.8824992033128091, 0.05036417087909045, 0.013024000848455182, 0.015701929903038092, 0.02520376915509062, 0.013206925901516573], [0.8835668690611949, 0.0495591841328351, 0.013023063189095314, 0.015444143172144771, 0.025201390527743686, 0.01320534991698609], [0.8691814933669407, 0.05852382881522463, 0.0134314415440028, 0.01609529356642683, 0.029126611479037473, 0.013641331228367422], [0.8796952329445669, 0.05083358048609597, 0.013333489303357924, 0.01515887075080698, 0.02741674884708882, 0.013562077668083438], [0.8830829251570124, 0.04474266816419786, 0.01681876341333586, 0.014850348083879406, 0.026980034327770644, 0.013525260853803938], [0.9246650847926732, 0.01807273377419859, 0.011895278258013576, 0.012094701937154603, 0.020588363941260013, 0.012683837296699828]], [[0.9279384765090727, 0.01677812863435243, 0.01191585846482724, 0.012072824679095215, 0.018758179075316884, 0.012536532637335323], [0.7281478860094002, 0.10005832127692144, 0.07946058648873067, 0.026380355481323316, 0.0528546348964256, 0.013098215847198736], [0.09391889454630396, 0.3777192434242108, 0.013509701224450355, 0.027104994800530968, 0.47402057773388856, 0.013726588270615264], [0.09149440822271704, 0.19192251213579367, 0.013509701224450355, 0.02711725925920714, 0.6622295308872166, 0.013726588270615264], [0.06330537153047919, 0.10147061862014138, 0.013509701224450355, 0.020468856714238738, 0.787518863640075, 0.013726588270615264], [0.05633307319407223, 0.06350504319788813, 0.013509701224450355, 0.017848857388560235, 0.8350767367244137, 0.013726588270615264], [0.06136724417912634, 0.10460876294119731, 0.013006077005380628, 0.018956124616849833, 0.7888699493904583, 0.013191841866987436], [0.6169153250587848, 0.29509886088846715, 0.012577032265647237, 0.02141753371625022, 0.04126641665742719, 0.012724831413423388], [0.7598232259959956, 0.15194983721758587, 0.012609695498599804, 0.021907661660497135, 0.040929849012704404, 0.012779730614617277], [0.7637535250453938, 0.14927166659988733, 0.012608836459233375, 0.021677931985961258, 0.03990975313774618, 0.012778286771777852], [0.826431696438022, 0.09916194036881465, 0.012591685160137867, 0.018341487166719593, 0.030723731388542383, 0.01274945947776356], [0.8277316065458491, 0.09845812226590687, 0.012607979907595691, 0.019515080698311617, 0.0289103634721121, 0.012776847110224494], [0.8181173830436963, 0.10530947955429319, 0.012591685160137867, 0.01896717146717518, 0.0322648212969339, 0.01274945947776356], [0.606590123750186, 0.30043033767202565, 0.012592495074105748, 0.022976077781078928, 0.0446601449702246, 0.012750820752378877], [0.08269454208549745, 0.3198242521888395, 0.013006077005380628, 0.02308693848713024, 0.5481963483661647, 0.013191841866987436], [0.7091771486989433, 0.19191360193308743, 0.013008776316109359, 0.024761910726695723, 0.04795722527658055, 0.013181337048583673], [0.07039869438245988, 0.11817120544251994, 0.013491001863258134, 0.021414498427493156, 0.7628160224445405, 0.01370857743972833], [0.8064806101897306, 0.11098134798031133, 0.013007880835002098, 0.02006222930929248, 0.0362880997299019, 0.013179831955761287], [0.7307690373890419, 0.16689718979659443, 0.014642826330791281, 0.02605173359491795, 0.048395464818551885, 0.01324374807010251], [0.7242789953805373, 0.09244403406705369, 0.08940018475206345, 0.020916105664243657, 0.059773677980908616, 0.013187002155193278], [0.5333827443881356, 0.08105888950716426, 0.2867634438081787, 0.02438332074999333, 0.06121733932750021, 0.013194262219027923], [0.9268509417426006, 0.017179084370162002, 0.011939788028391587, 0.012108925588321964, 0.01931267026114901, 0.012608590009374584], [0.8702234156540205, 0.04809389194564525, 0.026346505408329383, 0.016230054820339304, 0.02589705957150419, 0.01320907260016127], [0.8264510233038515, 0.0991288969623403, 0.012576265281510087, 0.017969383175518522, 0.031150888983037514, 0.012723542293741969], [0.7722641684781525, 0.1415148126905442, 0.012608836459233375, 0.023594099537562994, 0.03723979606272893, 0.012778286771777852], [0.7642067020135709, 0.14875457162386704, 0.012593307275277757, 0.022637402885495407, 0.03905583033054329, 0.012752185871245608], [0.08079330586130123, 0.1464318810098702, 0.013006077005380628, 0.029259340076082427, 0.717317554180378, 0.013191841866987436], [0.835585114436703, 0.09740651434380296, 0.012576265281510087, 0.0159654844602923, 0.02574307918394944, 0.012723542293741969], [0.8332367268054343, 0.09975490197507177, 0.012576265281510087, 0.0159654844602923, 0.02574307918394944, 0.012723542293741969], [0.6132683421429633, 0.31171663779116415, 0.013466170125521664, 0.018234553641399913, 0.03056347554657201, 0.012750820752378877], [0.04929672259019632, 0.2140816632972158, 0.013006077005380628, 0.02335313916997512, 0.6870705560702447, 0.013191841866987436], [0.04664297082565651, 0.062035831406871855, 0.013006077005380628, 0.016306568887994456, 0.848816710007109, 0.013191841866987436], [0.89142793630379, 0.044992196340099114, 0.012574737601667912, 0.014844465641289717, 0.02343968948940091, 0.012720974623752377], [0.8923003254155777, 0.0444544004450191, 0.012590072155277621, 0.014883010129871428, 0.023025443457738222, 0.012746748396515788], [0.04691557775725326, 0.06032442710775093, 0.01300607700538063, 0.01624081708146822, 0.8503212591811595, 0.013191841866987436], [0.044012597975460394, 0.044139318690821154, 0.01300607700538063, 0.01582340783237346, 0.8698267566289769, 0.013191841866987436], [0.049710911113568054, 0.049858862030683224, 0.013509701224450355, 0.016799034609949057, 0.8563949027507339, 0.013726588270615264], [0.05007059983086977, 0.05022030642848565, 0.013439803160246244, 0.016768169885975952, 0.8558418567671772, 0.013659263927245282], [0.055565641849338196, 0.045442200334156, 0.018127469672103002, 0.01719607744909047, 0.8493973243711228, 0.014271286324189425], [0.9246650847926732, 0.01807273377419859, 0.011895278258013576, 0.012094701937154603, 0.020588363941260013, 0.012683837296699828]], [[0.9279384765090727, 0.01677812863435243, 0.01191585846482724, 0.012072824679095215, 0.018758179075316884, 0.012536532637335323], [0.7010192091725728, 0.10793943818793733, 0.10521443028575302, 0.026831145604592703, 0.045808774593950836, 0.013187002155193278], [0.2801495691252171, 0.5200310410002033, 0.015899147988524345, 0.038149630152131006, 0.1316953819172336, 0.01407522981669045], [0.7233635462931628, 0.18216062633986171, 0.013027777965476934, 0.022517421447167004, 0.045717353608752134, 0.013213274345579385], [0.7267784982719838, 0.17910009929186868, 0.013008776316109357, 0.02333037443565178, 0.04460091463580259, 0.013181337048583673], [0.07065622951306896, 0.108225147901272, 0.013509701224450355, 0.0219027765560123, 0.7719795565345811, 0.013726588270615264], [0.8728742710839444, 0.06016336319628368, 0.012568945926333843, 0.016068160916474738, 0.025614018695293665, 0.012711240181669546], [0.8282382055669711, 0.09738416814655994, 0.012591685160137867, 0.018332086076738148, 0.030704395571829336, 0.01274945947776356], [0.7632177719545667, 0.15034668068868418, 0.012608836459233375, 0.02167793198596126, 0.03937049213977662, 0.012778286771777852], [0.8319360291587701, 0.09428243655968038, 0.012607979907595691, 0.01950567960833017, 0.028891027655399047, 0.012776847110224494], [0.8223470155824233, 0.10324662122441322, 0.012591685160137867, 0.018341487166719593, 0.030723731388542383, 0.01274945947776356], [0.6080621157380856, 0.2995178749056964, 0.012608836459233375, 0.023291258449202674, 0.04374162767600414, 0.012778286771777852], [0.7412470101735587, 0.16553710704670074, 0.012608836459233375, 0.02269682763890387, 0.045131931909825444, 0.012778286771777852], [0.6034113244517193, 0.16645986568912174, 0.012609695498599804, 0.022926557313439747, 0.18181282643250224, 0.012779730614617277], [0.3729219219344917, 0.43623463344890956, 0.015052650349864923, 0.040359656154284426, 0.12194068298246509, 0.013490455129984232], [0.7043640757616934, 0.19308495545952858, 0.013009674257989358, 0.02501551224244344, 0.05134293600095985, 0.01318284627738543], [0.0891715472442086, 0.26404630765003445, 0.013509701224450355, 0.0342165237538679, 0.5853293318568233, 0.013726588270615264], [0.09421732852196227, 0.36046676211695017, 0.013471072695849223, 0.0252573628953429, 0.4928980916845018, 0.013689382085393517], [0.5559289601021548, 0.17854942972381044, 0.013027777965476934, 0.026567337080266817, 0.21271322078271168, 0.013213274345579385], [0.2632942369231679, 0.536197185406493, 0.01885746636732838, 0.04412194948217674, 0.12345393200414355, 0.01407522981669045], [0.5583971353855897, 0.17417364444234398, 0.018758109777135802, 0.19789431804414906, 0.03753135854309709, 0.013245433807684205], [0.755284974654262, 0.05604730267914193, 0.09475646423784254, 0.02409027391397208, 0.056626722295753294, 0.013194262219027923], [0.9279736179098881, 0.016817143453448848, 0.011860244945517205, 0.01202026599868229, 0.01883572916223198, 0.012492998530231617], [0.07062748218302557, 0.043392120718485166, 0.060435487658528166, 0.017021292204876047, 0.7953317753680975, 0.013191841866987436], [0.8264510233038515, 0.0991288969623403, 0.012576265281510087, 0.017969383175518522, 0.031150888983037514, 0.012723542293741969], [0.7658891752509881, 0.1473756651479945, 0.012577032265647239, 0.02333370126785195, 0.03809959465409479, 0.012724831413423388], [0.04894788566597535, 0.05344317981529199, 0.0265263760575446, 0.04545543352064651, 0.8124352830735541, 0.013191841866987436], [0.050214121997915896, 0.07809451988892073, 0.017041704928424845, 0.016581573130199645, 0.8248762381875514, 0.013191841866987436], [0.07257006976553855, 0