{"round_id": "b3a0be6b-b48b-419d-916a-b7a77fa58c4d", "seed_index": 0, "prediction": [[[0.9101699619047617, 0.017885510144927536, 0.012335033954451347, 0.012770975983436853, 0.03242729068322982, 0.014411227329192547], [0.9101699619047617, 0.017885510144927536, 0.012335033954451347, 0.012770975983436853, 0.03242729068322982, 0.014411227329192547], [0.9101699619047617, 0.017885510144927536, 0.012335033954451347, 0.012770975983436853, 0.03242729068322982, 0.014411227329192547], [0.9101699619047617, 0.017885510144927536, 0.012335033954451347, 0.012770975983436853, 0.03242729068322982, 0.014411227329192547], [0.9101699619047617, 0.017885510144927536, 0.012335033954451347, 0.012770975983436853, 0.03242729068322982, 0.014411227329192547], [0.9101699619047617, 0.017885510144927536, 0.012335033954451347, 0.012770975983436853, 0.03242729068322982, 0.014411227329192547], [0.9101699619047617, 0.017885510144927536, 0.012335033954451347, 0.012770975983436853, 0.03242729068322982, 0.014411227329192547], [0.9101699619047617, 0.017885510144927536, 0.012335033954451347, 0.012770975983436853, 0.03242729068322982, 0.014411227329192547], [0.9101699619047617, 0.017885510144927536, 0.012335033954451347, 0.012770975983436853, 0.03242729068322982, 0.014411227329192547], [0.9101699619047617, 0.017885510144927536, 0.012335033954451347, 0.012770975983436853, 0.03242729068322982, 0.014411227329192547], [0.9101699619047617, 0.017885510144927536, 0.012335033954451347, 0.012770975983436853, 0.03242729068322982, 0.014411227329192547], [0.9101699619047617, 0.017885510144927536, 0.012335033954451347, 0.012770975983436853, 0.03242729068322982, 0.014411227329192547], [0.9101699619047617, 0.017885510144927536, 0.012335033954451347, 0.012770975983436853, 0.03242729068322982, 0.014411227329192547], [0.9101699619047617, 0.017885510144927536, 0.012335033954451347, 0.012770975983436853, 0.03242729068322982, 0.014411227329192547], [0.9101699619047617, 0.017885510144927536, 0.012335033954451347, 0.012770975983436853, 0.03242729068322982, 0.014411227329192547], [0.9101699619047617, 0.017885510144927536, 0.012335033954451347, 0.012770975983436853, 0.03242729068322982, 0.014411227329192547], [0.9101699619047617, 0.017885510144927536, 0.012335033954451347, 0.012770975983436853, 0.03242729068322982, 0.014411227329192547], [0.9101699619047617, 0.017885510144927536, 0.012335033954451347, 0.012770975983436853, 0.03242729068322982, 0.014411227329192547], [0.9101699619047617, 0.017885510144927536, 0.012335033954451347, 0.012770975983436853, 0.03242729068322982, 0.014411227329192547], [0.9101699619047617, 0.017885510144927536, 0.012335033954451347, 0.012770975983436853, 0.03242729068322982, 0.014411227329192547], [0.9101699619047617, 0.017885510144927536, 0.012335033954451347, 0.012770975983436853, 0.03242729068322982, 0.014411227329192547], [0.9101699619047617, 0.017885510144927536, 0.012335033954451347, 0.012770975983436853, 0.03242729068322982, 0.014411227329192547], [0.9101699619047617, 0.017885510144927536, 0.012335033954451347, 0.012770975983436853, 0.03242729068322982, 0.014411227329192547], [0.9101699619047617, 0.017885510144927536, 0.012335033954451347, 0.012770975983436853, 0.03242729068322982, 0.014411227329192547], [0.9101699619047617, 0.017885510144927536, 0.012335033954451347, 0.012770975983436853, 0.03242729068322982, 0.014411227329192547], [0.9101699619047617, 0.017885510144927536, 0.012335033954451347, 0.012770975983436853, 0.03242729068322982, 0.014411227329192547], [0.9101699619047617, 0.017885510144927536, 0.012335033954451347, 0.012770975983436853, 0.03242729068322982, 0.014411227329192547], [0.9101699619047617, 0.017885510144927536, 0.012335033954451347, 0.012770975983436853, 0.03242729068322982, 0.014411227329192547], [0.9101699619047617, 0.017885510144927536, 0.012335033954451347, 0.012770975983436853, 0.03242729068322982, 0.014411227329192547], [0.9101699619047617, 0.017885510144927536, 0.012335033954451347, 0.012770975983436853, 0.03242729068322982, 0.014411227329192547], [0.9101699619047617, 0.017885510144927536, 0.012335033954451347, 0.012770975983436853, 0.03242729068322982, 0.014411227329192547], [0.9101699619047617, 0.017885510144927536, 0.012335033954451347, 0.012770975983436853, 0.03242729068322982, 0.014411227329192547], [0.9101699619047617, 0.017885510144927536, 0.012335033954451347, 0.012770975983436853, 0.03242729068322982, 0.014411227329192547], [0.9101699619047617, 0.017885510144927536, 0.012335033954451347, 0.012770975983436853, 0.03242729068322982, 0.014411227329192547], [0.9101699619047617, 0.017885510144927536, 0.012335033954451347, 0.012770975983436853, 0.03242729068322982, 0.014411227329192547], [0.9101699619047617, 0.017885510144927536, 0.012335033954451347, 0.012770975983436853, 0.03242729068322982, 0.014411227329192547], [0.9101699619047617, 0.017885510144927536, 0.012335033954451347, 0.012770975983436853, 0.03242729068322982, 0.014411227329192547], [0.9101699619047617, 0.017885510144927536, 0.012335033954451347, 0.012770975983436853, 0.03242729068322982, 0.014411227329192547], [0.9101699619047617, 0.017885510144927536, 0.012335033954451347, 0.012770975983436853, 0.03242729068322982, 0.014411227329192547], [0.9101699619047617, 0.017885510144927536, 0.012335033954451347, 0.012770975983436853, 0.03242729068322982, 0.014411227329192547]], [[0.9101699619047617, 0.017885510144927536, 0.012335033954451347, 0.012770975983436853, 0.03242729068322982, 0.014411227329192547], [0.08494819357899919, 0.02737378776273417, 0.013547206375511472, 0.016883224248774305, 0.8409233224420558, 0.016324265591924993], [0.8852351550870718, 0.03150707139738181, 0.014510126056532454, 0.014578119227646492, 0.03878099538346907, 0.01538853284789826], [0.8783430039435407, 0.03508068827766218, 0.016683052188592944, 0.014605362696693602, 0.03985992776812175, 0.015427965125388736], [0.8783430039435407, 0.03508068827766218, 0.016683052188592944, 0.014605362696693602, 0.03985992776812175, 0.015427965125388736], [0.8852351550870718, 0.03150707139738181, 0.014510126056532454, 0.014578119227646492, 0.03878099538346907, 0.01538853284789826], [0.08884053312351264, 0.02737378776273417, 0.02133188546453839, 0.020775563793287766, 0.8253539642640019, 0.016324265591924993], [0.8856920421725784, 0.03119569437203311, 0.014635886808482452, 0.014702131289870411, 0.0382825431572679, 0.015491702199767745], [0.8932690288043421, 0.02998925771205877, 0.01481699848322818, 0.01415278075705409, 0.03331547101907757, 0.014456463224239342], [0.06972479921817795, 0.025462994222153857, 0.020912134479419253, 0.018457149804534882, 0.8503385631631998, 0.015104359112514263], [0.06972479921817795, 0.025462994222153857, 0.020912134479419253, 0.018457149804534882, 0.8503385631631998, 0.015104359112514263], [0.8477422543074039, 0.04719995448024837, 0.021725803603004808, 0.030398521552762445, 0.03841053109272598, 0.014522934963854423], [0.8856396642647402, 0.033891011619470064, 0.017101254544816258, 0.014858589550313987, 0.03396068863397332, 0.014548791386686074], [0.8477422543074039, 0.04719995448024837, 0.021725803603004808, 0.030398521552762445, 0.03841053109272598, 0.014522934963854423], [0.8201879016752189, 0.05328039165314418, 0.035987548763568744, 0.035182215582383304, 0.0408053854906016, 0.014556556835083305], [0.8280085410078861, 0.04723460818255421, 0.043452186831006066, 0.02568330223050297, 0.0410608881060809, 0.014560473641969812], [0.5806163812965882, 0.28407714035574905, 0.03895388076712703, 0.042808706664697695, 0.039049194305322873, 0.014494696610515067], [0.08587553561328011, 0.02951886058690211, 0.2614512377848972, 0.042945632735651516, 0.5650586441318498, 0.015150089147419225], [0.06935089776125163, 0.025417947596867364, 0.03218439166461976, 0.018464154960386954, 0.8394463332999023, 0.015136274716972015], [0.880782927235389, 0.02850227318620452, 0.018570277049475642, 0.014478071798251856, 0.04318238708610924, 0.01448406364456972], [0.0795334751330089, 0.025495790286855065, 0.015025048972918778, 0.01550441723449042, 0.8493601453233386, 0.015081123049388164], [0.8651565679271758, 0.04138539784744614, 0.015479326870060208, 0.02012011089456547, 0.04333936263164243, 0.014519233829109897], [0.8328729871136626, 0.04559631939909058, 0.028942161468214808, 0.03243870809724133, 0.04562688895793598, 0.014522934963854421], [0.15453306956981133, 0.04922009096238625, 0.01681209444997115, 0.017438382045279106, 0.7468082585675068, 0.015188104405045522], [0.147401824719005, 0.056655444913140195, 0.02065508059578159, 0.01936140295612416, 0.7407285042058808, 0.015197742610068302], [0.8097555632047343, 0.0413472942118616, 0.043449251200497856, 0.02234637849518565, 0.06856734711142846, 0.01453416577629204], [0.8326801685846424, 0.04134334614051433, 0.04853643896331311, 0.01718114336305113, 0.04569842930650917, 0.014560473641969812], [0.7946229608295388, 0.04372975348896363, 0.0796020250617541, 0.02188592341217477, 0.04563267999540498, 0.014526657212163736], [0.8168507503041225, 0.05454677377980183, 0.05160040487695912, 0.02314728513075865, 0.03937227008706984, 0.014482515821287945], [0.1625556358312756, 0.031166186887158262, 0.029922231720532044, 0.01936031315723825, 0.7419165417670902, 0.015079090636705521], [0.7806274843722556, 0.035572393239139216, 0.05838861333196823, 0.032203955646819556, 0.07867715265459543, 0.014530400755221908], [0.83130584897557, 0.0378218561157972, 0.030594232087031173, 0.023194383904218345, 0.06255702170521948, 0.014526657212163736], [0.8577736260838247, 0.04004386018770344, 0.023354832394781956, 0.01801827343164812, 0.04625674508595555, 0.01455266281608615], [0.8216523560948173, 0.03782185611579719, 0.030594232087031166, 0.023194383904218345, 0.0722105145859721, 0.014526657212163736], [0.5643072601514406, 0.038707227290901584, 0.05838861333196823, 0.032203955646819556, 0.29186254282364804, 0.014530400755221908], [0.8155092242616112, 0.04339713542660619, 0.030594232087031173, 0.023194383904218345, 0.0727783671083693, 0.014526657212163736], [0.8292628857552234, 0.054107295016717155, 0.035987548763568744, 0.018332830955480352, 0.04775288267392689, 0.014556556835083305], [0.8471449706053592, 0.053256500283915625, 0.023354832394781956, 0.01801827343164812, 0.043672760468208935, 0.01455266281608615], [0.8726458896427528, 0.04144970012358252, 0.015148614582208283, 0.015971525544978056, 0.039220398272748196, 0.015563871833730248], [0.9101699619047617, 0.017885510144927536, 0.012335033954451347, 0.012770975983436853, 0.03242729068322982, 0.014411227329192547]], [[0.9101699619047617, 0.017885510144927536, 0.012335033954451347, 0.012770975983436853, 0.03242729068322982, 0.014411227329192547], [0.08884053312351264, 0.02737378776273417, 0.02133188546453839, 0.020775563793287766, 0.8253539642640019, 0.016324265591924993], [0.878830673531728, 0.03509628553779613, 0.013285407279825419, 0.0156574604551516, 0.04175314233416691, 0.015377030861331882], [0.8807020574360863, 0.034078669441554445, 0.01330715188505616, 0.015796406787597604, 0.04069977336910732, 0.015415941080598053], [0.878830673531728, 0.03509628553779613, 0.013285407279825419, 0.0156574604551516, 0.04175314233416691, 0.015377030861331882], [0.8819913980607994, 0.03107503513632872, 0.013264593740323193, 0.0154770480261618, 0.04285213832720852, 0.01533978670917814], [0.09137591025801224, 0.036372591113352434, 0.013547206375511472, 0.018168767584576917, 0.8242112590766217, 0.016324265591924993], [0.8676047100815248, 0.04051502975960579, 0.01351169296089065, 0.016743927745562028, 0.0461131561725402, 0.015511483279876573], [0.8835155586237567, 0.036589426271570746, 0.012986846099841416, 0.01599345052926597, 0.03636436528611632, 0.014550353189448691], [0.8811163737782428, 0.03801715733140287, 0.012976287392283448, 0.016191621356310214, 0.03716710090885367, 0.014531459232906906], [0.8659626386329617, 0.04425873051379005, 0.012982384640623998, 0.017512814931044732, 0.04474106151397514, 0.014542369767604296], [0.8354524689152315, 0.06116482989605965, 0.012988584029024535, 0.02053360090727404, 0.05530705317869987, 0.014553463073710407], [0.8659626386329617, 0.04425873051379005, 0.012982384640623998, 0.017512814931044732, 0.04474106151397514, 0.014542369767604296], [0.1037303111153142, 0.27786079692958265, 0.013036449435830095, 0.017889298565371067, 0.57236276753675, 0.015120376417151821], [0.7967470630336255, 0.08418374809427234, 0.012994888145713026, 0.029906708950826998, 0.06160284799291121, 0.014564743782650661], [0.5877989063730041, 0.09374511566878382, 0.013001299667109925, 0.22925776418748076, 0.06162069741995755, 0.014576216683663847], [0.11257948301226327, 0.2898338455018654, 0.019214246864326566, 0.01948528728236605, 0.5437617799821027, 0.015125357357075996], [0.6133632489246943, 0.28641155428564025, 0.012958965105157375, 0.020189727449343726, 0.05257148985275846, 0.014505014382406048], [0.8591426981190692, 0.05045740786661811, 0.012966023948221498, 0.01735164410202483, 0.04556913233746219, 0.014513093626604152], [0.885479114593944, 0.03634571791741275, 0.012993120767893747, 0.01631581659027505, 0.03430464892804736, 0.014561581202426985], [0.88312961547973, 0.033710578884055306, 0.012960192214672955, 0.01836195036787287, 0.03733500484443224, 0.014502658209236588], [0.8470761208381987, 0.05541583935968608, 0.012982384640623998, 0.026513286912988626, 0.04346999848089839, 0.014542369767604297], [0.6127190990261204, 0.07656977059781013, 0.012988584029024535, 0.22913309312771116, 0.05403599014562309, 0.014553463073710405], [0.1344038309164648, 0.07498768356613261, 0.013151488450605707, 0.01727922893912516, 0.7449800255176033, 0.0151977426100683], [0.13323905090772453, 0.07543140928374796, 0.013151488450605707, 0.01727922893912516, 0.7457010798087282, 0.0151977426100683], [0.4083778625395728, 0.18556246844558102, 0.017297563049105853, 0.0321146839029208, 0.340564445160807, 0.016082976902012477], [0.7807903217331157, 0.10026620755642279, 0.013001299667109925, 0.02125992987351074, 0.07010602448617691, 0.014576216683663847], [0.14391741440570835, 0.08676530300226537, 0.013012632638396944, 0.019430931102684665, 0.7217693597384304, 0.015104359112514263], [0.14304969723214941, 0.08629585838204053, 0.01305714390920951, 0.019430715554930762, 0.7230322910294518, 0.015134293892217997], [0.6172115213391282, 0.17137870865083726, 0.017297563049105853, 0.038372224988837175, 0.13965700507007908, 0.016082976902012477], [0.786870198878315, 0.09810648819561102, 0.013001299667109925, 0.025072567647074592, 0.06237322892822563, 0.014576216683663847], [0.1211536717971639, 0.08964640001234112, 0.012953825431809948, 0.019486495317527046, 0.7416947974302991, 0.01506481001085894], [0.7921971602841865, 0.10269028684810358, 0.012971951196828372, 0.024302905134387924, 0.05331399657601977, 0.014523699960473693], [0.12405114193720311, 0.3090770496734108, 0.013060089280043406, 0.017805440089151834, 0.520870004303219, 0.015136274716972016], [0.11781865818336373, 0.10933278542862475, 0.013137157002097923, 0.019613036842538643, 0.7249102581383295, 0.015188104405045522], [0.12496540792546744, 0.3042988862845594, 0.013116982174216966, 0.01726751736400758, 0.5251766698490798, 0.01517453640266877], [0.5575352564918722, 0.3285592505591318, 0.012994888145713026, 0.023099835843554763, 0.06324602517707754, 0.014564743782650661], [0.6075050192202374, 0.2872541569244726, 0.013005992795839172, 0.02173310952691066, 0.05591710687310435, 0.014584614659435842], [0.8194157479992301, 0.06419774880355456, 0.027082070296985124, 0.020122726020979496, 0.05357844322473084, 0.015603263654519986], [0.9101699619047617, 0.017885510144927536, 0.012335033954451347, 0.012770975983436853, 0.03242729068322982, 0.014411227329192547]], [[0.9101699619047617, 0.017885510144927536, 0.012335033954451347, 0.012770975983436853, 0.03242729068322982, 0.014411227329192547], [0.8852351550870718, 0.03150707139738181, 0.014510126056532454, 0.014578119227646492, 0.03878099538346907, 0.01538853284789826], [0.8807020574360863, 0.034078669441554445, 0.01330715188505616, 0.015796406787597604, 0.04069977336910732, 0.015415941080598053], [0.878830673531728, 0.03509628553779613, 0.013285407279825419, 0.0156574604551516, 0.04175314233416691, 0.015377030861331882], [0.08976819144247532, 0.032193785626210294, 0.013547206375511472, 0.01826036649548177, 0.829906184468396, 0.016324265591924993], [0.09137591025801224, 0.036372591113352434, 0.013547206375511472, 0.018168767584576917, 0.8242112590766217, 0.016324265591924993], [0.0878481154250771, 0.037549291307083094, 0.013547206375511472, 0.017366544556453957, 0.8273645767439493, 0.016324265591924993], [0.09266811328855322, 0.03847694962604576, 0.013547206375511472, 0.018743686803161422, 0.8202397783148031, 0.016324265591924993], [0.8811163737782428, 0.03801715733140287, 0.012976287392283448, 0.016191621356310214, 0.03716710090885367, 0.014531459232906906], [0.8629168042894129, 0.045023978729631896, 0.0129995020857669, 0.017644766633541302, 0.04684194820497941, 0.01457300005666769], [0.8378672696295967, 0.06139440316219836, 0.012971951196828372, 0.018904979518087464, 0.05433769653281548, 0.014523699960473693], [0.11257948301226327, 0.07233850099534771, 0.013043855802874055, 0.01948528728236605, 0.7674275155500729, 0.015125357357075996], [0.8090012980454804, 0.0714617844160863, 0.012963386868243078, 0.023211577646850935, 0.06885357823890745, 0.014508374784431857], [0.11056152287582666, 0.08429150428016141, 0.013151488450605707, 0.019612549344043127, 0.7571851924392947, 0.015197742610068302], [0.794760738866533, 0.08875757877426088, 0.013001299667109925, 0.027283468588474802, 0.06162069741995755, 0.014576216683663847], [0.3770569649877755, 0.41375238056603564, 0.017297563049105853, 0.046481996045169005, 0.1293281184499016, 0.01608297690201248], [0.7828250722817452, 0.10556652525327503, 0.012975251595189431, 0.02522153148516619, 0.058882013627170715, 0.014529605757453302], [0.11056152287582667, 0.08909352224133607, 0.015979415672125605, 0.01961254934404313, 0.7495552472566002, 0.015197742610068302], [0.10283586926350317, 0.06579227106867412, 0.013103943861919978, 0.01790532168411512, 0.7851968262624381, 0.015165767859349429], [0.86834867808482, 0.041251427900867284, 0.012966023948221498, 0.01735164410202483, 0.04556913233746219, 0.014513093626604152], [0.07674735962697368, 0.031612999261209904, 0.013103943861919976, 0.016962063985745856, 0.8464078654048012, 0.015165767859349429], [0.08672206745870084, 0.05042384401747081, 0.013093765480172503, 0.0183046257933699, 0.8162967745699168, 0.015158922680369162], [0.8048958324197066, 0.08435746233354333, 0.012988584029024535, 0.02916866799839174, 0.054035990145623096, 0.014553463073710407], [0.5473040929962555, 0.3410847599522656, 0.012977976326459396, 0.02818246674286297, 0.05591622253760622, 0.014534481444550435], [0.14259184137570083, 0.08604815328273187, 0.013080630532086772, 0.01943060181994375, 0.7236986838421174, 0.015150089147419225], [0.7837885121358811, 0.09682036383519141, 0.013001299667109925, 0.02289607439185643, 0.06891753328629731, 0.014576216683663847], [0.803739869002417, 0.08576965555395104, 0.01301259573532456, 0.021061143961183117, 0.06182030565942696, 0.014596430087697312], [0.8164691487921227, 0.0813173365393081, 0.012988584029024535, 0.019744831744312855, 0.05492663582152135, 0.014553463073710407], [0.7970937907202328, 0.09052274278083217, 0.012994888145713025, 0.02255948710668229, 0.06226434746388878, 0.01456474378265066], [0.8059129525136064, 0.0865312987187862, 0.013019313840407967, 0.02140629195229932, 0.05852169137938142, 0.014608451595518431], [0.7860603073125328, 0.09928870089602367, 0.012994888145713026, 0.024735980361900455, 0.06235537950117929, 0.014564743782650661], [0.8060342906419719, 0.08426248993541519, 0.012988584029024535, 0.0216035905883821, 0.06055758173149583, 0.014553463073710407], [0.5911485233286989, 0.2994045588446365, 0.013012595735324562, 0.023237637216401274, 0.05860025478724138, 0.014596430087697312], [0.7730726507410606, 0.11190403633286536, 0.013001299667109925, 0.025072567647074592, 0.06237322892822563, 0.014576216683663847], [0.3897476390350864, 0.439933331343993, 0.017297563049105853, 0.033209753592956165, 0.10372873607684621, 0.01608297690201248], [0.1328802481587767, 0.10844516909253896, 0.01305714390920951, 0.019430715554930762, 0.711052429392326, 0.015134293892217997], [0.5540458553969465, 0.33167633051942685, 0.013001299667109925, 0.0234364231287289, 0.06326387460412389, 0.014576216683663847], [0.7548525849054534, 0.1343415500448606, 0.01301259573532456, 0.0235911264865575, 0.05960571274010649, 0.014596430087697312], [0.7977636005458747, 0.06686506333491088, 0.043556248312979835, 0.020532936817501977, 0.05567380918947448, 0.015608341799258144], [0.9101699619047617, 0.017885510144927536, 0.012335033954451347, 0.012770975983436853, 0.03242729068322982, 0.014411227329192547]], [[0.9101699619047617, 0.017885510144927536, 0.012335033954451347, 0.012770975983436853, 0.03242729068322982, 0.014411227329192547], [0.8783430039435407, 0.03508068827766218, 0.016683052188592944, 0.014605362696693602, 0.03985992776812175, 0.015427965125388736], [0.8807020574360863, 0.034078669441554445, 0.01330715188505616, 0.015796406787597604, 0.04069977336910732, 0.015415941080598053], [0.8807020574360863, 0.034078669441554445, 0.01330715188505616, 0.015796406787597604, 0.04069977336910732, 0.015415941080598053], [0.878830673531728, 0.03509628553779613, 0.013285407279825419, 0.0156574604551516, 0.04175314233416691, 0.015377030861331882], [0.8661647153674503, 0.041374057367838196, 0.013272137612405146, 0.016635870147633028, 0.04719993364415597, 0.015353285860517514], [0.8617912767338565, 0.04621055795194903, 0.013331448189181947, 0.01725644471908521, 0.04598506321421738, 0.015425209191709775], [0.8618387208030204, 0.04620303716449734, 0.013547530857737591, 0.017740610363197743, 0.04509448850244421, 0.015575612309102708], [0.8629168042894129, 0.045023978729631896, 0.0129995020857669, 0.017644766633541302, 0.04684194820497941, 0.01457300005666769], [0.8310858139307277, 0.06263437724661387, 0.012988584029024535, 0.02053360090727404, 0.058204160812649605, 0.014553463073710407], [0.11288413335373258, 0.07251158343671503, 0.013023074387937164, 0.01948556612915566, 0.7669842612805028, 0.015111381411956672], [0.8080035706851351, 0.08615409518653934, 0.012975251595189431, 0.01945546314851202, 0.058882013627170715, 0.014529605757453302], [0.11551052027721521, 0.07503823861947757, 0.013151488450605708, 0.017828428023793353, 0.7632735820188399, 0.015197742610068302], [0.09149642219583826, 0.07884979778608152, 0.013151488450605707, 0.017367409643937588, 0.7839371393134685, 0.0151977426100683], [0.8002380122621632, 0.09052502031076956, 0.012977976326459396, 0.021086203755735528, 0.06063830590032205, 0.014534481444550437], [0.1169163625752102, 0.0791345490520355, 0.013060089280043404, 0.017805440089151834, 0.757947284286587, 0.015136274716972015], [0.11056152287582666, 0.08808966331065005, 0.013151488450605707, 0.019612549344043127, 0.7533870334088061, 0.015197742610068302], [0.09725680694547952, 0.2717464150229435, 0.013151488450605707, 0.019700730048855558, 0.5829468169220473, 0.0151977426100683], [0.86834867808482, 0.041251427900867284, 0.012966023948221498, 0.01735164410202483, 0.04556913233746219, 0.014513093626604152], [0.8876769058584948, 0.03414792665286196, 0.012993120767893747, 0.01631581659027505, 0.03430464892804736, 0.014561581202426985], [0.8576152569166163, 0.052408536746763316, 0.012966023948221498, 0.018199019457409336, 0.04429806930438542, 0.014513093626604152], [0.1059557288566889, 0.06599965235053407, 0.013080630532086772, 0.017899787119649912, 0.7819141119936209, 0.015150089147419225], [0.7793593461726286, 0.10632690764978572, 0.012994888145713026, 0.024489766785333107, 0.062264347463888786, 0.014564743782650661], [0.5801837933970466, 0.3104306225743626, 0.013019313840407968, 0.021406291952299324, 0.060351526640364896, 0.014608451595518431], [0.5701517275763637, 0.31821030476714884, 0.012994888145713026, 0.020923342588336606, 0.06315499313978705, 0.014564743782650661], [0.7822886781440417, 0.10746668001997355, 0.01301259573532456, 0.021414633231339342, 0.06122098278162338, 0.014596430087697312], [0.8330357297479648, 0.06921315115078874, 0.013005992795839172, 0.019874350682841414, 0.05028616096312988, 0.014584614659435842], [0.8548926873160517, 0.056368891014634964, 0.012999502085766898, 0.01849214198892581, 0.04267377753795291, 0.01457300005666769], [0.834693080537626, 0.0675558003611275, 0.013005992795839172, 0.019874350682841414, 0.05028616096312988, 0.014584614659435842], [0.7970937907202328, 0.09052274278083217, 0.012994888145713025, 0.02255948710668229, 0.06226434746388878, 0.01456474378265066], [0.3370879377052318, 0.057458222216724864, 0.012929384959513492, 0.01957813835191348, 0.5578979434950527, 0.015048373271563619], [0.8479274417318169, 0.05522791033858349, 0.012982384640623998, 0.020218949130498487, 0.04910094439087286, 0.014542369767604297], [0.8250032919403444, 0.0697558842043655, 0.013005992795839172, 0.02173310952691066, 0.05591710687310435, 0.014584614659435842], [0.7760377463221514, 0.11315638862816264, 0.01301259573532456, 0.0235911264865575, 0.05960571274010649, 0.014596430087697312], [0.7752551739028481, 0.1135626048140145, 0.013019313840407967, 0.0239362744776737, 0.059618181369537025, 0.014608451595518431], [0.7662456692006042, 0.11947651671576906, 0.013001299667109925, 0.0234364231287289, 0.06326387460412389, 0.014576216683663847], [0.5540645229164534, 0.23402110460624553, 0.017297563049105853, 0.03320975359295616, 0.14532407893322669, 0.016082976902012477], [0.5793654386269509, 0.3108112873129333, 0.013019313840407968, 0.02358278520751748, 0.05861272341667193, 0.014608451595518433], [0.737176346527993, 0.0584129038543318, 0.07981205124566511, 0.03229166223004986, 0.07669358648054335, 0.015613449661416916], [0.9101699619047617, 0.017885510144927536, 0.012335033954451347, 0.012770975983436853, 0.03242729068322982, 0.014411227329192547]], [[0.9101699619047617, 0.017885510144927536, 0.012335033954451347, 0.012770975983436853, 0.03242729068322982, 0.014411227329192547], [0.8852351550870718, 0.03150707139738181, 0.014510126056532454, 0.014578119227646492, 0.03878099538346907, 0.01538853284789826], [0.8807020574360863, 0.034078669441554445, 0.01330715188505616, 0.015796406787597604, 0.04069977336910732, 0.015415941080598053], [0.8807020574360863, 0.034078669441554445, 0.01330715188505616, 0.015796406787597604, 0.04069977336910732, 0.015415941080598053], [0.862985823952028, 0.04540947830956374, 0.013293286211505141, 0.016825412123848173, 0.0460948698282265, 0.015391129574828313], [0.09298087086839155, 0.04700211591518721, 0.013547206375511472, 0.020446197822442627, 0.809699343426542, 0.016324265591924993], [0.8635776301750311, 0.043110213189963414, 0.013317812106959462, 0.017473980614500614, 0.047119555392419306, 0.01540080852112605], [0.838104874588103, 0.05534055119322332, 0.01357780486863663, 0.019635640163705007, 0.05771134397366756, 0.015629785212664223], [0.8410598467213258, 0.057868238865785675, 0.01300599279583917, 0.019026975327456903, 0.05445433163015636, 0.014584614659435842], [0.8118618571553664, 0.08276283977678021, 0.013012595735324562, 0.02256455184976854, 0.05520172539506297, 0.014596430087697312], [0.8091777098232784, 0.08121705984280557, 0.01298410178187284, 0.021414642824272884, 0.06066104327423784, 0.014545442453532344], [0.5828625286528087, 0.18415233068546347, 0.017297563049105853, 0.031185255006336163, 0.1684193457042733, 0.016082976902012477], [0.8091777098232784, 0.08121705984280557, 0.01298410178187284, 0.021414642824272884, 0.06066104327423784, 0.014545442453532344], [0.11660041046318684, 0.07566917444274864, 0.013080630532086772, 0.017810606448501954, 0.7616890889660565, 0.015150089147419225], [0.8161571151474812, 0.07730728668995901, 0.012988584029024535, 0.018897456388928344, 0.06009609467089644, 0.014553463073710407], [0.5928080072141054, 0.2884080245471207, 0.012994888145713026, 0.02272271424887157, 0.06850162206153837, 0.014564743782650661], [0.8244070141023863, 0.06831188889260655, 0.012988584029024535, 0.020533600907274036, 0.059205448994998175, 0.014553463073710407], [0.8639557225402702, 0.04626564660648159, 0.012982384640623998, 0.017512814931044732, 0.04474106151397514, 0.014542369767604296], [0.8876769058584948, 0.03414792665286196, 0.012993120767893747, 0.01631581659027505, 0.03430464892804736, 0.014561581202426985], [0.8672834592739168, 0.043554431379077684, 0.0129995020857669, 0.017644766633541302, 0.043944840571029674, 0.01457300005666769], [0.8247190477470276, 0.07232193874195568, 0.012988584029024535, 0.021380976262658544, 0.0540359901456231, 0.014553463073710407], [0.7972009888101356, 0.09306377143400887, 0.012977976326459396, 0.02092297661354625, 0.06129980537129963, 0.014534481444550435], [0.7928202545524875, 0.09620851025526546, 0.013019313840407967, 0.02140629195229932, 0.061937177804021165, 0.014608451595518431], [0.38468430669440773, 0.3803931923938411, 0.017297563049105853, 0.024605634599821152, 0.1769363263608117, 0.016082976902012477], [0.7866462495837944, 0.10103311812832216, 0.013019313840407968, 0.021406291952299324, 0.06328657489965753, 0.014608451595518431], [0.7866610772209855, 0.10480058302183703, 0.01301259573532456, 0.021414633231339342, 0.059514680702816, 0.014596430087697312], [0.8195402879298903, 0.07750069855909318, 0.012988584029024535, 0.021380976262658544, 0.0540359901456231, 0.014553463073710407], [0.8489783226310053, 0.06228325569968139, 0.012999502085766898, 0.01849214198892581, 0.04267377753795291, 0.01457300005666769], [0.8535411572078159, 0.05772042112287063, 0.012999502085766898, 0.01849214198892581, 0.04267377753795291, 0.01457300005666769], [0.834693080537626, 0.0675558003611275, 0.013005992795839172, 0.019874350682841414, 0.05028616096312988, 0.014584614659435842], [0.8514296957099693, 0.05172565636043096, 0.012982384640623998, 0.020218949130498487, 0.049100944390872855, 0.014542369767604296], [0.8844458716932653, 0.033158072255421646, 0.012993120767893747, 0.01631581659027505, 0.03852553749071737, 0.014561581202426985], [0.8494994160313185, 0.053655936039081774, 0.012982384640623998, 0.020218949130498487, 0.049100944390872855, 0.014542369767604296], [0.8209195259922392, 0.06863175574270056, 0.012988584029024535, 0.02323973510672779, 0.05966693605559758, 0.014553463073710407], [0.7908615510532724, 0.09838020817191151, 0.013012595735324562, 0.027758250537660713, 0.05539096441413354, 0.014596430087697312], [0.7761734332588769, 0.11302070169143719, 0.01301259573532456, 0.0235911264865575, 0.05960571274010649, 0.014596430087697312], [0.5755792407980972, 0.3093974462758287, 0.013001299667109925, 0.025072567647074592, 0.06237322892822563, 0.014576216683663847], [0.7817366347737665, 0.10881644739956897, 0.01301259573532456, 0.02323763721640127, 0.058600254787241374, 0.014596430087697312], [0.8056740750311029, 0.05895458884968259, 0.043556248312979835, 0.020532936817501977, 0.05567380918947448, 0.015608341799258144], [0.9101699619047617, 0.017885510144927536, 0.012335033954451347, 0.012770975983436853, 0.03242729068322982, 0.014411227329192547]], [[0.9101345109188298, 0.01789299835187474, 0.012369965801400906, 0.012803752369180058, 0.03236287886279358, 0.014435893695920889], [0.08884053312351264, 0.02737378776273417, 0.02133188546453839, 0.020775563793287766, 0.8253539642640019, 0.016324265591924993], [0.8819913980607994, 0.03107503513632872, 0.013264593740323193, 0.0154770480261618, 0.04285213832720852, 0.01533978670917814], [0.8808123068430774, 0.03400609258399423, 0.013337277215661568, 0.015814224306571166, 0.040594459285700116, 0.01543563976499559], [0.8808123068430774, 0.03400609258399423, 0.013337277215661568, 0.015814224306571166, 0.040594459285700116, 0.01543563976499559], [0.8661647153674503, 0.041374057367838196, 0.013272137612405146, 0.016635870147633028, 0.04719993364415597, 0.015353285860517514], [0.09266811328855322, 0.03847694962604576, 0.013547206375511472, 0.018743686803161422, 0.8202397783148031, 0.016324265591924993], [0.8618387208030204, 0.04620303716449734, 0.013547530857737591, 0.017740610363197743, 0.04509448850244421, 0.015575612309102708], [0.8629168042894129, 0.045023978729631896, 0.0129995020857669, 0.017644766633541302, 0.04684194820497941, 0.01457300005666769], [0.8310858139307277, 0.06263437724661387, 0.012988584029024535, 0.02053360090727404, 0.058204160812649605, 0.014553463073710407], [0.11319078233849178, 0.07268580137676049, 0.013002156637569573, 0.019485846805305657, 0.7665380990635222, 0.015097313778350156], [0.8067292121874154, 0.08101327250780752, 0.013001299667109924, 0.023059301534045704, 0.06162069741995754, 0.014576216683663845], [0.8178067614919441, 0.07551211830268824, 0.01301259573532456, 0.02122437110337239, 0.0578477232789733, 0.014596430087697312], [0.8336511611527488, 0.06116482989605965, 0.012988584029024535, 0.02053360090727404, 0.057108360941182476, 0.014553463073710407], [0.8585147206571886, 0.0466492803026288, 0.0129995020857669, 0.017644766633541302, 0.04961873026420672, 0.01457300005666769], [0.6352339814405389, 0.062288958357724605, 0.013005992795839172, 0.019026975327456903, 0.2558594774190046, 0.014584614659435842], [0.8581803196082456, 0.04676730420225574, 0.0129995020857669, 0.017644766633541302, 0.04983510741352279, 0.01457300005666769], [0.8860195550688336, 0.03414792665286196, 0.012993120767893747, 0.01631581659027505, 0.035961999717708616, 0.014561581202426985], [0.8887397901658028, 0.03343655670935346, 0.012986846099841416, 0.01599345052926597, 0.03429300330628752, 0.014550353189448691], [0.8863406053202889, 0.03486428776918559, 0.012976287392283448, 0.016191621356310214, 0.03509573892902487, 0.014531459232906906], [0.08612749883713487, 0.04757000487696361, 0.013036449435830095, 0.01836340670668965, 0.8197822637262299, 0.015120376417151821], [0.10656087261471749, 0.0663254481022274, 0.013036449435830096, 0.01788929856537107, 0.781067554864702, 0.015120376417151823], [0.7864320489778089, 0.0942857104546288, 0.012994888145713025, 0.02255948710668229, 0.06916312153251594, 0.01456474378265066], [0.5789156236082047, 0.09955947750736466, 0.013001299667109925, 0.02289607439185643, 0.2710513081418005, 0.014576216683663847], [0.7892100581173043, 0.09103043192927851, 0.013012595735324562, 0.021061143961183117, 0.07108934016921221, 0.014596430087697312], [0.8143615281127528, 0.07750069855909317, 0.012988584029024535, 0.021380976262658544, 0.05921474996276059, 0.014553463073710407], [0.08748880969602493, 0.054548939900020466, 0.012929384959513493, 0.01964503878210682, 0.8103394533907707, 0.015048373271563619], [0.6686625583212424, 0.2511264670858174, 0.012976287392283448, 0.016191621356310214, 0.03651160661143949, 0.014531459232906906], [0.875614481138616, 0.044794483690326306, 0.012993120767893747, 0.01631581659027505, 0.03572051661046198, 0.014561581202426987], [0.8548437360269056, 0.05641784230378108, 0.012999502085766898, 0.01849214198892581, 0.04267377753795291, 0.01457300005666769], [0.8831095711550592, 0.033874433371745276, 0.012976287392283448, 0.016191621356310214, 0.03931662749169488, 0.014531459232906906], [0.8831095711550592, 0.033874433371745276, 0.012976287392283448, 0.016191621356310214, 0.03931662749169488, 0.014531459232906906], [0.10956672216900933, 0.04173544473690871, 0.013036449435830095, 0.01836340670668965, 0.8021776005344103, 0.015120376417151821], [0.334222266074248, 0.06347743583561262, 0.013080630532086772, 0.017899787119649912, 0.5561697912909833, 0.015150089147419225], [0.7645287407187792, 0.12616028564970336, 0.012977976326459396, 0.025791261285611114, 0.056007254574896706, 0.014534481444550435], [0.7948558435992578, 0.10003160353303242, 0.012971951196828372, 0.024302905134387924, 0.053313996576019776, 0.014523699960473693], [0.14154598567329468, 0.08888698093922884, 0.01305714390920951, 0.017804699294768165, 0.7235708962912807, 0.015134293892217997], [0.8123707643823319, 0.07718051735260766, 0.012988584029024535, 0.023239735106727787, 0.059666936055597565, 0.014553463073710405], [0.8378260184543987, 0.04560139617412632, 0.027118925806655814, 0.020126193372204584, 0.053742417764939446, 0.015585048427675104], [0.9101699619047617, 0.017885510144927536, 0.012335033954451347, 0.012770975983436853, 0.03242729068322982, 0.014411227329192547]], [[0.9100152772207027, 0.01791818373341436, 0.012487453458928391, 0.012913990479084371, 0.03214624004861744, 0.014518855059252506], [0.08434313333057765, 0.03655556818338585, 0.022856616778199057, 0.016906456024939467, 0.8229855686964367, 0.016352656986461066], [0.0901671545132212, 0.0360875552320595, 0.013645497566151738, 0.018189444770179444, 0.8255344287715183, 0.016375919146869762], [0.8795657238097454, 0.034618921840320255, 0.013471367492031873, 0.01577128053766581, 0.041073326803979966, 0.01549937951625675], [0.8813801942018061, 0.03363225402041714, 0.013492450788883118, 0.015906001161115412, 0.040051993450323876, 0.015537106377454299], [0.8824758197074556, 0.030805829229059, 0.013406065486602147, 0.015567504443034282, 0.042311373001702506, 0.015433408132146118], [0.0913278429235187, 0.03812798103532541, 0.013654269673520408, 0.018755692532371884, 0.8217536848090444, 0.016380529026219046], [0.866924248070524, 0.04101169727479666, 0.013622504454591124, 0.01717859556351855, 0.045670124793179355, 0.015592829843390254], [0.8824526743164488, 0.03730079621507925, 0.012993120767893747, 0.01631581659027505, 0.036376010907876156, 0.014561581202426985], [0.8615959836484578, 0.045728277864344254, 0.012982384640623998, 0.017512814931044732, 0.04763816914792488, 0.014542369767604296], [0.8378672696295967, 0.06139440316219836, 0.012971951196828372, 0.018904979518087464, 0.05433769653281548, 0.014523699960473693], [0.8178067614919441, 0.07551211830268824, 0.01301259573532456, 0.02122437110337239, 0.0578477232789733, 0.014596430087697312], [0.8454265017058298, 0.05639869151523147, 0.01300599279583917, 0.019026975327456903, 0.05155722399620663, 0.014584614659435842], [0.8672834592739168, 0.043554431379077684, 0.0129995020857669, 0.017644766633541302, 0.043944840571029674, 0.01457300005666769], [0.8850395563410338, 0.03414792665286196, 0.012993120767893747, 0.01631581659027505, 0.03694199844550831, 0.014561581202426985], [0.8579693354369453, 0.04606003827627267, 0.012982384640623998, 0.017512814931044736, 0.050933056947509124, 0.014542369767604299], [0.8825776376464922, 0.03486428776918559, 0.012976287392283448, 0.016191621356310214, 0.038858706602821515, 0.014531459232906906], [0.8887397901658028, 0.03343655670935346, 0.012986846099841416, 0.01599345052926597, 0.03429300330628752, 0.014550353189448691], [0.8897850578897601, 0.032736977238069315, 0.012980675430137712, 0.015676427466120493, 0.03428155070277529, 0.014539311273136927], [0.8873886643820369, 0.03416451385483239, 0.01297028978036448, 0.015876763183285986, 0.03507904180992119, 0.014520726989559002], [0.8854537165870711, 0.033710578884055306, 0.012960192214672955, 0.016037849260531804, 0.03733500484443224, 0.014502658209236588], [0.8552292174647581, 0.05541583935968608, 0.012982384640623998, 0.01836019028642924, 0.04346999848089839, 0.014542369767604297], [0.8191694936709066, 0.07232193874195568, 0.012988584029024535, 0.021380976262658544, 0.0595855442217442, 0.014553463073710407], [0.3509689487043896, 0.07508738066907795, 0.012975059889211044, 0.01948621039177519, 0.5264033097088407, 0.015079090636705521], [0.6140168772895018, 0.07469116064659886, 0.012971951196828372, 0.019752354873471968, 0.2640439560331253, 0.014523699960473693], [0.8374100501027804, 0.0671034555345647, 0.012999502085766898, 0.01849214198892581, 0.049421850231294535, 0.01457300005666769], [0.6023054462017683, 0.2929342325247326, 0.012988584029024535, 0.021380976262658544, 0.05583729790810572, 0.014553463073710407], [0.6356565274992574, 0.2756050508314293, 0.012999502085766898, 0.01849214198892581, 0.04267377753795291, 0.01457300005666769], [0.8736024853706585, 0.04680647945828371, 0.