{"round_id": "b3a0be6b-b48b-419d-916a-b7a77fa58c4d", "seed_index": 4, "prediction": [[[0.9100152772207027, 0.01791818373341436, 0.012487453458928391, 0.012913990479084371, 0.03214624004861744, 0.014518855059252506], [0.9182382375514643, 0.016291946554804627, 0.012126825759341257, 0.012453960071467412, 0.027204212537869962, 0.013684817525052436], [0.9180453928516643, 0.016331279950912717, 0.012218870072096948, 0.012541864396379812, 0.027105447768062584, 0.013757144960883571], [0.9159613060295789, 0.016744549650576954, 0.012387520559076872, 0.012729727612546725, 0.028159599219892736, 0.014017296928327646], [0.9179902057160324, 0.016342536145499006, 0.012245210759590402, 0.012567020327067094, 0.027077183860614397, 0.013777843191196699], [0.9179902057160324, 0.016342536145499006, 0.012245210759590402, 0.012567020327067094, 0.027077183860614397, 0.013777843191196699], [0.9179902057160324, 0.016342536145499006, 0.012245210759590402, 0.012567020327067094, 0.027077183860614397, 0.013777843191196699], [0.9179902057160324, 0.016342536145499006, 0.012245210759590402, 0.012567020327067094, 0.027077183860614397, 0.013777843191196699], [0.9179902057160324, 0.016342536145499006, 0.012245210759590402, 0.012567020327067094, 0.027077183860614397, 0.013777843191196699], [0.9179902057160324, 0.016342536145499006, 0.012245210759590402, 0.012567020327067094, 0.027077183860614397, 0.013777843191196699], [0.9179902057160324, 0.016342536145499006, 0.012245210759590402, 0.012567020327067094, 0.027077183860614397, 0.013777843191196699], [0.9179902057160324, 0.016342536145499006, 0.012245210759590402, 0.012567020327067094, 0.027077183860614397, 0.013777843191196699], [0.9179902057160324, 0.016342536145499006, 0.012245210759590402, 0.012567020327067094, 0.027077183860614397, 0.013777843191196699], [0.9179902057160324, 0.016342536145499006, 0.012245210759590402, 0.012567020327067094, 0.027077183860614397, 0.013777843191196699], [0.9179902057160324, 0.016342536145499006, 0.012245210759590402, 0.012567020327067094, 0.027077183860614397, 0.013777843191196699], [0.9179902057160324, 0.016342536145499006, 0.012245210759590402, 0.012567020327067094, 0.027077183860614397, 0.013777843191196699], [0.9179902057160324, 0.016342536145499006, 0.012245210759590402, 0.012567020327067094, 0.027077183860614397, 0.013777843191196699], [0.9179902057160324, 0.016342536145499006, 0.012245210759590402, 0.012567020327067094, 0.027077183860614397, 0.013777843191196699], [0.9179902057160324, 0.016342536145499006, 0.012245210759590402, 0.012567020327067094, 0.027077183860614397, 0.013777843191196699], [0.9179902057160324, 0.016342536145499006, 0.012245210759590402, 0.012567020327067094, 0.027077183860614397, 0.013777843191196699], [0.9179627636918383, 0.016348133333333334, 0.012258308771929825, 0.012579529214340197, 0.0270631295194508, 0.013788135469107551], [0.9179627636918383, 0.016348133333333334, 0.012258308771929825, 0.012579529214340197, 0.0270631295194508, 0.013788135469107551], [0.9179627636918383, 0.016348133333333334, 0.012258308771929825, 0.012579529214340197, 0.0270631295194508, 0.013788135469107551], [0.9179627636918383, 0.016348133333333334, 0.012258308771929825, 0.012579529214340197, 0.0270631295194508, 0.013788135469107551], [0.9179627636918383, 0.016348133333333334, 0.012258308771929825, 0.012579529214340197, 0.0270631295194508, 0.013788135469107551], [0.9234340184693232, 0.015264011891208096, 0.011872639342188488, 0.012139002403542062, 0.024149122580645162, 0.013141205313092978], [0.9234340184693232, 0.015264011891208096, 0.011872639342188488, 0.012139002403542062, 0.024149122580645162, 0.013141205313092978], [0.9234340184693232, 0.015264011891208096, 0.011872639342188488, 0.012139002403542062, 0.024149122580645162, 0.013141205313092978], [0.9234340184693232, 0.015264011891208096, 0.011872639342188488, 0.012139002403542062, 0.024149122580645162, 0.013141205313092978], [0.9234340184693232, 0.015264011891208096, 0.011872639342188488, 0.012139002403542062, 0.024149122580645162, 0.013141205313092978], [0.9234340184693232, 0.015264011891208096, 0.011872639342188488, 0.012139002403542062, 0.024149122580645162, 0.013141205313092978], [0.9179627636918383, 0.016348133333333334, 0.012258308771929825, 0.012579529214340197, 0.0270631295194508, 0.013788135469107551], [0.9179627636918383, 0.016348133333333334, 0.012258308771929825, 0.012579529214340197, 0.0270631295194508, 0.013788135469107551], [0.9179902057160324, 0.016342536145499006, 0.012245210759590402, 0.012567020327067094, 0.027077183860614397, 0.013777843191196699], [0.9179902057160324, 0.016342536145499006, 0.012245210759590402, 0.012567020327067094, 0.027077183860614397, 0.013777843191196699], [0.9179902057160324, 0.016342536145499006, 0.012245210759590402, 0.012567020327067094, 0.027077183860614397, 0.013777843191196699], [0.9179902057160324, 0.016342536145499006, 0.012245210759590402, 0.012567020327067094, 0.027077183860614397, 0.013777843191196699], [0.9179902057160324, 0.016342536145499006, 0.012245210759590402, 0.012567020327067094, 0.027077183860614397, 0.013777843191196699], [0.9179627636918383, 0.016348133333333334, 0.012258308771929825, 0.012579529214340197, 0.0270631295194508, 0.013788135469107551], [0.9179902057160324, 0.016342536145499006, 0.012245210759590402, 0.012567020327067094, 0.027077183860614397, 0.013777843191196699]], [[0.9101037776410256, 0.017899490051282052, 0.012400249025641026, 0.012832166974358974, 0.03230703876923077, 0.014457277538461539], [0.8467368157336741, 0.03991014356315994, 0.035127722841515364, 0.018276973523178357, 0.04542503496884635, 0.014523309369625722], [0.5632266276967687, 0.030655753814490636, 0.32427229699247534, 0.017118811957556872, 0.05019610878348647, 0.014530400755221908], [0.412452750775005, 0.0600530439731876, 0.029957007746048446, 0.019360181992035548, 0.46311220550286447, 0.01506481001085894], [0.7657074433392055, 0.05853177503332418, 0.08635350691140335, 0.023132707591348375, 0.051772921502277615, 0.014501645622440829], [0.11268850510524675, 0.03756691937199237, 0.023701311625142843, 0.02432616606805879, 0.7865193552194908, 0.015197742610068302], [0.8597793745283909, 0.040191632425599644, 0.020427154273923435, 0.017859292406088724, 0.047399237423457724, 0.014343308942539669], [0.07835178166784439, 0.03063355354028293, 0.02087926199073623, 0.018477646547914558, 0.8364600136431536, 0.015197742610068302], [0.8828644881298233, 0.03262094854800421, 0.015172992947171756, 0.014513825002239616, 0.04031219174396533, 0.014515553628795728], [0.8851665446249015, 0.032517191741951446, 0.01647635286342733, 0.014238535254245227, 0.037060260000529574, 0.014541115514944893], [0.8945113209835701, 0.02901826458903254, 0.015462111681297318, 0.013931182582003068, 0.032539809476739595, 0.014537310687357375], [0.8945113209835701, 0.02901826458903254, 0.015462111681297318, 0.013931182582003068, 0.032539809476739595, 0.014537310687357375], [0.8995897481419616, 0.0263850732035628, 0.013861008215568536, 0.013911108446915722, 0.031744806666995515, 0.014508255324995972], [0.8995897481419616, 0.0263850732035628, 0.013861008215568536, 0.013911108446915722, 0.031744806666995515, 0.014508255324995972], [0.8882740773555163, 0.032517191741951446, 0.01647635286342733, 0.014238535254245227, 0.033952727269914725, 0.014541115514944893], [0.8920906915617295, 0.030541804112645107, 0.015172992947171757, 0.014513825002239616, 0.03316513274741842, 0.014515553628795728], [0.07998946357003646, 0.025542014289030267, 0.014991873988827167, 0.01547487727039177, 0.8489533976101505, 0.015048373271563619], [0.8477422543074039, 0.04719995448024837, 0.021725803603004808, 0.030398521552762445, 0.03841053109272598, 0.014522934963854423], [0.8269670945553784, 0.05092241152091476, 0.035987548763568744, 0.03076100283445314, 0.0408053854906016, 0.014556556835083305], [0.8474862140496847, 0.03625909400820729, 0.04345218683100606, 0.01718114336305113, 0.0410608881060809, 0.014560473641969812], [0.8012598542789224, 0.03597499103575531, 0.04842336118118614, 0.03224931696266432, 0.06752806310410618, 0.01456441343736557], [0.9154314265020576, 0.016849714238683127, 0.01243674304526749, 0.012783343868312758, 0.028411327407407407, 0.014087444938271604], [0.9179627636918383, 0.016348133333333334, 0.012258308771929825, 0.012579529214340197, 0.0270631295194508, 0.013788135469107551], [0.9179627636918383, 0.016348133333333334, 0.012258308771929825, 0.012579529214340197, 0.0270631295194508, 0.013788135469107551], [0.9179627636918383, 0.016348133333333334, 0.012258308771929825, 0.012579529214340197, 0.0270631295194508, 0.013788135469107551], [0.8891863591410492, 0.03291516881101938, 0.013250434509833956, 0.013771024543367013, 0.03710824675689994, 0.01376876623783046], [0.9234340184693232, 0.015264011891208096, 0.011872639342188488, 0.012139002403542062, 0.024149122580645162, 0.013141205313092978], [0.9123114116441875, 0.0210138803771168, 0.01215106161554762, 0.013259823127771044, 0.02750138534092702, 0.013762437894450044], [0.9081987095598428, 0.023586863358552076, 0.01320163299848852, 0.013243177213097099, 0.028031272321588314, 0.013738344548431196], [0.058617934849660484, 0.021061403528653516, 0.017369766830325165, 0.017029851122274498, 0.8716109610873028, 0.01431008258178339], [0.05861793484966049, 0.022712960208673194, 0.019021323510344842, 0.017029851122274498, 0.8683078477272635, 0.014310082581783392], [0.8807981792304219, 0.028496024486076695, 0.018570846653331835, 0.014481450696330861, 0.0431660605045856, 0.014487438429253083], [0.8882740773555163, 0.032517191741951446, 0.01647635286342733, 0.014238535254245227, 0.033952727269914725, 0.014541115514944893], [0.8945113209835701, 0.02901826458903254, 0.015462111681297318, 0.013931182582003068, 0.032539809476739595, 0.014537310687357375], [0.8945113209835701, 0.02901826458903254, 0.015462111681297318, 0.013931182582003068, 0.032539809476739595, 0.014537310687357375], [0.8995897481419616, 0.0263850732035628, 0.013861008215568536, 0.013911108446915722, 0.031744806666995515, 0.014508255324995972], [0.07956177323895386, 0.02345072861082448, 0.012975059889211046, 0.015502584019071359, 0.8534307636052337, 0.015079090636705523], [0.8881353661978874, 0.024403151148414445, 0.017255874205239625, 0.013849988570068542, 0.04191260034348856, 0.0144430195349013], [0.8978871922792893, 0.02945159580048505, 0.012460879872212569, 0.013810054512473016, 0.03197208229661394, 0.014418195238926217], [0.9179627636918383, 0.016348133333333334, 0.012258308771929825, 0.012579529214340197, 0.0270631295194508, 0.013788135469107551]], [[0.9101699619047617, 0.017885510144927536, 0.012335033954451347, 0.012770975983436853, 0.03242729068322982, 0.014411227329192547], [0.10512949693909039, 0.254461413790174, 0.018830019579227114, 0.017746998260203557, 0.5895707428477804, 0.01426132858352461], [0.8071370459007582, 0.08612928576461859, 0.01765986599028135, 0.020583640611074046, 0.05469546213030545, 0.013794699602962241], [0.48458741759180574, 0.1586617400142237, 0.017895134596251715, 0.025282302526058738, 0.2985292669297635, 0.015044138341896496], [0.6479023798472607, 0.2485707477644172, 0.012474482881742754, 0.02057658045613352, 0.05670662811649205, 0.013769180933953766], [0.09432641344946839, 0.2475146070219452, 0.01261328359186849, 0.01797093750160692, 0.6132646758533274, 0.01431008258178339], [0.10023469655112027, 0.2281661259314512, 0.01261328359186849, 0.01610921824364464, 0.628566593100132, 0.01431008258178339], [0.250013930693636, 0.05145749648382612, 0.01261328359186849, 0.01689469253990354, 0.6547105141089824, 0.01431008258178339], [0.7229191781120301, 0.03657846383088018, 0.01246800301788969, 0.015134228714815113, 0.19914254058476374, 0.013757585739621096], [0.8905718051956799, 0.033565419628781054, 0.012476758530608537, 0.014969901103015614, 0.0346428625176471, 0.013773253024267702], [0.8992594408042819, 0.028854001998171327, 0.012471641675465238, 0.014707018600938624, 0.03094380009692873, 0.013764096824214112], [0.9042855348713783, 0.02577989363030428, 0.012453322854086879, 0.01390266084736018, 0.02984727102770729, 0.013731316769162933], [0.05918473936333407, 0.024006449661555435, 0.01261328359186849, 0.015493051255303852, 0.8743923935461547, 0.01431008258178339], [0.06193893346777426, 0.03039877257390229, 0.012613283591868491, 0.01573239525864633, 0.8650065325260252, 0.014310082581783392], [0.8980813023433588, 0.03003774678284963, 0.012463029666070737, 0.014873141387278889, 0.030796093493236358, 0.013748686327205472], [0.898320318520232, 0.030023992309868457, 0.012481961623471665, 0.015237214136527889, 0.03015394987012656, 0.013782563539773422], [0.8659626386329617, 0.04425873051379005, 0.012982384640623998, 0.017512814931044732, 0.04474106151397514, 0.014542369767604296], [0.8454265017058298, 0.05639869151523147, 0.01300599279583917, 0.019026975327456903, 0.05155722399620663, 0.014584614659435842], [0.8178067614919441, 0.07551211830268824, 0.01301259573532456, 0.02122437110337239, 0.0578477232789733, 0.014596430087697312], [0.8166687620936577, 0.07627376146752342, 0.013019313840407968, 0.021569519094488593, 0.057860191908403844, 0.014608451595518431], [0.6149170896076256, 0.17520276153667505, 0.017297563049105853, 0.02842968748565894, 0.14806992141892222, 0.01608297690201248], [0.11287564622339803, 0.03481191039076276, 0.022563879560815833, 0.021008619234735234, 0.7927368812598896, 0.01600306333039848], [0.9154314265020576, 0.016849714238683127, 0.01243674304526749, 0.012783343868312758, 0.028411327407407407, 0.014087444938271604], [0.9179627636918383, 0.016348133333333334, 0.012258308771929825, 0.012579529214340197, 0.0270631295194508, 0.013788135469107551], [0.9179627636918383, 0.016348133333333334, 0.012258308771929825, 0.012579529214340197, 0.0270631295194508, 0.013788135469107551], [0.9234340184693232, 0.015264011891208096, 0.011872639342188488, 0.012139002403542062, 0.024149122580645162, 0.013141205313092978], [0.8837812784709844, 0.037857813147805425, 0.013232563341322619, 0.013742963047397933, 0.03764098552990172, 0.01374439646258773], [0.897367047699926, 0.03038133023868169, 0.012471641675465238, 0.014707018600938624, 0.031308864960774174, 0.013764096824214112], [0.9054289610899806, 0.0251581244026196, 0.012466608931666193, 0.013987557847450528, 0.029203656593648118, 0.013755091134634863], [0.898177213230036, 0.028528547355794888, 0.012445215011754187, 0.014500474739160978, 0.03263174122475944, 0.013716808438494573], [0.8970086587713911, 0.0254398423301085, 0.012443130906760518, 0.017495207122973283, 0.033900081768257935, 0.013713079100508577], [0.07145110407074173, 0.0315207729509994, 0.013151488450605708, 0.016980474028874093, 0.8516984178887108, 0.015197742610068302], [0.8822273505381563, 0.03317465945739208, 0.01297028978036448, 0.015876763183285986, 0.04123021005124201, 0.014520726989559002], [0.8847241884635471, 0.031747122840629, 0.012980675430137712, 0.015676427466120493, 0.040332274526428756, 0.014539311273136925], [0.8948706564696027, 0.029029757307025984, 0.012958583853784404, 0.014706412509287906, 0.03393480968329918, 0.014499780176999693], [0.8851887015245349, 0.03248622802130241, 0.012964389382390517, 0.015567008475695907, 0.03928350389334219, 0.014510168702733906], [0.8971996113857608, 0.02606673069541842, 0.012943247561519607, 0.014573477035295424, 0.03474459620448775, 0.01447233711751799], [0.07006796200807679, 0.027004178795911063, 0.01305714390920951, 0.016582434405447457, 0.8581539869891371, 0.015134293892217997], [0.06972479921817795, 0.02342704013941615, 0.018876180396681548, 0.018457149804534882, 0.8544104713286752, 0.015104359112514263], [0.9179902057160324, 0.016342536145499006, 0.012245210759590402, 0.012567020327067094, 0.027077183860614397, 0.013777843191196699]], [[0.9101699619047617, 0.017885510144927536, 0.012335033954451347, 0.012770975983436853, 0.03242729068322982, 0.014411227329192547], [0.6329355990353367, 0.030238140229228418, 0.2672062799182606, 0.015903075570118316, 0.03996019722042966, 0.013756708026626136], [0.8080815033883534, 0.0912048286918852, 0.01606357635969586, 0.020998128352039663, 0.049830533706618635, 0.013821429501407124], [0.6386946819943772, 0.258377246656347, 0.013355234879317689, 0.020583640611074046, 0.05519449625592186, 0.013794699602962241], [0.1043812961015884, 0.25571228546196834, 0.01261328359186849, 0.017819778076655964, 0.5951632741861352, 0.01431008258178339], [0.5000796618606256, 0.23749377709709651, 0.01245036865614166, 0.015743570465579115, 0.22050659145062013, 0.013726030469936786], [0.08230022655460849, 0.21605602371308338, 0.01261328359186849, 0.01689469253990354, 0.6578256910187527, 0.01431008258178339], [0.8871350943255136, 0.03542779317049483, 0.012454656542337916, 0.015006717508258821, 0.03624203515655144, 0.013733703296843244], [0.7271193742498915, 0.19723723667005855, 0.012476758530608537, 0.014969901103015612, 0.03442347642215802, 0.013773253024267702], [0.8921447604843289, 0.03379243080758294, 0.012471641675465238, 0.014707018600938626, 0.033120051607470016, 0.013764096824214114], [0.9047528883716113, 0.025834197120988944, 0.012466608931666193, 0.013987557847450528, 0.029203656593648118, 0.013755091134634863], [0.9054289610899806, 0.0251581244026196, 0.012466608931666193, 0.013987557847450528, 0.029203656593648118, 0.013755091134634863], [0.8994870624206595, 0.028009961803673322, 0.012438554163391517, 0.016383456630448195, 0.02997607559486492, 0.013704889386962479], [0.06095660811938168, 0.027845498632991912, 0.012613283591868491, 0.01578836271464512, 0.8684861643593295, 0.014310082581783392], [0.8991781979288693, 0.028134005672833404, 0.012454656542337916, 0.015006717508258821, 0.03149271905085711, 0.013733703296843244], [0.8814096237242915, 0.03782407307904544, 0.012487253152713729, 0.016339208764435578, 0.038147808974459144, 0.013792032305054613], [0.8876769058584948, 0.03414792665286196, 0.012993120767893747, 0.01631581659027505, 0.03430464892804736, 0.014561581202426985], [0.8672834592739168, 0.043554431379077684, 0.0129995020857669, 0.017644766633541302, 0.043944840571029674, 0.01457300005666769], [0.8454265017058298, 0.05639869151523147, 0.01300599279583917, 0.019026975327456903, 0.05155722399620663, 0.014584614659435842], [0.7995997013453789, 0.08926060332692182, 0.012994888145713026, 0.02108656973052588, 0.06249349366880946, 0.014564743782650661], [0.7877235036524592, 0.10026620755642279, 0.013001299667109925, 0.02125992987351074, 0.06317284256683339, 0.014576216683663847], [0.16625674011156025, 0.030972852180148717, 0.020669313169073257, 0.019360965266897144, 0.7475900401249013, 0.015150089147419225], [0.9125502508340094, 0.017419838427553874, 0.012585504282751781, 0.012965199531151383, 0.03008538707059779, 0.014393819853935622], [0.12132944934483655, 0.02580694886817541, 0.017947361225006682, 0.018700426287208194, 0.8002211823922585, 0.015994631882514748], [0.9179627636918383, 0.016348133333333334, 0.012258308771929825, 0.012579529214340197, 0.0270631295194508, 0.013788135469107551], [0.9234340184693232, 0.015264011891208096, 0.011872639342188488, 0.012139002403542062, 0.024149122580645162, 0.013141205313092978], [0.06631224597069334, 0.022712960208673194, 0.014264840271888169, 0.014651609503046161, 0.8677482614639158, 0.014310082581783392], [0.8962348924790569, 0.030994212523224922, 0.012458136926194793, 0.014616285965615011, 0.031956540942540676, 0.013739931163367584], [0.8962348924790569, 0.030994212523224922, 0.012458136926194793, 0.014616285965615011, 0.031956540942540676, 0.013739931163367584], [0.06419973528346165, 0.02655972360246582, 0.01261328359186849, 0.015437083799305064, 0.8668800911411155, 0.01431008258178339], [0.06016706471172665, 0.02655972360246582, 0.01261328359186849, 0.015437083799305064, 0.8709127617128506, 0.01431008258178339], [0.09358973417571453, 0.0488703995020639, 0.013151488450605707, 0.016556849341496038, 0.8126337859200514, 0.015197742610068302], [0.8720070338884007, 0.03387443337174527, 0.012976287392283448, 0.016191621356310214, 0.050419164758353265, 0.014531459232906906], [0.8730550929501488, 0.03317465945739208, 0.01297028978036448, 0.015876763183285986, 0.05040246763924958, 0.014520726989559002], [0.07312752410512015, 0.034740307497566986, 0.013093765480172504, 0.01689000531479588, 0.8469894749219754, 0.015158922680369162], [0.07223700924254155, 0.03170378113725141, 0.01305714390920951, 0.016943942277858254, 0.8509238295409213, 0.015134293892217997], [0.8851887015245349, 0.03248622802130241, 0.012964389382390517, 0.015567008475695907, 0.03928350389334219, 0.014510168702733906], [0.8948706564696027, 0.029029757307025984, 0.012958583853784404, 0.014706412509287906, 0.03393480968329918, 0.014499780176999693], [0.8995897481419616, 0.0263850732035628, 0.013861008215568536, 0.013911108446915722, 0.031744806666995515, 0.014508255324995972], [0.9179902057160324, 0.016342536145499006, 0.012245210759590402, 0.012567020327067094, 0.027077183860614397, 0.013777843191196699]], [[0.9066713774774775, 0.018578156306306305, 0.012540138288288288, 0.013014372522522522, 0.034397255405405405, 0.0147987], [0.8141452710273616, 0.037935386204017256, 0.0759725754168932, 0.01621866646483875, 0.0419431887955634, 0.013784912091325909], [0.48435747666235307, 0.32402346546558247, 0.0194407749937979, 0.025282302526058738, 0.13185184201031136, 0.015044138341896496], [0.4626646155365538, 0.44169926188276615, 0.012474482881742754, 0.022808673149040566, 0.04658378561594316, 0.013769180933953766], [0.08832816517179716, 0.2586745093768071, 0.01261328359186849, 0.016036096862234714, 0.6100378624155092, 0.01431008258178339], [0.09749411409169675, 0.06138466624657949, 0.01261328359186849, 0.01610921824364464, 0.7980886352444272, 0.01431008258178339], [0.08031051887079997, 0.049728251947877264, 0.012613283591868491, 0.01689469253990354, 0.8261431704677673, 0.014310082581783392], [0.8742022817402564, 0.04211783644018867, 0.012473058990422557, 0.01622979150828567, 0.04121039832569863, 0.013766632995148156], [0.8909390165257589, 0.035000519479434083, 0.012481961623471665, 0.015237214136527889, 0.0325587246950339, 0.013782563539773422], [0.8935812205255074, 0.03333695480515325, 0.012476758530608537, 0.014969901103015614, 0.0318619120114475, 0.013773253024267702], [0.9000684445879036, 0.028854001998171327, 0.012471641675465238, 0.014707018600938626, 0.030134796313307025, 0.013764096824214114], [0.8989362893670345, 0.02946688428271456, 0.012458136926194793, 0.014616285965615015, 0.030782472295073526, 0.013739931163367585], [0.06114770478106657, 0.033054423766015716, 0.012613283591868491, 0.016828606639139522, 0.8620458986401263, 0.014310082581783392], [0.8973687943737679, 0.029086140183447913, 0.01244106157594714, 0.016867064289190915, 0.0305275633779181, 0.013709376199727981], [0.0700126826419897, 0.040881348803845946, 0.01261328359186849, 0.017990903920396734, 0.8441916984601158, 0.01431008258178339], [0.8550146658746797, 0.05242700315859216, 0.012478199659741408, 0.018734693731458738, 0.047569605766777684, 0.013775831808750376], [0.8659626386329617, 0.04425873051379005, 0.012982384640623998, 0.017512814931044732, 0.04474106151397514, 0.014542369767604296], [0.8672834592739168, 0.043554431379077684, 0.0129995020857669, 0.017644766633541302, 0.043944840571029674, 0.01457300005666769], [0.8354524689152315, 0.06116482989605965, 0.012988584029024535, 0.02053360090727404, 0.05530705317869987, 0.014553463073710407], [0.11807021838985525, 0.09262631295055157, 0.012975059889211046, 0.024457851018261954, 0.7367914671154145, 0.015079090636705523], [0.7749648607535633, 0.11762342800057929, 0.01298410178187284, 0.023943207098930316, 0.05593895991152202, 0.014545442453532346], [0.6458919179829116, 0.18743973077135595, 0.017297563049105853, 0.024605634599821152, 0.10868217669479306, 0.01608297690201248], [0.0973831715004794, 0.06120387382820289, 0.020681472477468585, 0.019360591336042655, 0.7862615134732274, 0.015109377384579082], [0.7707573397887337, 0.041843832594027436, 0.10974287949854653, 0.01760946087369307, 0.04520830441086412, 0.014838182834134992], [0.9154314265020576, 0.016849714238683127, 0.01243674304526749, 0.012783343868312758, 0.028411327407407407, 0.014087444938271604], [0.09174912794431866, 0.021776484160808896, 0.01601913773775237, 0.016570776912609476, 0.8392957590614805, 0.014588714183029995], [0.8950976806565619, 0.030656507865616932, 0.012447780550564691, 0.016883677580984007, 0.03119295408276207, 0.0137213992635104], [0.8965002886954302, 0.03096143693498373, 0.012476758530608537, 0.014969901103015614, 0.031318361711694186, 0.013773253024267702], [0.8964180702576965, 0.02926057733030929, 0.012463029666070737, 0.015736757601951857, 0.03237287881676633, 0.013748686327205474], [0.06321740993506908, 0.024006449661555435, 0.01261328359186849, 0.015493051255303852, 0.8703597229744197, 0.01431008258178339], [0.8674400700944995, 0.04442731643027941, 0.0124594923441609, 0.017049093509508246, 0.044881671046929285, 0.013742356574622418], [0.8075615743718702, 0.07492679582656099, 0.012988584029024535, 0.021682808703443364, 0.06828677399539029, 0.014553463073710407], [0.639031941449568, 0.05596488945363645, 0.012999502085766898, 0.01879397442971063, 0.2586366925246503, 0.01457300005666769], [0.6715051102276283, 0.03387443337174528, 0.012976287392283448, 0.016191621356310217, 0.2509210884191259, 0.014531459232906906], [0.07223700924254155, 0.03170378113725141, 0.01305714390920951, 0.016943942277858254, 0.8509238295409213, 0.015134293892217997], [0.876035712295299, 0.03087884351922606, 0.012960192214672955, 0.016037849260531804, 0.04958474450103353, 0.014502658209236588], [0.8820932695759335, 0.03244670231191315, 0.012986846099841416, 0.015993450529265967, 0.04192937829359727, 0.014550353189448691], [0.8851887015245349, 0.03248622802130241, 0.012964389382390517, 0.015567008475695907, 0.03928350389334219, 0.014510168702733906], [0.8995897481419616, 0.0263850732035628, 0.013861008215568536, 0.013911108446915722, 0.031744806666995515, 0.014508255324995972], [0.9179902057160324, 0.016342536145499006, 0.012245210759590402, 0.012567020327067094, 0.027077183860614397, 0.013777843191196699]], [[0.9101699619047617, 0.017885510144927536, 0.012335033954451347, 0.012770975983436853, 0.03242729068322982, 0.014411227329192547], [0.6421276867672818, 0.033661236779893425, 0.23420616747083628, 0.019980061203081177, 0.05626813975228111, 0.013756708026626136], [0.0931048030002473, 0.07507065725332591, 0.01261328359186849, 0.017970937501606922, 0.786930236071168, 0.01431008258178339], [0.08832816517179717, 0.2552378864710142, 0.012613283591868491, 0.016036096862234714, 0.613474485321302, 0.014310082581783392], [0.08708523467603298, 0.07821462718287396, 0.01261328359186849, 0.01610921824364464, 0.7916675537237964, 0.01431008258178339], [0.6558264631824178, 0.24952496759992057, 0.012462184728800035, 0.018683105927845337, 0.04975610418098669, 0.013747174380029595], [0.8454643733915821, 0.05957495022226643, 0.012478199659741408, 0.018734693731458738, 0.0499719511862009, 0.013775831808750376], [0.8558176587889494, 0.053540165502450436, 0.012492635392375176, 0.01748536663775838, 0.04686251028914294, 0.013801663389323458], [0.8750473222639908, 0.04178402911992287, 0.012487253152713729, 0.016339208764435578, 0.040550154393882355, 0.013792032305054613], [0.8928801809128882, 0.03323244355564148, 0.01246800301788969, 0.015134228714815113, 0.03252755805914431, 0.013757585739621096], [0.8992016855834077, 0.02943410869447336, 0.012476758530608537, 0.014969901103015614, 0.030144293064227036, 0.013773253024267702], [0.8992016855834077, 0.02943410869447336, 0.012476758530608537, 0.014969901103015614, 0.030144293064227036, 0.013773253024267702], [0.8991781979288693, 0.028134005672833404, 0.012454656542337916, 0.015006717508258821, 0.03149271905085711, 0.013733703296843244], [0.0700126826419897, 0.040881348803845946, 0.01261328359186849, 0.017990903920396734, 0.8441916984601158, 0.01431008258178339], [0.8570170717801399, 0.05261737036409997, 0.012464407349172674, 0.017384205027332487, 0.04676579389912782, 0.013751151580127142], [0.8321257596417915, 0.06826545505962396, 0.012483427172061846, 0.02054995469972842, 0.052790217405886526, 0.013785186020907664], [0.09990763538942728, 0.0568070534432321, 0.012975059889211046, 0.019576880904723502, 0.7956542797367006, 0.015079090636705523], [0.86834867808482, 0.041251427900867284, 0.012966023948221498, 0.01735164410202483, 0.04556913233746219, 0.014513093626604152], [0.8672834592739168, 0.043554431379077684, 0.0129995020857669, 0.017644766633541302, 0.043944840571029674, 0.01457300005666769], [0.8378672696295967, 0.06139440316219836, 0.012971951196828372, 0.018904979518087464, 0.05433769653281548, 0.014523699960473693], [0.1356017414423195, 0.09480221120174394, 0.012975059889211044, 0.02445785101826195, 0.7170840458117579, 0.015079090636705521], [0.7877235036524592, 0.10026620755642279, 0.013001299667109925, 0.02125992987351074, 0.06317284256683339, 0.014576216683663847], [0.7818068802918243, 0.10303664631493648, 0.012994888145713026, 0.020923342588336606, 0.0666734988765389, 0.014564743782650661], [0.8472069172824203, 0.04250129608189793, 0.033673442907240406, 0.017499398688718585, 0.044554531602357325, 0.01456441343736557], [0.9179627636918383, 0.016348133333333334, 0.012258308771929825, 0.012579529214340197, 0.0270631295194508, 0.013788135469107551], [0.9234340184693232, 0.015264011891208096, 0.011872639342188488, 0.012139002403542062, 0.024149122580645162, 0.013141205313092978], [0.08678523402739609, 0.021061403528653516, 0.015653649298268353, 0.016171792356246092, 0.8460178382076524, 0.01431008258178339], [0.8955489966144632, 0.029840845263084143, 0.012468003017889692, 0.01599784492948808, 0.032386724435453824, 0.013757585739621096], [0.8947021984621621, 0.02984084526308415, 0.012468003017889692, 0.01599784492948808, 0.033233522587754825, 0.013757585739621096], [0.8720504635523494, 0.04717791831449828, 0.0124594923441609, 0.015507769762149121, 0.0390619994522199, 0.01374235657462242], [0.8590415658316817, 0.051760080974797736, 0.012492635392375176, 0.016835863465683183, 0.046068190946138676, 0.01380166338932346], [0.5919203038759399, 0.2936630220384546, 0.012994888145713026, 0.024454459159863932, 0.06240258299737777, 0.014564743782650661], [0.8134559730302683, 0.07484070118056212, 0.013005992795839172, 0.020176183123626235, 0.06393653521026839, 0.014584614659435842], [0.8410779044912515, 0.055062864615863155, 0.0129995020857669, 0.018793974429710633, 0.057492754320740115, 0.01457300005666769], [0.8740573209643652, 0.035308453203934456, 0.012976287392283448, 0.016191621356310217, 0.046934857850199845, 0.014531459232906906], [0.6489244932919109, 0.05243285318619798, 0.012999502085766898, 0.020350900832995053, 0.25071925054646127, 0.01457300005666769], [0.8781801279819089, 0.03387443337174528, 0.012976287392283448, 0.016191621356310217, 0.04424607066484515, 0.014531459232906906], [0.07260779527231379, 0.0317901234610216, 0.013012632638396946, 0.016926706785071296, 0.8505583827306822, 0.015104359112514263], [0.06972479921817795, 0.025462994222153857, 0.020912134479419253, 0.018457149804534882, 0.8503385631631998, 0.015104359112514263], [0.9179902057160324, 0.016342536145499006, 0.012245210759590402, 0.012567020327067094, 0.027077183860614397, 0.013777843191196699]], [[0.9101699619047617, 0.017885510144927536, 0.012335033954451347, 0.012770975983436853, 0.03242729068322982, 0.014411227329192547], [0.8313949237005003, 0.05028348402702943, 0.03973290970132147, 0.02185668138398933, 0.043002107430400505, 0.013729893756758881], [0.09310480300024729, 0.07393881534197587, 0.01261328359186849, 0.01797093750160692, 0.7880620779825179, 0.01431008258178339], [0.08708523467603298, 0.07501565237343859, 0.01261328359186849, 0.01610921824364464, 0.7948665285332318, 0.01431008258178339], [0.09777118336579206, 0.23848346159258973, 0.012613283591868491, 0.016036096862234714, 0.6207858920057316, 0.014310082581783392], [0.09720862057976681, 0.07603747809615935, 0.012613283591868491, 0.016491504831874185, 0.7833390303185477, 0.014310082581783392], [0.8118109838692242, 0.09028122719508162, 0.012483427172061846, 0.02030453502545527, 0.0513346407172693, 0.013785186020907664], [0.6518245042312605, 0.25212753721698755, 0.012498110695136306, 0.02071192404062072, 0.04902646281348309, 0.013811461002511813], [0.8441120297214972, 0.060180451869386524, 0.012478199659741408, 0.01948153575442354, 0.0499719511862009, 0.013775831808750374], [0.25617233353542784, 0.044849324125767025, 0.01261328359186849, 0.017990903920396734, 0.6540640722447565, 0.01431008258178339], [0.8991781979288693, 0.028134005672833404, 0.012454656542337916, 0.015006717508258821, 0.03149271905085711, 0.013733703296843244], [0.898320318520232, 0.030023992309868457, 0.012481961623471665, 0.015237214136527889, 0.03015394987012656, 0.013782563539773422], [0.8803143701757197, 0.03840809342414848, 0.012473058990422555, 0.01622979150828567, 0.038808052906275405, 0.013766632995148156], [0.8570170717801399, 0.05261737036409997, 0.012464407349172674, 0.017384205027332487, 0.04676579389912782, 0.013751151580127142], [0.8403824568728265, 0.06432409050906027, 0.012498110695136306, 0.019307495582872362, 0.04967638533759266, 0.013811461002511813], [0.8379255713676292, 0.06495566178616267, 0.012503681495746266, 0.019593699894291303, 0.05119995595476319, 0.013821429501407124], [0.8044767117111878, 0.080482133075405, 0.012977976326459396, 0.021086203755735524, 0.06644249368666182, 0.014534481444550435], [0.10345606620111807, 0.05997962360623452, 0.01305714390920951, 0.017894211415564985, 0.7904786609756549, 0.015134293892217997], [0.8659626386329617, 0.04425873051379005, 0.012982384640623998, 0.017512814931044732, 0.04474106151397514, 0.014542369767604296], [0.8659626386329617, 0.04425873051379005, 0.012982384640623998, 0.017512814931044732, 0.04474106151397514, 0.014542369767604296], [0.8164691487921227, 0.0813173365393081, 0.012988584029024535, 0.019744831744312855, 0.05492663582152135, 0.014553463073710407], [0.7881540915399422, 0.10160126662407323, 0.01301259573532456, 0.021414633231339342, 0.06122098278162338, 0.014596430087697312], [0.7783886224152093, 0.10744109378762737, 0.013019313840407967, 0.021759781222455546, 0.06478273713878105, 0.014608451595518431], [0.3323068323982349, 0.3198645872227203, 0.016051299909789863, 0.025282302526058738, 0.29145083960129975, 0.015044138341896496], [0.8405196124962458, 0.04801858073611818, 0.04222123086928106, 0.01621866646483875, 0.03923699734219034, 0.01378491209132591], [0.8786916752030862, 0.03457942413577608, 0.0265044191628407, 0.015042011062321479, 0.03197374251047792, 0.013208727925497528], [0.9273091211237169, 0.014496165748244192, 0.011599482874122095, 0.011826992328471096, 0.022085231118314425, 0.01268300680713128], [0.8653358267629758, 0.041618402825318444, 0.02819584644601808, 0.016184277721127457, 0.03546220608377497, 0.013203440160785061], [0.05994012584194012, 0.18422193939391945, 0.012232091495809876, 0.014691795804773308, 0.7152326641238491, 0.013681383339708017], [0.07862925021491306, 0.055591354569753414, 0.012232091495809876, 0.01397309271978173, 0.8258928276600338, 0.013681383339708017], [0.8612126778693365, 0.05963067946844153, 0.01210303298553909, 0.016228953338828015, 0.037624071413583156, 0.013200584924271633], [0.31052580250375367, 0.07618502796042083, 0.01261328359186849, 0.014651609503046161, 0.5717141938591275, 0.01431008258178339], [0.6513767695103837, 0.24802359119711823, 0.012483427172061846, 0.02198595569802759, 0.05234507040150093, 0.013785186020907664], [0.8436541331887636, 0.06132912109865917, 0.012492635392375176, 0.018438315037997463, 0.050284131892880994, 0.01380166338932346], [0.8632403547222169, 0.049286915300996846, 0.012487253152713729, 0.01729215716467466, 0.0439012873543433, 0.013792032305054613], [0.8442895702681124, 0.05888300909498177, 0.012492635392375176, 0.019729352681707696, 0.05080376917349938, 0.013801663389323458], [0.8648188934967567, 0.047042275058850995, 0.012487253152713727, 0.018583194808384895, 0.04327635117823908, 0.013792032305054613], [0.8909475906298785, 0.03338259908210174, 0.012468003017889692, 0.015134228714815113, 0.03430999281569386, 0.013757585739621096], [0.8881922957454312, 0.03444019992894343, 0.015172992947171757, 0.014513825002239616, 0.03316513274741842, 0.014515553628795728], [0.9179902057160324, 0.016342536145499006, 0.012245210759590402, 0.012567020327067094, 0.027077183860614397, 0.013777843191196699]], [[0.9101699619047617, 0.017885510144927536, 0.012335033954451347, 0.012770975983436853, 0.03242729068322982, 0.014411227329192547], [0.08389350842219799, 0.021061403528653516, 0.020410132536725023, 0.01855003397547443, 0.8417748389551657, 0.01431008258178339], [0.6806738104466576, 0.05959328718707455, 0.012464407349172674, 0.015789853103827457, 0.2177274903331404, 0.013751151580127142], [0.8233133545205976, 0.07653973978860293, 0.012469403519284168, 0.020304231551103488, 0.05361317879637281, 0.013760091824038975], [0.0972086205797668, 0.0763607208841979, 0.01261328359186849, 0.016491504831874185, 0.783015787530509, 0.01431008258178339], [0.6793451485980219, 0.1682574423436287, 0.016051299909789863, 0.022111313700420958, 0.09919065710624221, 0.015044138341896498], [0.6491945024998301, 0.25378309395775805, 0.012503681495746266, 0.02099812835203966, 0.04969916419321868, 0.013821429501407124], [0.646583618567913, 0.25423216308862684, 0.012503681495746266, 0.022245643487125953, 0.05061346385918076, 0.013821429501407124], [0.6485203926097682, 0.25211166462239354, 0.012498110695136306, 0.023319851608086185, 0.049738519462103864, 0.013811461002511813], [0.8480235979366144, 0.05761269262555367, 0.012464407349172674, 0.018980011189980942, 0.04916813931855104, 0.013751151580127142], [0.0743191732453013, 0.040881348803845946, 0.01261328359186849, 0.017990903920396734, 0.839885207856804, 0.01431008258178339], [0.882292926609234, 0.035914371902616704, 0.0124594923441609, 0.016096145109269166, 0.03949470746009673, 0.01374235657462242], [0.08645908254190006, 0.05094369632349898, 0.01261328359186849, 0.01656462621328411, 0.8191092287476648, 0.01431008258178339], [0.09749164584657125, 0.06393113904499373, 0.012613283591868491, 0.016491504831874185, 0.795162344102909, 0.014310082581783392], [0.8303768263496996, 0.06888576866396943, 0.01248874374673062, 0.020829060285347197, 0.0536249013512908, 0.01379469960296224], [0.641836781489197, 0.15525032533344213, 0.016051299909789863, 0.027567279768062433, 0.14425017515761204, 0.015044138341896496], [0.6050319637753048, 0.08121705984280558, 0.01298410178187284, 0.021414642824272884, 0.2648067893222116, 0.014545442453532346], [0.12202260942574818, 0.07528120036017397, 0.013124202373970797, 0.017821565264071925, 0.7565710304349185, 0.015179392141116634], [0.8337766150333448, 0.06634999028956308, 0.012963386868243078, 0.016954036560934565, 0.05544759646348263, 0.014508374784431857], [0.10314481948526111, 0.059829363486424335, 0.013080630532086772, 0.017899787119649912, 0.7908953102291586, 0.015150089147419225], [0.8530608872091154, 0.05758416961532868, 0.012982384640623998, 0.01836019028642924, 0.043469998480898386, 0.014542369767604296], [0.8108929781496893, 0.08689350718174153, 0.012988584029024535, 0.019744831744312855, 0.05492663582152136, 0.014553463073710407], [0.7669990395512857, 0.11819707218149626, 0.012994888145713028, 0.02092334258833661, 0.06632091375051785, 0.014564743782650661], [0.11154073673687506, 0.07862539817908347, 0.012610707010088637, 0.021874538122174127, 0.7610404697608146, 0.014308150190964023], [0.46059649493903676, 0.4406017059174401, 0.012469403519284168, 0.021289665330705358, 0.05128263846949471, 0.013760091824038975], [0.07095725587254946, 0.049904099530778095, 0.012232091495809876, 0.015534545507637098, 0.8376906242535174, 0.013681383339708017], [0.7226914243263538, 0.18386052003775125, 0.02819584644601808, 0.016184277721127457, 0.03586449130796421, 0.013203440160785061], [0.9273091211237169, 0.014496165748244192, 0.011