{"round_id": "b3a0be6b-b48b-419d-916a-b7a77fa58c4d", "seed_index": 2, "prediction": [[[0.9099519052494226, 0.017931569607547923, 0.012549897420455685, 0.012972581350998694, 0.03203109786208973, 0.014562948509485092], [0.9179627636918383, 0.016348133333333334, 0.012258308771929825, 0.012579529214340197, 0.0270631295194508, 0.013788135469107551], [0.9179627636918383, 0.016348133333333334, 0.012258308771929825, 0.012579529214340197, 0.0270631295194508, 0.013788135469107551], [0.9179627636918383, 0.016348133333333334, 0.012258308771929825, 0.012579529214340197, 0.0270631295194508, 0.013788135469107551], [0.9179902057160324, 0.016342536145499006, 0.012245210759590402, 0.012567020327067094, 0.027077183860614397, 0.013777843191196699], [0.9179902057160324, 0.016342536145499006, 0.012245210759590402, 0.012567020327067094, 0.027077183860614397, 0.013777843191196699], [0.9179902057160324, 0.016342536145499006, 0.012245210759590402, 0.012567020327067094, 0.027077183860614397, 0.013777843191196699], [0.9179902057160324, 0.016342536145499006, 0.012245210759590402, 0.012567020327067094, 0.027077183860614397, 0.013777843191196699], [0.9179902057160324, 0.016342536145499006, 0.012245210759590402, 0.012567020327067094, 0.027077183860614397, 0.013777843191196699], [0.9179902057160324, 0.016342536145499006, 0.012245210759590402, 0.012567020327067094, 0.027077183860614397, 0.013777843191196699], [0.9179902057160324, 0.016342536145499006, 0.012245210759590402, 0.012567020327067094, 0.027077183860614397, 0.013777843191196699], [0.9179902057160324, 0.016342536145499006, 0.012245210759590402, 0.012567020327067094, 0.027077183860614397, 0.013777843191196699], [0.9179902057160324, 0.016342536145499006, 0.012245210759590402, 0.012567020327067094, 0.027077183860614397, 0.013777843191196699], [0.9179902057160324, 0.016342536145499006, 0.012245210759590402, 0.012567020327067094, 0.027077183860614397, 0.013777843191196699], [0.9180453928516643, 0.016331279950912717, 0.012218870072096948, 0.012541864396379812, 0.027105447768062584, 0.013757144960883571], [0.9182382375514643, 0.016291946554804627, 0.012126825759341257, 0.012453960071467412, 0.027204212537869962, 0.013684817525052436], [0.9100152772207027, 0.01791818373341436, 0.012487453458928391, 0.012913990479084371, 0.03214624004861744, 0.014518855059252506], [0.9101345109188298, 0.01789299835187474, 0.012369965801400906, 0.012803752369180058, 0.03236287886279358, 0.014435893695920889], [0.9101699619047617, 0.017885510144927536, 0.012335033954451347, 0.012770975983436853, 0.03242729068322982, 0.014411227329192547], [0.9101699619047617, 0.017885510144927536, 0.012335033954451347, 0.012770975983436853, 0.03242729068322982, 0.014411227329192547], [0.9101699619047617, 0.017885510144927536, 0.012335033954451347, 0.012770975983436853, 0.03242729068322982, 0.014411227329192547], [0.9101699619047617, 0.017885510144927536, 0.012335033954451347, 0.012770975983436853, 0.03242729068322982, 0.014411227329192547], [0.9101699619047617, 0.017885510144927536, 0.012335033954451347, 0.012770975983436853, 0.03242729068322982, 0.014411227329192547], [0.9101345109188298, 0.01789299835187474, 0.012369965801400906, 0.012803752369180058, 0.03236287886279358, 0.014435893695920889], [0.9100152772207027, 0.01791818373341436, 0.012487453458928391, 0.012913990479084371, 0.03214624004861744, 0.014518855059252506], [0.9182382375514643, 0.016291946554804627, 0.012126825759341257, 0.012453960071467412, 0.027204212537869962, 0.013684817525052436], [0.9180453928516643, 0.016331279950912717, 0.012218870072096948, 0.012541864396379812, 0.027105447768062584, 0.013757144960883571], [0.9179902057160324, 0.016342536145499006, 0.012245210759590402, 0.012567020327067094, 0.027077183860614397, 0.013777843191196699], [0.9179902057160324, 0.016342536145499006, 0.012245210759590402, 0.012567020327067094, 0.027077183860614397, 0.013777843191196699], [0.9179902057160324, 0.016342536145499006, 0.012245210759590402, 0.012567020327067094, 0.027077183860614397, 0.013777843191196699], [0.9179902057160324, 0.016342536145499006, 0.012245210759590402, 0.012567020327067094, 0.027077183860614397, 0.013777843191196699], [0.9179902057160324, 0.016342536145499006, 0.012245210759590402, 0.012567020327067094, 0.027077183860614397, 0.013777843191196699], [0.9179902057160324, 0.016342536145499006, 0.012245210759590402, 0.012567020327067094, 0.027077183860614397, 0.013777843191196699], [0.9179902057160324, 0.016342536145499006, 0.012245210759590402, 0.012567020327067094, 0.027077183860614397, 0.013777843191196699], [0.9179902057160324, 0.016342536145499006, 0.012245210759590402, 0.012567020327067094, 0.027077183860614397, 0.013777843191196699], [0.9179902057160324, 0.016342536145499006, 0.012245210759590402, 0.012567020327067094, 0.027077183860614397, 0.013777843191196699], [0.9179902057160324, 0.016342536145499006, 0.012245210759590402, 0.012567020327067094, 0.027077183860614397, 0.013777843191196699], [0.9179902057160324, 0.016342536145499006, 0.012245210759590402, 0.012567020327067094, 0.027077183860614397, 0.013777843191196699], [0.9179627636918383, 0.016348133333333334, 0.012258308771929825, 0.012579529214340197, 0.0270631295194508, 0.013788135469107551], [0.9179902057160324, 0.016342536145499006, 0.012245210759590402, 0.012567020327067094, 0.027077183860614397, 0.013777843191196699]], [[0.9099519052494226, 0.017931569607547923, 0.012549897420455685, 0.012972581350998694, 0.03203109786208973, 0.014562948509485092], [0.9179970819571864, 0.016341133639143732, 0.012241928746177369, 0.012563885932721713, 0.02708070550458716, 0.013775264220183485], [0.9179627636918383, 0.016348133333333334, 0.012258308771929825, 0.012579529214340197, 0.0270631295194508, 0.013788135469107551], [0.9045494598088943, 0.023282185260275867, 0.012594072016918981, 0.013931182582003068, 0.03110578964455043, 0.014537310687357375], [0.8995897481419616, 0.0263850732035628, 0.013861008215568536, 0.013911108446915722, 0.031744806666995515, 0.014508255324995972], [0.07998946357003646, 0.023479525259716597, 0.012929384959513493, 0.01547487727039177, 0.853078375668778, 0.015048373271563619], [0.8995897481419616, 0.0263850732035628, 0.013861008215568536, 0.013911108446915722, 0.031744806666995515, 0.014508255324995972], [0.8877615627046036, 0.03548710000417629, 0.014868386829754911, 0.014211616853828539, 0.03315943942183849, 0.014511894185798214], [0.880848210337036, 0.04178556925270575, 0.01514965006422931, 0.014486841983384059, 0.03324114820667706, 0.014488580155968094], [0.06601877204886733, 0.04346748741364652, 0.022040982106040184, 0.026770911661540102, 0.826527310367237, 0.01517453640266877], [0.0861225991602749, 0.029556468431127532, 0.04531019708909196, 0.26007379304314754, 0.5638026483841401, 0.015134293892217997], [0.5899354247900429, 0.05997102781874465, 0.030594232087031173, 0.24688977826322825, 0.05808287982878929, 0.014526657212163738], [0.8083163515691321, 0.04370268400100893, 0.03805160480274002, 0.031756451206180106, 0.06364250766571704, 0.014530400755221908], [0.09743949103976932, 0.023412024375670946, 0.04656306963455469, 0.04719942803948191, 0.7702656104933713, 0.015120376417151823], [0.08226211808962244, 0.03022279098306728, 0.046072021007293865, 0.0398135802557018, 0.7864317470542462, 0.0151977426100683], [0.06601877204886733, 0.03228525087429999, 0.022040982106040184, 0.015588675122193573, 0.8488917834459301, 0.01517453640266877], [0.8750578640138996, 0.0371483490597078, 0.016290676763708253, 0.01539609169558606, 0.040708580778328715, 0.015398437688769358], [0.8768051159824727, 0.03623732378068508, 0.015877282747213964, 0.014985952065599602, 0.040700854122184535, 0.01539347130184416], [0.8852351550870718, 0.03150707139738181, 0.014510126056532454, 0.014578119227646492, 0.03878099538346907, 0.01538853284789826], [0.10402463579915211, 0.030719850591112603, 0.02351432266511615, 0.02285085756088393, 0.8013480610852172, 0.01754227229851795], [0.08494819357899919, 0.02737378776273417, 0.013547206375511472, 0.016883224248774305, 0.8409233224420558, 0.016324265591924993], [0.08884053312351264, 0.030076801335312958, 0.024034899037117176, 0.020775563793287766, 0.8199479371188444, 0.016324265591924993], [0.8474576381528043, 0.05094846199025551, 0.016290676763708253, 0.01539609169558606, 0.05450869370887643, 0.015398437688769358], [0.8494708733593432, 0.04988595371142448, 0.015894700385052214, 0.015007776777265364, 0.05432741468164333, 0.015413281085271381], [0.8508409353179266, 0.049105674860033005, 0.015984417478479063, 0.015120194414703619, 0.05343345796741879, 0.015515319961438782], [0.8575406126445452, 0.05245367850131323, 0.016787900045802814, 0.014547665753671432, 0.04412520070378248, 0.01454494235088479], [0.8497272722640455, 0.05963489935555056, 0.017101254544816258, 0.014858589550313987, 0.044129192898587424, 0.014548791386686074], [0.6490548751587504, 0.26030729646084577, 0.017101254544816258, 0.014858589550313987, 0.044129192898587424, 0.014548791386686074], [0.8253212066730078, 0.06400827933059224, 0.028942161468214808, 0.021578528606394656, 0.045626888957935985, 0.014522934963854421], [0.1706378344988737, 0.023479525259716597, 0.02602358161387911, 0.017373304672373673, 0.7474373806835932, 0.015048373271563619], [0.8681244561889193, 0.03477178260127557, 0.021725803603004808, 0.017970349673789653, 0.042884672969156185, 0.014522934963854423], [0.8856396642647402, 0.033891011619470064, 0.017101254544816258, 0.014858589550313987, 0.03396068863397332, 0.014548791386686074], [0.8920906915617295, 0.030541804112645107, 0.015172992947171757, 0.014513825002239616, 0.03316513274741842, 0.014515553628795728], [0.07998946357003646, 0.025542014289030267, 0.014991873988827167, 0.01547487727039177, 0.8489533976101505, 0.015048373271563619], [0.8995897481419616, 0.0263850732035628, 0.013861008215568536, 0.013911108446915722, 0.031744806666995515, 0.014508255324995972], [0.893378140380678, 0.02987052232810205, 0.014868386829754911, 0.014211616853828539, 0.03315943942183849, 0.014511894185798214], [0.8880318280009839, 0.024438000123211852, 0.01724093950037712, 0.013811330491847518, 0.04206940972596003, 0.014408492157619442], [0.06576274217949139, 0.030222790983067287, 0.02003478364511372, 0.015609606883536218, 0.8531723336987229, 0.015197742610068302], [0.07029435230801422, 0.02440584074158516, 0.01338564468543241, 0.016044550020062692, 0.8602705688770841, 0.015599043367821405], [0.9179627636918383, 0.016348133333333334, 0.012258308771929825, 0.012579529214340197, 0.0270631295194508, 0.013788135469107551]], [[0.9101037776410256, 0.017899490051282052, 0.012400249025641026, 0.012832166974358974, 0.03230703876923077, 0.014457277538461539], [0.8979061857604899, 0.029414255300645772, 0.012486657889868616, 0.013830820504532555, 0.031925378484971074, 0.014436702059492084], [0.06972479921817795, 0.02342704013941615, 0.018876180396681548, 0.018457149804534882, 0.8544104713286752, 0.015104359112514263], [0.8948706564696027, 0.029029757307025984, 0.012958583853784404, 0.014706412509287906, 0.03393480968329918, 0.014499780176999693], [0.8962495709254458, 0.028279934920321582, 0.01297460619448074, 0.014808794017406014, 0.033158643077465806, 0.01452845086488003], [0.8948706564696027, 0.029029757307025984, 0.012958583853784404, 0.014706412509287906, 0.03393480968329918, 0.014499780176999693], [0.881027173892076, 0.038797282236602615, 0.012964389382390517, 0.015567008475695907, 0.037133977310500985, 0.014510168702733906], [0.07184715812523436, 0.03487276407559772, 0.013103943861919976, 0.016962063985745856, 0.8480483020921525, 0.015165767859349429], [0.6670940148911052, 0.25093476145444543, 0.012926718010906483, 0.01829707807300384, 0.03627879120051828, 0.014468636370020629], [0.09479094609819586, 0.26009117130391685, 0.013151488450605707, 0.023617015642247215, 0.593151635894966, 0.015197742610068302], [0.810526193395122, 0.0814233311014065, 0.012971951196828372, 0.02367377188456559, 0.05688105246160381, 0.014523699960473693], [0.5977958375659576, 0.2874031482580606, 0.01301259573532456, 0.027514429813003047, 0.059677558539956765, 0.014596430087697312], [0.7943676448504217, 0.08885387888678474, 0.013019313840407968, 0.025000460208832592, 0.0641502506180345, 0.014608451595518433], [0.5926141573642432, 0.08708415907178269, 0.012994888145713026, 0.02272271424887157, 0.2700193373867387, 0.014564743782650661], [0.8252164808214525, 0.06655501208122055, 0.012935279387318376, 0.016943355497881875, 0.06386285823649647, 0.014487013975630248], [0.08264838710869812, 0.041133719203052525, 0.013101039107069652, 0.018373928068836285, 0.829579112162632, 0.015163814349711296], [0.870929915212842, 0.03867379359945869, 0.013373680336228053, 0.017491672158151866, 0.04409339540661881, 0.015437543286700519], [0.0926170593931461, 0.0468656406819848, 0.01357614478651018, 0.020441025027276037, 0.8101606569324679, 0.016339473178615102], [0.8700758524733764, 0.04113058390369742, 0.013293286211505141, 0.016825412123848173, 0.04328373571274456, 0.015391129574828313], [0.8819913980607994, 0.03107503513632872, 0.013264593740323193, 0.0154770480261618, 0.04285213832720852, 0.01533978670917814], [0.10087588611435208, 0.04265575511318791, 0.013547206375511472, 0.01865208789225657, 0.807944798912767, 0.016324265591924993], [0.8651856400370944, 0.042154458219364255, 0.013268726670381342, 0.02012375282196978, 0.04392023999663114, 0.015347182254559071], [0.862832945232926, 0.04551427247789774, 0.01330943351064555, 0.017673101033253306, 0.045250223879500194, 0.015420023865777385], [0.09926816729881517, 0.03847694962604576, 0.013547206375511472, 0.018743686803161422, 0.8136397243045412, 0.016324265591924993], [0.10012380101175807, 0.042441086604450784, 0.013601232162814444, 0.018658991696328044, 0.8088222315381876, 0.016352656986461066], [0.8762477366213202, 0.042916558849806136, 0.012960192214672955, 0.016037849260531804, 0.03733500484443224, 0.014502658209236588], [0.6462601140037011, 0.2650014643269855, 0.012999502085766898, 0.01849214198892581, 0.04267377753795291, 0.01457300005666769], [0.837679861976821, 0.07358171635386569, 0.012999502085766898, 0.01849214198892581, 0.04267377753795291, 0.01457300005666769], [0.6090502933818829, 0.2842277254333037, 0.012988584029024535, 0.021380976262658544, 0.05779895781941974, 0.014553463073710407], [0.7812893264902868, 0.09942843294215088, 0.012994888145713025, 0.02255948710668229, 0.06916312153251594, 0.01456474378265066], [0.8254607009372888, 0.06575530704728054, 0.01300599279583917, 0.021733109526910654, 0.05946027503324463, 0.014584614659435842], [0.8514296957099693, 0.05172565636043096, 0.012982384640623998, 0.020218949130498487, 0.049100944390872855, 0.014542369767604296], [0.8831095711550592, 0.033874433371745276, 0.012976287392283448, 0.016191621356310214, 0.03931662749169488, 0.014531459232906906], [0.8841576302168072, 0.03317465945739208, 0.01297028978036448, 0.015876763183285986, 0.03929993037259119, 0.014520726989559002], [0.8851887015245349, 0.03248622802130241, 0.012964389382390517, 0.015567008475695907, 0.03928350389334219, 0.014510168702733906], [0.07221247383077349, 0.03169806774921462, 0.013060089280043406, 0.016945082773666076, 0.8509480116493304, 0.015136274716972016], [0.07263573898745317, 0.03459989278363045, 0.013151488450605708, 0.016912980094523147, 0.8475021570737192, 0.015197742610068302], [0.06576274217949138, 0.026207535452937608, 0.013151488450605707, 0.015609606883536216, 0.8640708844233607, 0.0151977426100683], [0.06576274217949139, 0.030222790983067287, 0.02003478364511372, 0.015609606883536218, 0.8531723336987229, 0.015197742610068302], [0.9179902057160324, 0.016342536145499006, 0.012245210759590402, 0.012567020327067094, 0.027077183860614397, 0.013777843191196699]], [[0.9101699619047617, 0.017885510144927536, 0.012335033954451347, 0.012770975983436853, 0.03242729068322982, 0.014411227329192547], [0.8995897481419616, 0.0263850732035628, 0.013861008215568536, 0.013911108446915722, 0.031744806666995515, 0.014508255324995972], [0.07006796200807679, 0.027004178795911063, 0.01305714390920951, 0.016582434405447457, 0.8581539869891371, 0.015134293892217997], [0.8971996113857608, 0.02606673069541842, 0.012943247561519607, 0.014573477035295424, 0.03474459620448775, 0.01447233711751799], [0.8948706564696027, 0.029029757307025984, 0.012958583853784404, 0.014706412509287906, 0.03393480968329918, 0.014499780176999693], [0.8831955041477185, 0.03662895198096001, 0.012964389382390517, 0.015567008475695907, 0.037133977310500985, 0.014510168702733906], [0.8821644328399908, 0.037317383417049675, 0.01297028978036448, 0.015876763183285986, 0.03715040378974998, 0.014520726989559002], [0.06789952669765406, 0.03083723524229006, 0.013151488450605707, 0.01596573763656333, 0.8569482693628184, 0.015197742610068302], [0.09479094609819586, 0.05387886873234656, 0.013151488450605707, 0.018314652101897408, 0.8046663020068862, 0.015197742610068302], [0.10888511419042322, 0.07441467242017134, 0.013140028548635246, 0.01970128159410793, 0.7686688676652778, 0.015190035581384336], [0.5868704296501147, 0.29375055960384444, 0.012994888145713026, 0.02272271424887157, 0.06909666456880541, 0.014564743782650661], [0.7933808122970091, 0.09448471746964185, 0.013019313840407967, 0.0233354299795425, 0.061171274817879914, 0.014608451595518431], [0.3771866134538474, 0.41564054006920864, 0.017297563049105853, 0.0386943043094358, 0.13509800221638976, 0.016082976902012477], [0.7916921378128585, 0.0899598458480155, 0.01298410178187284, 0.021414642824272884, 0.06940382927944776, 0.014545442453532346], [0.1159302168723122, 0.07528120036017397, 0.013124202373970797, 0.017821565264071925, 0.7626634229883543, 0.015179392141116634], [0.8371286665774906, 0.06187061833344291, 0.012899057331668592, 0.018899366001861193, 0.05473388887951946, 0.014468402876017136], [0.8432645941062978, 0.053731486036305155, 0.01352521051333976, 0.01963776880113685, 0.05424521327774756, 0.015595727265172481], [0.8674309163317868, 0.04289781753749723, 0.01333954756003667, 0.01768163947066614, 0.04321037673666215, 0.015439702363350795], [0.8706708538394805, 0.04096976292332344, 0.013353806383283989, 0.017414023118940754, 0.042126336356142303, 0.015465217378829044], [0.8702386418307392, 0.04102313973112043, 0.013323480099210926, 0.016838141853767342, 0.04316564554852828, 0.01541095093663386], [0.09407710308460805, 0.03745955439085524, 0.013576144786510178, 0.017376598724283605, 0.8211711258351277, 0.016339473178615102], [0.09887326906742423, 0.03838262601850041, 0.013576144786510178, 0.01874693186223108, 0.8140815550867189, 0.016339473178615102], [0.8254170829174884, 0.07065130346162797, 0.013347781483166522, 0.020610145720548756, 0.05451925011172, 0.015454436305448323], [0.866233232844716, 0.04133981141017359, 0.013317812106959462, 0.017473980614500614, 0.04623435450252439, 0.01540080852112605], [0.09950758879029427, 0.042265200447164905, 0.013645497566151736, 0.01866464824826447, 0.8095411458012547, 0.016375919146869762], [0.08673953375121021, 0.04782838450777303, 0.012978081968284793, 0.018353898913077447, 0.8190189778102663, 0.015081123049388164], [0.8172252311711335, 0.07981575531784989, 0.012988584029024535, 0.021380976262658544, 0.0540359901456231, 0.014553463073710407], [0.811224963470279, 0.084354878291824, 0.012971951196828372, 0.019752354873471968, 0.05717215220712293, 0.014523699960473693], [0.13111953693968373, 0.301173968904372, 0.012975059889211044, 0.01948621039177519, 0.5201661332382524, 0.015079090636705521], [0.5807834923965528, 0.10119386269716918, 0.013001299667109925, 0.02289607439185643, 0.26754905416364794, 0.014576216683663847], [0.7780675340530848, 0.10086067519552538, 0.012994888145713026, 0.024735980361900455, 0.06877617846112559, 0.014564743782650661], [0.12196924066810202, 0.0604908879621725, 0.013036449435830096, 0.01788929856537107, 0.7714937469513724, 0.015120376417151823], [0.09824115703267745, 0.04173544473690871, 0.013036449435830095, 0.01836340670668965, 0.8135031656707421, 0.015120376417151821], [0.8811700335402997, 0.033874433371745276, 0.012976287392283448, 0.016191621356310214, 0.04125616510645433, 0.014531459232906906], [0.8855087560005733, 0.03244670231191315, 0.012986846099841416, 0.01599345052926597, 0.03851389186895753, 0.014550353189448693], [0.8854804310716449, 0.03087884351922606, 0.012960192214672955, 0.016037849260531804, 0.040140025724687625, 0.014502658209236588], [0.8841576302168072, 0.03317465945739208, 0.01297028978036448, 0.015876763183285986, 0.03929993037259119, 0.014520726989559002], [0.8875310425674776, 0.02951275995897832, 0.012948806204106308, 0.015427345966905802, 0.0400977614419218, 0.014482283860610158], [0.8995834936681274, 0.026397883975142006, 0.01385084958781167, 0.013901041704039822, 0.0317674473027901, 0.014499283762089041], [0.9179902057160324, 0.016342536145499006, 0.012245210759590402, 0.012567020327067094, 0.027077183860614397, 0.013777843191196699]], [[0.9101699619047617, 0.017885510144927536, 0.012335033954451347, 0.012770975983436853, 0.03242729068322982, 0.014411227329192547], [0.8945113209835701, 0.02901826458903254, 0.015462111681297318, 0.013931182582003068, 0.032539809476739595, 0.014537310687357375], [0.8971996113857608, 0.02606673069541842, 0.012943247561519607, 0.014573477035295424, 0.03474459620448775, 0.01447233711751799], [0.06988034631908598, 0.026976021688589938, 0.013080630532086772, 0.016592867418526103, 0.8583200448942918, 0.015150089147419225], [0.07049895446929048, 0.029970192994278, 0.013151488450605707, 0.016556849341496038, 0.8546247721342614, 0.015197742610068302], [0.07049895446929048, 0.029970192994278, 0.013151488450605707, 0.016556849341496038, 0.8546247721342614, 0.015197742610068302], [0.8838597087226852, 0.03487197681744804, 0.012940773556309678, 0.017698127332371166, 0.036161503486679625, 0.01446791008450624], [0.07145110407074173, 0.0315207729509994, 0.013151488450605708, 0.016980474028874093, 0.8516984178887108, 0.015197742610068302], [0.8786441966567764, 0.03744308599790968, 0.012960192214672955, 0.016037849260531804, 0.04041201766087244, 0.014502658209236588], [0.8495604600568701, 0.04997610972019873, 0.012982384640623998, 0.017512814931044732, 0.05542586088365808, 0.014542369767604296], [0.6224177919217444, 0.06806360396468682, 0.012988584029024535, 0.020533600907274036, 0.2614429561035597, 0.014553463073710407], [0.7876550071175753, 0.0897980569698542, 0.012994888145713026, 0.02272271424887157, 0.072264589735335, 0.014564743782650661], [0.11727997520657897, 0.07606257347171218, 0.013036449435830096, 0.017799494398503132, 0.7607011310702236, 0.015120376417151823], [0.11056152287582666, 0.0740701588770116, 0.013151488450605707, 0.019612549344043127, 0.7674065378424445, 0.015197742610068302], [0.09725680694547952, 0.058407956784957284, 0.013151488450605707, 0.019700730048855558, 0.7962852751600334, 0.0151977426100683], [0.8680689096264508, 0.0414278523475871, 0.0129140771980918, 0.01733510604979204, 0.04578041714295497, 0.014473637635123448], [0.8706356867895801, 0.040996101739634715, 0.013612659287824548, 0.017913660692980442, 0.04119896795484804, 0.015642923535132087], [0.8696299708180861, 0.04143530360676859, 0.013470702397401203, 0.017305632581811517, 0.042641972436399646, 0.015516418159532863], [0.8728737437453333, 0.03949713656439714, 0.013500437106203494, 0.01704769287170929, 0.04152959246345319, 0.015551397248903455], [0.8697204045015061, 0.04137558733683155, 0.013486770954589817, 0.017311308374272735, 0.042578986061233254, 0.01552694277156665], [0.09878043972411914, 0.04205764945974737, 0.013697732081436289, 0.018671323150700803, 0.8103894863839969, 0.01640336919999954], [0.8271076283217753, 0.06775101370463558, 0.013370208377992894, 0.023406940144912798, 0.05293287895353595, 0.015431330497147459], [0.8003799343418928, 0.08531413657877963, 0.013533751435657085, 0.02257160869738542, 0.06258955838870146, 0.015611010557583448], [0.8218915746111505, 0.06797398710329308, 0.01357780486863663, 0.020740692477351774, 0.06018615572690367, 0.015629785212664223], [0.8104900000946321, 0.06829422700525593, 0.01362612643853976, 0.02055449043387258, 0.0713992610146008, 0.015635895013098696], [0.8213677801247385, 0.07255151200809437, 0.012971951196828372, 0.019752354873471968, 0.058832701836392866, 0.014523699960473693], [0.7655138220474971, 0.12327658683179059, 0.012977976326459396, 0.02361476803039296, 0.06008236531930965, 0.014534481444550435], [0.1363956243965587, 0.31450073643652965, 0.0131111940417197, 0.024350683285954237, 0.4964711180792196, 0.015170643760018074], [0.7819139467896136, 0.10183051820472047, 0.01298410178187284, 0.021251415682083608, 0.06747457508817707, 0.014545442453532344], [0.3965263454011808, 0.36952808319009944, 0.017297563049105853, 0.024605634599821152, 0.17595939685778028, 0.016082976902012477], [0.7884341504956747, 0.09878648193048627, 0.013019313840407968, 0.02358278520751748, 0.06156881693039521, 0.014608451595518433], [0.7881999433715187, 0.09979729158011694, 0.012977976326459396, 0.023099469868764405, 0.06139083740859011, 0.014534481444550435], [0.8187939794834304, 0.06886132900883926, 0.012971951196828372, 0.021611113717541215, 0.06323792663288696, 0.014523699960473693], [0.8462547080573338, 0.05102135722571859, 0.0129995020857669, 0.020350900832995057, 0.05480053174151793, 0.01457300005666769], [0.8794902967575889, 0.03387443337174528, 0.012976287392283448, 0.016191621356310217, 0.04293590188916516, 0.014531459232906906], [0.09794827137850452, 0.0529359631683481, 0.013060089280043404, 0.01836725752923271, 0.8025521439268993, 0.015136274716972015], [0.8829370751428566, 0.033422199448014396, 0.012960192214672955, 0.016037849260531804, 0.040140025724687625, 0.014502658209236588], [0.07221247383077349, 0.03169806774921462, 0.013060089280043406, 0.016945082773666076, 0.8509480116493304, 0.015136274716972016], [0.893378140380678, 0.02987052232810205, 0.014868386829754911, 0.014211616853828539, 0.03315943942183849, 0.014511894185798214], [0.9179902057160324, 0.016342536145499006, 0.012245210759590402, 0.012567020327067094, 0.027077183860614397, 0.013777843191196699]], [[0.9101699619047617, 0.017885510144927536, 0.012335033954451347, 0.012770975983436853, 0.03242729068322982, 0.014411227329192547], [0.8945113209835701, 0.02901826458903254, 0.015462111681297318, 0.013931182582003068, 0.032539809476739595, 0.014537310687357375], [0.8962495709254458, 0.028279934920321582, 0.01297460619448074, 0.014808794017406014, 0.033158643077465806, 0.01452845086488003], [0.8948706564696027, 0.029029757307025984, 0.012958583853784404, 0.014706412509287906, 0.03393480968329918, 0.014499780176999693], [0.8955092870172714, 0.027296453343851952, 0.012930899066589197, 0.016845970070998747, 0.032962598033837165, 0.014454792467451402], [0.07263573898745317, 0.03459989278363045, 0.013151488450605708, 0.016912980094523147, 0.8475021570737192, 0.015197742610068302], [0.07151072732855474, 0.03153465699790776, 0.013144330934512474, 0.01697770252146158, 0.8516396531898432, 0.015192929027720155], [0.8818240839407281, 0.03622169716503459, 0.012951900114754215, 0.018301368615969274, 0.036213129999051734, 0.014487820164462196], [0.8629168042894129, 0.045023978729631896, 0.0129995020857669, 0.017644766633541302, 0.04684194820497941, 0.01457300005666769], [0.827583559952575, 0.06263437724661386, 0.012988584029024535, 0.020533600907274036, 0.061706414790802126, 0.014553463073710407], [0.08436431480719683, 0.04812207464501137, 0.012953825431809948, 0.01964411323429905, 0.8198508618708239, 0.01506481001085894], [0.8251978581223991, 0.06116482989605963, 0.012988584029024535, 0.020533600907274036, 0.0655616639715323, 0.014553463073710407], [0.597831973112109, 0.08253071585269177, 0.012994888145713026, 0.02272271424887157, 0.2693549648579638, 0.014564743782650661], [0.8291244836243866, 0.06139440316219835, 0.012971951196828372, 0.01890497951808746, 0.06308048253802537, 0.014523699960473693], [0.8655403892467829, 0.041251427900867284, 0.012966023948221498, 0.01735164410202483, 0.04837742117549931, 0.014513093626604152], [0.07204136190445298, 0.0316582221235518, 0.013080630532086772, 0.01695303668275394, 0.8511166596097351, 0.015150089147419225], [0.8897449661343931, 0.031180196663030173, 0.012954453705860486, 0.015730157772805897, 0.03589783611388625, 0.014492389610023835], [0.07313245630202746, 0.038313173388265, 0.012978081968284793, 0.01820262393891469, 0.8422925413531199, 0.015081123049388164], [0.8873886643820369, 0.03416451385483239, 0.01297028978036448, 0.015876763183285986, 0.03507904180992119, 0.014520726989559002], [0.883512678098769, 0.0348642877691856, 0.012976287392283448, 0.016191621356310217, 0.03792366615054478, 0.014531459232906906], [0.08733394362530288, 0.05070581323599361, 0.013036449435830095, 0.018294670166695795, 0.8155087471190257, 0.015120376417151821], [0.106887088746141, 0.0665010755103293, 0.013012632638396946, 0.017883644478130355, 0.7806111995144881, 0.015104359112514263], [0.7941203084211348, 0.09052274278083218, 0.012994888145713026, 0.022559487106682295, 0.06523782976298691, 0.014564743782650661], [0.8096956843827031, 0.07232193874195568, 0.012988584029024535, 0.021380976262658544, 0.06905935350994756, 0.014553463073710407], [0.6063316683188203, 0.07232193874195567, 0.012988584029024535, 0.021380976262658544, 0.27242336957383034, 0.014553463073710407], [0.11162997088888107, 0.06568589569918112, 0.01261328359186849, 0.016491504831874185, 0.7792692624064116, 0.01431008258178339], [0.11477370902929852, 0.06882963383959859, 0.01261328359186849, 0.016491504831874185, 0.7729817861255768, 0.01431008258178339], [0.4637932923473286, 0.2540418685366798, 0.012462184728800035, 0.02262533782012926, 0.2333301421870327, 0.013747174380029595], [0.8050370216910399, 0.09189400317707799, 0.012483427172061846, 0.01905787611215009, 0.05774248582676242, 0.013785186020907664], [0.8213849406009902, 0.0807462375622049, 0.012503681495746266, 0.019458348355132455, 0.05208536248451881, 0.013821429501407124], [0.8132071920243779, 0.08708653031692154, 0.012469403519284168, 0.02086236875265663, 0.052614413562720834, 0.013760091824038975], [0.33090607091981356, 0.059775772898026616, 0.013147195907750616, 0.017915589682621313, 0.5630605148084129, 0.015194855783374966], [0.1092317633682886, 0.04165247117856403, 0.013060089280043404, 0.01836725752923271, 0.8025521439268993, 0.015136274716972015], [0.6769111085016241, 0.033874433371745276, 0.012976287392283448, 0.016191621356310214, 0.24551509014512993, 0.014531459232906906], [0.8445309216413421, 0.051725656360430965, 0.012982384640623998, 0.020218949130498487, 0.055999718459500046, 0.014542369767604297], [0.11867453081026, 0.27823966447114473, 0.013036449435830095, 0.017889298565371067, 0.5570396803002421, 0.015120376417151821], [0.8454917652526756, 0.05704232365666015, 0.012966023948221498, 0.020057778301478583, 0.049929015214359905, 0.014513093626604152], [0.0724093975271828, 0.03503863383730303, 0.013036449435830096, 0.016935929038960566, 0.8474592137435716, 0.015120376417151823], [0.8920906915617295, 0.030541804112645107, 0.015172992947171757, 0.014513825002239616, 0.03316513274741842, 0.014515553628795728], [0.9179902057160324, 0.016342536145499006, 0.012245210759590402, 0.012567020327067094, 0.027077183860614397, 0.013777843191196699]], [[0.9101345109188298, 0.01789299835187474, 0.012369965801400906, 0.012803752369180058, 0.03236287886279358, 0.014435893695920889], [0.8945113209835701, 0.02901826458903254, 0.015462111681297318, 0.013931182582003068, 0.032539809476739595, 0.014537310687357375], [0.8962495709254458, 0.028279934920321582, 0.01297460619448074, 0.014808794017406014, 0.033158643077465806, 0.01452845086488003], [0.8948706564696027, 0.029029757307025984, 0.012958583853784404, 0.014706412509287906, 0.03393480968329918, 0.014499780176999693], [0.07165438198693806, 0.03156810884352569, 0.013127085809590384, 0.016971024926758508, 0.8514980671200703, 0.015181331313117039], [0.884520734592347, 0.034333066225247455, 0.012954453705860484, 0.015730157772805894, 0.03796919809371504, 0.014492389610023831], [0.8834872336948284, 0.03502156747888366, 0.012960192214672955, 0.016037849260531804, 0.037990499141846414, 0.014502658209236588], [0.0956514438045397, 0.05282192642822134, 0.012999157179828162, 0.01964239654488767, 0.8037897794635267, 0.01509529657899636], [0.829346486650395, 0.06263437724661387, 0.012988584029024535, 0.02053360090727404, 0.05994348809298228, 0.014553463073710407], [0.8100402643955587, 0.08458443253658807, 0.013012595735324562, 0.02256455184976854, 0.05520172539506297, 0.014596430087697312], [0.8357276209910921, 0.06139440316219836, 0.012971951196828372, 0.018904979518087464, 0.05647734517131995, 0.014523699960473693], [0.8633136268850684, 0.04355443137907768, 0.012999502085766898, 0.017644766633541302, 0.04791467295987796, 0.01457300005666769], [0.83081090935128, 0.06139440316219835, 0.012971951196828372, 0.01890497951808746, 0.061394056811132094, 0.014523699960473693], [0.08318971662570371, 0.0476027603607483, 0.013070376571429516, 0.019639699504054423, 0.8213542537980552, 0.015143193140008917], [0.8887114652368745, 0.031868697916666376, 0.012960192214672955, 0.016037849260531804, 0.03591913716201762, 0.014502658209236588], [0.0724093975271828, 0.03174392397946105, 0.013036449435830096, 0.016935929038960566, 0.8507539236014137, 0.015120376417151823], [0.8884197356897648, 0.033476082418742725, 0.012964389382390517, 0.015567008475695908, 0.035062615330672196, 0.014510168702733906], [0.8897449661343931, 0.031180196663030173, 0.012954453705860486, 0.015730157772805897, 0.03589783611388625, 0.014492389610023835], [0.8822749860909591, 0.0348642877691856, 0.012976287392283448, 0.016191621356310217, 0.03916135815835476, 0.014531459232906906], [0.860005433227695, 0.04355443137907768, 0.012999502085766898, 0.017644766633541302, 0.05122286661725153, 0.01457300005666769], [0.8225661497489228, 0.07255151200809437, 0.012971951196828372, 0.019752354873471968, 0.05763433221220871, 0.014523699960473693], [0.7970937907202328, 0.09052274278083217, 0.012994888145713025, 0.02255948710668229, 0.06226434746388878, 0.01456474378265066], [0.7939664865146726, 0.09127080975907033, 0.013001299667109925, 0.02289607439185643, 0.06428911298362668, 0.014576216683663847], [0.14183891791290773, 0.09480221120174394, 0.012975059889211044, 0.02445785101826195, 0.7108468693411697, 0.015079090636705521], [0.5623336613647334, 0.11688850123317869, 0.012977976326459396, 0.02361476803039296, 0.2696506116006853, 0.014534481444550435], [0.8172247966258014, 0.07756052927914209, 0.012474482881742754, 0.019329921542828345, 0.05964108873653166, 0.013769180933953764], [0.6684751420496471, 0.14601719566220553, 0.016051299909789863, 0.033526873472716975, 0.120885350563744, 0.015044138341896496], [0.2889930387969736, 0.0674233675557158, 0.01261328359186849, 0.016491504831874185, 0.6001687226417843, 0.01431008258178339], [0.29833120373063116, 0.0724411139154999, 0.01261328359186849, 0.017819778076655964, 0.5844845381035609, 0.01431008258178339], [0.6379177260937606, 0.26648837082436677, 0.012469403519284168, 0.021289665330705358, 0.04807474240784425, 0.013760091824038976], [0.1034235533462403, 0.05125218220980687, 0.01261328359186849, 0.01656462621328411, 0.8018362720570168, 0.01431008258178339], [0.8494188986456154, 0.05265156247179577, 0.012957597382728786, 0.02231749259996975, 0.04815643393337228, 0.014498014966517987], [0.879905151760836, 0.03087884351922606, 0.012960192214672955, 0.016037849260531804, 0.04571530503549662, 0.014502658209236588], [0.843976060456198, 0.05172565636043096, 0.012982384640623998, 0.020218949130498487, 0.05655457964464431, 0.014542369767604296], [0.8222409931737502, 0.06910269654632, 0.013005992795839172, 0.02173310952691066, 0.05933259329774409, 0.014584614659435842], [0.7732811202829429, 0.11206788792561345, 0.012994888145713026, 0.024735980361900452, 0.06235537950117928, 0.014564743782650661], [0.6206788475040531, 0.2740803286406569, 0.013005992795839172, 0.02173310952691066, 0.05591710687310435, 0.014584614659435842], [0.844496513790626, 0.058658838279774486, 0.012982384640623998, 0.020218949130498487, 0.04910094439087286, 0.014542369767604297], [0.8809237040002812, 0.03624899175169948, 0.017101254544816254, 0.014858589550313986, 0.03631866876620273, 0.014548791386686074], [0.9179902057160324, 0.016342536145499006, 0.012245210759590402, 0.012567020327067094, 0.027077183860614397, 0.013777843191196699]], [[0.9100152772207027, 0.01791818373341436, 0.012487453458928391, 0.012913990479084371, 0.03214624004861744, 0.014518855059252506], [0.8945113209835701, 0.02901826458903254, 0.015462111681297318, 0.013931182582003068, 0.032539809476739595, 0.014537310687357375], [0.8948706564696027, 0.029029757307025984, 0.012958583853784404, 0.014706412509287906, 0.03393480968329918, 0.014499780176999693], [0.8855378451906611, 0.03365548391863592, 0.012948806204106308, 0.0154273459669058, 0.037948234859080596, 0.014482283860610158], [0.07263573898745317, 0.03459989278363045, 0.013151488450605708, 0.016912980094523147, 0.8475021570737192, 0.015197742610068302], [0.8811163737782428, 0.03801715733140287, 0.012976287392283448, 0.016191621356310214, 0.03716710090885367, 0.014531459232906906], [0.8615959836484578, 0.045728277864344254, 0.012982384640623998, 0.017512814931044732, 0.04763816914792488, 0.014542369767604296], [0.8281695139835352, 0.06263437724661386, 0.012988584029024535, 0.020533600907274036, 0.061120460759841996, 0.014553463073710407], [0.8045669812263396, 0.0853375018693779, 0.01301259573532456, 0.022564551849768535, 0.059921939231492076, 0.014596430087697312], [0.7925214580004591, 0.09361054388508556, 0.013001299667109925, 0.02439948228044185, 0.06189099948323962, 0.014576216683663847], [0.11551052027721521, 0.07503823861947757, 0.013151488450605708, 0.017828428023793353, 0.7632735820188399, 0.015197742610068302], [0.8366754938338992, 0.06634999028956307, 0.012963386868243078, 0.01695403656093456, 0.052548717662928186, 0.014508374784431857], [0.0823722740327885, 0.04724135198999271, 0.013151488450605707, 0.01963662783992924, 0.8224005150766155, 0.0151977426100683], [0.8870483154827742, 0.033068827602817305, 0.012951900114754215, 0.018301368615969274, 0.03414176801922293, 0.014487820164462196], [0.8887397901658028, 0.03343655670935346, 0.012986846099841416, 0.01599345052926597, 0.03429300330628752, 0.014550353189448691], [0.8884197356897648, 0.033476082418742725, 0.012964389382390517, 0.015567008475695908, 0.035062615330672196, 0.014510168702733906], [0.8873886643820369, 0.03416451385483239, 0.01297028978036448, 0.015876763183285986, 0.03507904180992119, 0.014520726989559002], [0.0724093975271828, 0.03174392397946105, 0.013036449435830096, 0.016935929038960566, 0.8507539236014137, 0.015120376417151823], [0.08261922022508794, 0.04112369673627685, 0.013103943861919976, 0.01837440124012112, 0.8296129700772447, 0.015165767859349429], [0.6258305301113416, 0.06634999028956308, 0.012963386868243078, 0.016954036560934565, 0.2633936813854858, 0.014508374784431857], [0.13342166165192607, 0.07759383683068585, 0.013103943861919978, 0.017816470017057173, 0.7428983197790615, 0.01516576785934943], [0.7938835132395228, 0.09127080975907033, 0.013001299667109925, 0.02289607439185643, 0.06437208625877672, 0.014576216683663847], [0.6047945966745255, 0.16598004575318392, 0.017297563049105853, 0.024605634599821152, 0.17123918302135113, 0.016082976902012477], [0.7942327400980891, 0.09147459709406837, 0.01298410178187284, 0.021251415682083608, 0.06551170289035367, 0.014545442453532344], [0.35579264829917506, 0.0854519886088726, 0.013137157002097923, 0.019430328088068105, 0.5109997735967408, 0.015188104405045522], [0.1248855170429968, 0.0724411139154999, 0.01261328359186849, 0.017819778076655968, 0.7579302247911953, 0.01431008258178339], [0.8243081032377426, 0.0775605292791421, 0.012474482881742754, 0.019329921542828345, 0.052557782124590405, 0.013769180933953766], [0.821408778411814, 0.07767024431894037, 0.012483427172061846, 0.02041460316056957, 