{"round_id": "b3a0be6b-b48b-419d-916a-b7a77fa58c4d", "seed_index": 1, "prediction": [[[0.9100152772207027, 0.01791818373341436, 0.012487453458928391, 0.012913990479084371, 0.03214624004861744, 0.014518855059252506], [0.9101037776410256, 0.017899490051282052, 0.012400249025641026, 0.012832166974358974, 0.03230703876923077, 0.014457277538461539], [0.9101699619047617, 0.017885510144927536, 0.012335033954451347, 0.012770975983436853, 0.03242729068322982, 0.014411227329192547], [0.9101699619047617, 0.017885510144927536, 0.012335033954451347, 0.012770975983436853, 0.03242729068322982, 0.014411227329192547], [0.9066713774774775, 0.018578156306306305, 0.012540138288288288, 0.013014372522522522, 0.034397255405405405, 0.0147987], [0.9101699619047617, 0.017885510144927536, 0.012335033954451347, 0.012770975983436853, 0.03242729068322982, 0.014411227329192547], [0.9101699619047617, 0.017885510144927536, 0.012335033954451347, 0.012770975983436853, 0.03242729068322982, 0.014411227329192547], [0.9101037776410256, 0.017899490051282052, 0.012400249025641026, 0.012832166974358974, 0.03230703876923077, 0.014457277538461539], [0.9099813357524443, 0.017925353089406307, 0.012520897893357525, 0.012945371232738635, 0.032084570910190506, 0.014542471121862716], [0.9099519052494226, 0.017931569607547923, 0.012549897420455685, 0.012972581350998694, 0.03203109786208973, 0.014562948509485092], [0.9182382375514643, 0.016291946554804627, 0.012126825759341257, 0.012453960071467412, 0.027204212537869962, 0.013684817525052436], [0.9180453928516643, 0.016331279950912717, 0.012218870072096948, 0.012541864396379812, 0.027105447768062584, 0.013757144960883571], [0.9179902057160324, 0.016342536145499006, 0.012245210759590402, 0.012567020327067094, 0.027077183860614397, 0.013777843191196699], [0.9179902057160324, 0.016342536145499006, 0.012245210759590402, 0.012567020327067094, 0.027077183860614397, 0.013777843191196699], [0.9179902057160324, 0.016342536145499006, 0.012245210759590402, 0.012567020327067094, 0.027077183860614397, 0.013777843191196699], [0.9179902057160324, 0.016342536145499006, 0.012245210759590402, 0.012567020327067094, 0.027077183860614397, 0.013777843191196699], [0.9179902057160324, 0.016342536145499006, 0.012245210759590402, 0.012567020327067094, 0.027077183860614397, 0.013777843191196699], [0.9179902057160324, 0.016342536145499006, 0.012245210759590402, 0.012567020327067094, 0.027077183860614397, 0.013777843191196699], [0.9179902057160324, 0.016342536145499006, 0.012245210759590402, 0.012567020327067094, 0.027077183860614397, 0.013777843191196699], [0.9179902057160324, 0.016342536145499006, 0.012245210759590402, 0.012567020327067094, 0.027077183860614397, 0.013777843191196699], [0.9179902057160324, 0.016342536145499006, 0.012245210759590402, 0.012567020327067094, 0.027077183860614397, 0.013777843191196699], [0.9179902057160324, 0.016342536145499006, 0.012245210759590402, 0.012567020327067094, 0.027077183860614397, 0.013777843191196699], [0.9179627636918383, 0.016348133333333334, 0.012258308771929825, 0.012579529214340197, 0.0270631295194508, 0.013788135469107551], [0.9179627636918383, 0.016348133333333334, 0.012258308771929825, 0.012579529214340197, 0.0270631295194508, 0.013788135469107551], [0.9234340184693232, 0.015264011891208096, 0.011872639342188488, 0.012139002403542062, 0.024149122580645162, 0.013141205313092978], [0.9179627636918383, 0.016348133333333334, 0.012258308771929825, 0.012579529214340197, 0.0270631295194508, 0.013788135469107551], [0.9179627636918383, 0.016348133333333334, 0.012258308771929825, 0.012579529214340197, 0.0270631295194508, 0.013788135469107551], [0.9179902057160324, 0.016342536145499006, 0.012245210759590402, 0.012567020327067094, 0.027077183860614397, 0.013777843191196699], [0.9179902057160324, 0.016342536145499006, 0.012245210759590402, 0.012567020327067094, 0.027077183860614397, 0.013777843191196699], [0.9179902057160324, 0.016342536145499006, 0.012245210759590402, 0.012567020327067094, 0.027077183860614397, 0.013777843191196699], [0.9179902057160324, 0.016342536145499006, 0.012245210759590402, 0.012567020327067094, 0.027077183860614397, 0.013777843191196699], [0.9159613060295789, 0.016744549650576954, 0.012387520559076872, 0.012729727612546725, 0.028159599219892736, 0.014017296928327646], [0.9179902057160324, 0.016342536145499006, 0.012245210759590402, 0.012567020327067094, 0.027077183860614397, 0.013777843191196699], [0.9179902057160324, 0.016342536145499006, 0.012245210759590402, 0.012567020327067094, 0.027077183860614397, 0.013777843191196699], [0.9179902057160324, 0.016342536145499006, 0.012245210759590402, 0.012567020327067094, 0.027077183860614397, 0.013777843191196699], [0.9179902057160324, 0.016342536145499006, 0.012245210759590402, 0.012567020327067094, 0.027077183860614397, 0.013777843191196699], [0.9179902057160324, 0.016342536145499006, 0.012245210759590402, 0.012567020327067094, 0.027077183860614397, 0.013777843191196699], [0.9180453928516643, 0.016331279950912717, 0.012218870072096948, 0.012541864396379812, 0.027105447768062584, 0.013757144960883571], [0.9181324409473114, 0.016313525264213532, 0.012177322224793643, 0.012502185296613438, 0.02715002915991669, 0.013724497107151122], [0.9098671259171127, 0.01794947729526076, 0.012633435256791592, 0.013050964505254808, 0.03187706008328376, 0.01462193694229625]], [[0.9182382375514643, 0.016291946554804627, 0.012126825759341257, 0.012453960071467412, 0.027204212537869962, 0.013684817525052436], [0.8494526782235894, 0.03871464292312233, 0.023646117673195376, 0.018018273431648118, 0.05561562493235843, 0.014552662816086148], [0.8184225511662199, 0.04548508632386415, 0.04414064539012812, 0.01833283095548035, 0.059062329329224034, 0.014556556835083303], [0.5729039527698868, 0.04050692586406175, 0.28848881933297704, 0.01718114336305113, 0.06635868502805335, 0.014560473641969812], [0.5489616645584364, 0.04814712530806926, 0.08485549467086, 0.02234637849518565, 0.28115517119115657, 0.01453416577629204], [0.15673657933148702, 0.059401462083721865, 0.027661254867262605, 0.026348044348028468, 0.714718365477282, 0.015134293892217996], [0.37475330327925677, 0.049316152000921314, 0.016803757892746022, 0.0174320629814581, 0.5265201874429489, 0.015174536402668769], [0.8530515477677353, 0.048299214684905084, 0.020466494398597775, 0.01794943767691218, 0.045781709049271535, 0.014451596422578088], [0.9182382375514643, 0.016291946554804627, 0.012126825759341257, 0.012453960071467412, 0.027204212537869962, 0.013684817525052436], [0.8947988253152073, 0.02858429459430572, 0.013824100962562202, 0.014433719857432036, 0.03391929357367311, 0.014439765696819772], [0.06649095928867693, 0.02272558100946814, 0.014245277758638217, 0.0146335203963911, 0.8676139691266354, 0.014290692420190185], [0.9081987095598428, 0.023586863358552076, 0.01320163299848852, 0.013243177213097099, 0.028031272321588314, 0.013738344548431196], [0.9039875659768882, 0.02577036361557348, 0.014529303234775956, 0.013259823127771044, 0.02869050615054118, 0.013762437894450044], [0.8988155062701341, 0.02867175102700717, 0.015370334347851504, 0.013514686728852303, 0.029862128684919803, 0.013765592941235139], [0.9030479076780953, 0.026477074492183297, 0.014036973519170583, 0.013492365398715506, 0.029204316939930586, 0.013741361971904783], [0.06972479921817795, 0.025462994222153857, 0.020912134479419253, 0.018457149804534882, 0.8503385631631998, 0.015104359112514263], [0.893378140380678, 0.02987052232810205, 0.014868386829754911, 0.014211616853828539, 0.03315943942183849, 0.014511894185798214], [0.893378140380678, 0.02987052232810205, 0.014868386829754911, 0.014211616853828539, 0.03315943942183849, 0.014511894185798214], [0.0693741037532429, 0.02542074339133745, 0.02090159695691459, 0.018463720189172264, 0.8507055418171147, 0.015134293892217997], [0.06601877204886733, 0.03228525087429999, 0.022040982106040184, 0.015588675122193573, 0.8488917834459301, 0.01517453640266877], [0.8201381395831322, 0.05517681460090901, 0.03252168787568016, 0.021564894060257037, 0.05617802812693678, 0.01442043575308486], [0.11815091664515902, 0.023412024375670946, 0.02378050146862601, 0.02441685987355323, 0.795119321219839, 0.015120376417151823], [0.1115468945080823, 0.031097378776707048, 0.02771922858562937, 0.026396802553979547, 0.7881353364630874, 0.015104359112514263], [0.8179699925151926, 0.0413472942118616, 0.043449251200497856, 0.024353294587877192, 0.058346001708278646, 0.01453416577629204], [0.8513310094649463, 0.03599059253017982, 0.04313393502214243, 0.020006445745733063, 0.03575637211073501, 0.013781645126263394], [0.658176534006981, 0.04312815601399918, 0.03677955328903784, 0.191225091433583, 0.056937061458077275, 0.013753603798321731], [0.6822331833900549, 0.04174627742830415, 0.19464604433106583, 0.023522068412806425, 0.04407725822025512, 0.013775168217513562], [0.6932101726436051, 0.040374430754638826, 0.02301351879838863, 0.015237613444689678, 0.21444026092378285, 0.013724003434894895], [0.4437947933504575, 0.027012512765657755, 0.015653649298268353, 0.016171792356246092, 0.48305716964758677, 0.01431008258178339], [0.4733394347429934, 0.23099217333001384, 0.2101715177784691, 0.02484866277592175, 0.04691831761584296, 0.013729893756758881], [0.13849808578276074, 0.23518698301045782, 0.035529815366665385, 0.03445706939222459, 0.542017963866108, 0.01431008258178339], [0.104137755981414, 0.048506943371483854, 0.20799723053249866, 0.20692448455805787, 0.4181235029747621, 0.01431008258178339], [0.6354643598931361, 0.03743404315106021, 0.2179842735065621, 0.02841200876216346, 0.06694860666045199, 0.013756708026626138], [0.8555291713703099, 0.03749726688160448, 0.03509622894845045, 0.01690976684543627, 0.04118916873042004, 0.013778397223778755], [0.8733628245666238, 0.03435820800621249, 0.020833665535914626, 0.016609189387943223, 0.041085595275214055, 0.013750517228091808], [0.06631224597069334, 0.022712960208673194, 0.014264840271888169, 0.014651609503046161, 0.8677482614639158, 0.014310082581783392], [0.8915636313291321, 0.0258861055359437, 0.017355587037434526, 0.013962586568981711, 0.03750808609361308, 0.013724003434894895], [0.8977264085919144, 0.029239704490393766, 0.015628676129062293, 0.013771024543367014, 0.029865420007431837, 0.01376876623783046], [0.9071393519374333, 0.0239152677885505, 0.012992092728623165, 0.013514686728852305, 0.028673007875305634, 0.013765592941235139], [0.9181324409473114, 0.016313525264213532, 0.012177322224793643, 0.012502185296613438, 0.02715002915991669, 0.013724497107151122]], [[0.9180453928516643, 0.016331279950912717, 0.012218870072096948, 0.012541864396379812, 0.027105447768062584, 0.013757144960883571], [0.6066478734741567, 0.04481270279771939, 0.030594232087031173, 0.023194383904218345, 0.28022415052471067, 0.014526657212163736], [0.7776097320625478, 0.08960581637150292, 0.016913430710415987, 0.024062894995267713, 0.07724338207761466, 0.014564743782650661], [0.578132816411832, 0.09324548276559003, 0.019309372550038624, 0.022909699840884742, 0.27179417683613605, 0.014608451595518431], [0.35817427759694426, 0.38428109955497797, 0.020728504163449846, 0.024605634599821152, 0.19612750718279415, 0.016082976902012477], [0.7711229368857481, 0.11326550162258384, 0.01298410178187284, 0.022754823570669026, 0.06532719368559398, 0.014545442453532346], [0.3358775944521338, 0.08318781457282742, 0.013137157002097923, 0.01961303684253864, 0.5329962927253568, 0.015188104405045522], [0.8105081522290786, 0.05600052985466156, 0.030614762544779045, 0.023201342884326952, 0.06515749308844776, 0.01451771939870599], [0.9181009878367974, 0.016319940569668977, 0.012192334719014626, 0.012516522555812162, 0.027133920554272516, 0.01373629376443418], [0.06884576342397396, 0.025357090392945925, 0.02088572165008442, 0.018473618803582302, 0.8512584135882967, 0.015179392141116634], [0.9000351996218782, 0.02756308527845197, 0.012449898044518088, 0.01475157295392064, 0.03147505575288101, 0.013725188348349935], [0.9000684445879036, 0.028854001998171327, 0.012471641675465238, 0.014707018600938626, 0.030134796313307025, 0.013764096824214114], [0.9000684445879036, 0.028854001998171327, 0.012471641675465238, 0.014707018600938626, 0.030134796313307025, 0.013764096824214114], [0.8980813023433588, 0.03003774678284963, 0.012463029666070737, 0.014873141387278889, 0.030796093493236358, 0.013748686327205472], [0.9000351996218782, 0.02756308527845197, 0.012449898044518088, 0.01475157295392064, 0.03147505575288101, 0.013725188348349935], [0.07187135519934057, 0.03161863386294518, 0.013101039107069652, 0.01696093921711183, 0.8512842182638215, 0.015163814349711296], [0.8873886643820369, 0.03416451385483239, 0.01297028978036448, 0.015876763183285986, 0.03507904180992119, 0.014520726989559002], [0.8887397901658028, 0.03343655670935346, 0.012986846099841416, 0.01599345052926597, 0.03429300330628752, 0.014550353189448691], [0.8863873641295335, 0.03419279902400744, 0.012960192214672955, 0.016037849260531804, 0.03591913716201762, 0.014502658209236588], [0.08264838710869812, 0.041133719203052525, 0.013101039107069652, 0.018373928068836285, 0.829579112162632, 0.015163814349711296], [0.6117815821058986, 0.28790377836358855, 0.012971951196828372, 0.019752354873471968, 0.053066633499738704, 0.014523699960473693], [0.7807875974671141, 0.10682893603395094, 0.012994888145713026, 0.022559487106682295, 0.062264347463888786, 0.014564743782650661], [0.7904238485312433, 0.09682036383519144, 0.013001299667109925, 0.02289607439185643, 0.06228219689093513, 0.014576216683663847], [0.6047945966745255, 0.16598004575318392, 0.017297563049105853, 0.024605634599821152, 0.17123918302135113, 0.016082976902012477], [0.8179435310910748, 0.08001489044795879, 0.01248874374673062, 0.02240458664573526, 0.053353548465538234, 0.01379469960296224], [0.10819437014349886, 0.2434496892314511, 0.012590023710804825, 0.017858947860823413, 0.6036143309715485, 0.014292638081873282], [0.837869138475377, 0.06545862586415593, 0.015648672500608404, 0.019823739224705803, 0.04744867235502566, 0.013751151580127142], [0.07946227438484522, 0.22028522149661806, 0.01261328359186849, 0.017990903920396734, 0.655338234024488, 0.01431008258178339], [0.5004653439155754, 0.40479065271998743, 0.01450534349589047, 0.016469102480894563, 0.050031113780827106, 0.013738443606824899], [0.6337697694533744, 0.09189706561657143, 0.0160085158106543, 0.02233737878162, 0.22220208431687202, 0.013785186020907664], [0.10332266951110695, 0.25264869869688217, 0.01601191941934682, 0.01989014065935251, 0.5938164891315281, 0.01431008258178339], [0.4583368316829168, 0.34684172423591964, 0.01802849370879455, 0.042638792129406675, 0.11911001990106597, 0.015044138341896496], [0.6374804344085087, 0.2541010063683961, 0.015869107338577347, 0.02249850486104667, 0.056256247420508936, 0.013794699602962241], [0.8029034734022309, 0.08951925775853505, 0.014169077649497479, 0.023118412863393563, 0.056504592305435315, 0.013785186020907664], [0.5092203866849682, 0.22596001669862695, 0.012478199659741408, 0.02097867977540805, 0.217586885372505, 0.013775831808750374], [0.8636171549023431, 0.045418478944502925, 0.0124594923441609, 0.018340131153218482, 0.046422386081152255, 0.01374235657462242], [0.08218073704635642, 0.04118983469015383, 0.01261328359186849, 0.017990903920396734, 0.8317151581694411, 0.01431008258178339], [0.8964989532795233, 0.027313196618409467, 0.012454656542337916, 0.015006717508258821, 0.03499277275462712, 0.013733703296843244], [0.8977264085919144, 0.029239704490393766, 0.015628676129062293, 0.013771024543367014, 0.029865420007431837, 0.01376876623783046], [0.9180453928516643, 0.016331279950912717, 0.012218870072096948, 0.012541864396379812, 0.027105447768062584, 0.013757144960883571]], [[0.9179902057160324, 0.016342536145499006, 0.012245210759590402, 0.012567020327067094, 0.027077183860614397, 0.013777843191196699], [0.11225117880350488, 0.02342704013941615, 0.022624186776266875, 0.020331152994327542, 0.8062620821739702, 0.015104359112514263], [0.33213430586357584, 0.06483705216524127, 0.01305714390920951, 0.017894211415564985, 0.5569429927541903, 0.015134293892217997], [0.5743692909608361, 0.10123938658005643, 0.015117624964963869, 0.022426384502131667, 0.2723128315474615, 0.014534481444550435], [0.5763029811508485, 0.3045646892019051, 0.013019313840407968, 0.022909699840884742, 0.06859486437043508, 0.014608451595518431], [0.5727838993648617, 0.3145468342346643, 0.012994888145713026, 0.024062894995267713, 0.06104673947684245, 0.014564743782650661], [0.12961518150515297, 0.06481595300008444, 0.013060089280043404, 0.017894910644069485, 0.7594775908536777, 0.015136274716972015], [0.6446641332801983, 0.2557154007045046, 0.021725803603004808, 0.017970349673789653, 0.04540137777464817, 0.014522934963854423], [0.9182382375514643, 0.016291946554804627, 0.012126825759341257, 0.012453960071467412, 0.027204212537869962, 0.013684817525052436], [0.06576274217949139, 0.03221448519444113, 0.022026477856487564, 0.015609606883536218, 0.8491889452759753, 0.015197742610068302], [0.9008786101180134, 0.027001219115284525, 0.012445215011754187, 0.014500474739160978, 0.03145767257729229, 0.013716808438494571], [0.8989362893670345, 0.02946688428271456, 0.012458136926194793, 0.014616285965615015, 0.030782472295073526, 0.013739931163367585], [0.8980813023433588, 0.03003774678284963, 0.012463029666070737, 0.014873141387278889, 0.030796093493236358, 0.013748686327205472], [0.06193893346777426, 0.03039877257390229, 0.012613283591868491, 0.01573239525864633, 0.8650065325260252, 0.014310082581783392], [0.06193893346777426, 0.03039877257390229, 0.012613283591868491, 0.01573239525864633, 0.8650065325260252, 0.014310082581783392], [0.86834867808482, 0.041251427900867284, 0.012966023948221498, 0.01735164410202483, 0.04556913233746219, 0.014513093626604152], [0.8876769058584948, 0.03414792665286196, 0.012993120767893747, 0.01631581659027505, 0.03430464892804736, 0.014561581202426985], [0.8873886643820369, 0.03416451385483239, 0.01297028978036448, 0.015876763183285986, 0.03507904180992119, 0.014520726989559002], [0.8887397901658028, 0.03343655670935346, 0.012986846099841416, 0.01599345052926597, 0.03429300330628752, 0.014550353189448691], [0.8817076605444205, 0.0388725026091204, 0.012960192214672955, 0.016037849260531804, 0.03591913716201762, 0.014502658209236588], [0.0854502185721213, 0.0472840809520302, 0.013101039107069652, 0.01837392806883629, 0.8206269189502313, 0.015163814349711296], [0.614657849618709, 0.2850275108507782, 0.012971951196828372, 0.019752354873471968, 0.053066633499738704, 0.014523699960473693], [0.8009806332445203, 0.09183997422132385, 0.013012595735324562, 0.021061143961183117, 0.058509222749950886, 0.014596430087697312], [0.8009774401620325, 0.09146681107036009, 0.013019313840407967, 0.02140629195229932, 0.05852169137938142, 0.014608451595518431], [0.8239879471557919, 0.08030542184339945, 0.012498110695136306, 0.019172144043713514, 0.05022491525944694, 0.013811461002511813], [0.6753333102891563, 0.23164379678216426, 0.012478199659741408, 0.02025324913829514, 0.0465156123218924, 0.013775831808750374], [0.8654846150317554, 0.05264987420293117, 0.013412364503899293, 0.01693245380487586, 0.03775405946139012, 0.013766632995148156], [0.8902584179060002, 0.034958475102325574, 0.012454656542337916, 0.015006717508258821, 0.033588029644234144, 0.013733703296843244], [0.07691100495167123, 0.0502470079426069, 0.01261328359186849, 0.017990903920396734, 0.8279277170116731, 0.01431008258178339], [0.6646247132171748, 0.2329231850014105, 0.01331028915927291, 0.022297663682688464, 0.05306831713070299, 0.013775831808750376], [0.47081504726123036, 0.08975662200697859, 0.012483427172061846, 0.1879772058973929, 0.22518251164142844, 0.013785186020907664], [0.6290714464135934, 0.09075040324924166, 0.01248874374673062, 0.02666667307709969, 0.22722803391037236, 0.01379469960296224], [0.09921885193158743, 0.24294676287221487, 0.01261328359186849, 0.01797093750160692, 0.6129400815209388, 0.01431008258178339], [0.09452331936674725, 0.0552523624486602, 0.01261328359186849, 0.01804405888301685, 0.8052568931279236, 0.01431008258178339], [0.08198964038467155, 0.03794191580456393, 0.01261328359186849, 0.016950659995902333, 0.8361944176412103, 0.01431008258178339], [0.8639699989073595, 0.04629457023556822, 0.012473058990422555, 0.019377637574637133, 0.04411810129686444, 0.013766632995148156], [0.8431917918705115, 0.05969623150735482, 0.012464407349172674, 0.019628191071281803, 0.05126822662155198, 0.013751151580127142], [0.08218073704635642, 0.04118983469015383, 0.01261328359186849, 0.017990903920396734, 0.8317151581694411, 0.01431008258178339], [0.9009066902819383, 0.027593515172101707, 0.014543578448228294, 0.013994982151408434, 0.029213785780628804, 0.013747448165694544], [0.9179902057160324, 0.016342536145499006, 0.012245210759590402, 0.012567020327067094, 0.027077183860614397, 0.013777843191196699]], [[0.9179902057160324, 0.016342536145499006, 0.012245210759590402, 0.012567020327067094, 0.027077183860614397, 0.013777843191196699], [0.8876366150539621, 0.031216893582832035, 0.015479326870060208, 0.014817747354215661, 0.03633018330982009, 0.014519233829109897], [0.8596243335240515, 0.0427209752514215, 0.012966023948221498, 0.01735164410202483, 0.05282392954767643, 0.014513093626604152], [0.11756344869947177, 0.06156859050170195, 0.012999157179828162, 0.019576217497673437, 0.7731972895423282, 0.01509529657899636], [0.7716755223175399, 0.10708335890740386, 0.012994888145713026, 0.024062894995267713, 0.06961859185142467, 0.014564743782650661], [0.6061878685193498, 0.2812983731730192, 0.012988584029024535, 0.02270193116291664, 0.062269780041979486, 0.014553463073710407], [0.8159911029139576, 0.08037346224388764, 0.012971951196828372, 0.018904979518087464, 0.05723480416676521, 0.014523699960473693], [0.850620469474111, 0.056703792038691185, 0.012982384640623998, 0.017512814931044736, 0.047638169147924896, 0.014542369767604299], [0.06866460193673249, 0.02533526455225732, 0.020880278200026865, 0.018477012918339045, 0.8514479866092692, 0.015194855783374966], [0.06789952669765406, 0.03083723524229006, 0.013151488450605707, 0.01596573763656333, 0.8569482693628184, 0.015197742610068302], [0.06193893346777426, 0.03039877257390229, 0.012613283591868491, 0.01573239525864633, 0.8650065325260252, 0.014310082581783392], [0.06095660811938168, 0.027845498632991912, 0.012613283591868491, 0.01578836271464512, 0.8684861643593295, 0.014310082581783392], [0.8991781979288693, 0.028134005672833404, 0.012454656542337916, 0.015006717508258821, 0.03149271905085711, 0.013733703296843244], [0.0668765398474029, 0.03510561915714856, 0.01261328359186849, 0.01610921824364464, 0.8549852565781519, 0.01431008258178339], [0.0668765398474029, 0.03510561915714856, 0.01261328359186849, 0.01610921824364464, 0.8549852565781519, 0.01431008258178339], [0.8354524689152315, 0.06116482989605965, 0.012988584029024535, 0.02053360090727404, 0.05530705317869987, 0.014553463073710407], [0.8659626386329617, 0.04425873051379005, 0.012982384640623998, 0.017512814931044732, 0.04474106151397514, 0.014542369767604296], [0.07260779527231379, 0.0317901234610216, 0.013012632638396946, 0.016926706785071296, 0.8505583827306822, 0.015104359112514263], [0.8873886643820369, 0.03416451385483239, 0.01297028978036448, 0.015876763183285986, 0.03507904180992119, 0.014520726989559002], [0.8836565453284076, 0.03692361782513319, 0.012960192214672955, 0.016037849260531804, 0.03591913716201762, 0.014502658209236588], [0.07749893667922511, 0.034599892783630445, 0.013151488450605707, 0.016912980094523147, 0.8426389593819472, 0.015197742610068302], [0.08591049884091656, 0.04747839510500601, 0.01305714390920951, 0.01836677774178985, 0.82005289051086, 0.015134293892217997], [0.819348924980527, 0.07769206150845623, 0.012988584029024535, 0.021380976262658544, 0.0540359901456231, 0.014553463073710407], [0.8004413881273417, 0.0923792193385025, 0.013012595735324562, 0.021061143961183117, 0.058509222749950886, 0.014596430087697312], [0.6750325537727518, 0.23276044640881502, 0.012478199659741408, 0.019437356028048927, 0.0465156123218924, 0.013775831808750376], [0.6988244980983923, 0.22024929664977116, 0.012473058990422555, 0.01693245380487586, 0.03775405946139012, 0.013766632995148156], [0.07242607859317947, 0.027845498632991905, 0.01261328359186849, 0.01578836271464512, 0.8570166938855316, 0.01431008258178339], [0.8944808918674156, 0.03246408861132567, 0.012463029666070737, 0.01487314138727889, 0.03197016214070351, 0.013748686327205474], [0.8904543955019321, 0.03620177926635093, 0.01246800301788969, 0.015134228714815113, 0.031984007759391, 0.013757585739621096], [0.8613100017003056, 0.053161980654565635, 0.012473058990422555, 0.018433044802688488, 0.04085528085686955, 0.013766632995148156], [0.6724475149748007, 0.2213620573034211, 0.012492635392375176, 0.02375978619506341, 0.05613634274501617, 0.013801663389323458], [0.6320674519611532, 0.08626481123693246, 0.012483427172061846, 0.02766100256903823, 0.22773812103990662, 0.013785186020907666], [0.09452331936674725, 0.0552523624486602, 0.01261328359186849, 0.01804405888301685, 0.8052568931279236, 0.01431008258178339], [0.6957154310944427, 0.04210611117203242, 0.0124594923441609, 0.18576560303976597, 0.050211005774975566, 0.01374235657462242], [0.8597864222372926, 0.046264011692627206, 0.012473058990422557, 0.022894253018496097, 0.0448156210660135, 0.013766632995148156], [0.8447346054778637, 0.0567004789834327, 0.012492635392375176, 0.022868669249494468, 0.04940194750751043, 0.01380166338932346], [0.8146713290513304, 0.08101498213029573, 0.013230276783152018, 0.023722562988630746, 0.053549388044079174, 0.013811461002511813], [0.83673572469726, 0.06024341330160861, 0.012478199659741408, 0.0239572430436761, 0.052809587488963444, 0.013775831808750374], [0.8827856012841825, 0.028013850014050205, 0.018695879360884973, 0.01883208030922877, 0.03789742081413994, 0.01377516821751356], [0.9179627636918383, 0.016348133333333334, 0.012258308771929825, 0.012579529214340197, 0.0270631295194508, 0.013788135469107551]], [[0.9179902057160324, 0.016342536145499006, 0.012245210759590402, 0.012567020327067094, 0.027077183860614397, 0.013777843191196699], [0.8920906915617295, 0.030541804112645107, 0.015172992947171757, 0.014513825002239616, 0.03316513274741842, 0.014515553628795728], [0.8803354303757297, 0.03730079621507925, 0.012993120767893747, 0.01631581659027505, 0.03849325484859525, 0.014561581202426985], [0.8536688244364901, 0.0427209752514215, 0.012966023948221498, 0.01735164410202483, 0.058779438635237914, 0.014513093626604152], [0.6119310220828832, 0.07017609880801905, 0.012971951196828372, 0.02367377188456559, 0.2667234560672301, 0.014523699960473693], [0.33213430586357584, 0.06483705216524127, 0.01305714390920951, 0.017894211415564985, 0.5569429927541903, 0.015134293892217997], [0.1275021593277878, 0.08474260125251189, 0.013080630532086772, 0.017810606448501954, 0.7417139132916922, 0.015150089147419225], [0.8310645086651086, 0.0653000564927366, 0.012971951196828374, 0.018904979518087464, 0.05723480416676522, 0.014523699960473695], [0.863982023100316, 0.0427209752514215, 0.012966023948221498, 0.01735164410202483, 0.04846623997141193, 0.014513093626604152], [0.07145110407074173, 0.0315207729509994, 0.013151488450605708, 0.016980474028874093, 0.8516984178887108, 0.015197742610068302], [0.8960299568347408, 0.02856514907758316, 0.012443130906760518, 0.01663159090830032, 0.03261709317210632, 0.013713079100508578], [0.8939833659975495, 0.03061801471562449, 0.01246800301788969, 0.015134228714815113, 0.03403880181450014, 0.013757585739621096], [0.8783915945546693, 0.038408093424148484, 0.012473058990422555, 0.01622979150828567, 0.04073082852732584, 0.013766632995148156], [0.0870216453279253, 0.04951496543835555, 0.01261328359186849, 0.01610921824364464, 0.8204308048164226, 0.01431008258178339], [0.0870216453279253, 0.04951496543835555, 0.01261328359186849, 0.01610921824364464, 0.8204308048164226, 0.01431008258178339], [0.8055840899771617, 0.0802652055295694, 0.012994888145713026, 0.022722714248871574, 0.06386835831603359, 0.014564743782650661], [0.8354524689152315, 0.06116482989605965, 0.012988584029024535, 0.02053360090727404, 0.05530705317869987, 0.014553463073710407], [0.08285331129743262, 0.041204136252078846, 0.013080630532086772, 0.018370603605277782, 0.8293412291657046, 0.015150089147419225], [0.8841494366822197, 0.03596770640337175, 0.012951900114754215, 0.018301368615969274, 0.03414176801922293, 0.014487820164462196], [0.08214182107922342, 0.040959650513783225, 0.013151488450605707, 0.018382146036248354, 0.830167151310071, 0.0151977426100683], [0.6698181307671355, 0.24888060372150245, 0.01294747046060818, 0.018300613888661714, 0.035568735520072385, 0.014484445642019648], [0.8726193198337173, 0.04716970557334258, 0.012976287392283448, 0.016191621356310214, 0.03651160661143949, 0.014531459232906906], [0.8530608872091154, 0.05758416961532868, 0.012982384640623998, 0.01836019028642924, 0.043469998480898386, 0.014542369767604296], [0.8236873121601654, 0.07599804830932175, 0.012971951196828372, 0.019752354873471968, 0.053066633499738704, 0.014523699960473693], [0.2493872106350051, 0.04594051733929532, 0.01261328359186849, 0.017990903920396734, 0.659758001931651, 0.01431008258178339], [0.8905307794644469, 0.03560735548978878, 0.012454656542337916, 0.015006717508258821, 0.03266678769832427, 0.013733703296843244], [0.23973788328292508, 0.027845498632991905, 0.01261328359186849, 0.01578836271464512, 0.6897048891957859, 0.01431008258178339], [0.8962348924790569, 0.030994212523224922, 0.012458136926194793, 0.014616285965615011, 0.031956540942540676, 0.013739931163367584], [0.8953799054553814, 0.03156507502336, 0.012463029666070737, 0.01487314138727889, 0.03197016214070351, 0.013748686327205474], [0.06533727686771977, 0.03310122110565552, 0.012590023710804825, 0.016819793790606486, 0.8578590464433401, 0.014292638081873282], [0.8558239082695467, 0.04726196660769754, 0.012473058990422557, 0.021910350423207114, 0.048764082713978016, 0.013766632995148156], [0.4985057505370533, 0.060243413301608616, 0.012478199659741408, 0.18692555865198993, 0.2280712460408563, 0.013775831808750374], [0.08198964038467155, 0.03794191580456393, 0.01261328359186849, 0.016950659995902333, 0.8361944176412103, 0.01431008258178339], [0.6598098871463042, 0.06101099973916092, 0.012478199659741408, 0.026335255928642096, 0.22658982571740102, 0.013775831808750374], [0.8366646536409902, 0.059308625049664755, 0.012492635392375176, 0.023636044815267404, 0.05409637771237912, 0.01380166338932346], [0.6459599885612443, 0.08565058131056981, 0.013745625830222598, 0.1863319746454849, 0.05450036864996664, 0.013811461002511813], [0.4805710639783475, 0.24582523420994795, 0.015111609063211729, 0.0264789996049217, 0.21819166364216408, 0.013821429501407126], [0.6143824784183038, 0.030069856787501535, 0.05606064041750886, 0.20417544264873358, 0.08152993660168867, 0.013781645126263392], [0.9234340184693232, 0.015264011891208096, 0.011872639342188488, 0.012139002403542062, 0.024149122580645162, 0.013141205313092978], [0.9179627636918383, 0.016348133333333334, 0.012258308771929825, 0.012579529214340197, 0.0270631295194508, 0.013788135469107551]], [[0.9179902057160324, 0.016342536145499006, 0.012245210759590402, 0.012567020327067094, 0.027077183860614397, 0.013777843191196699], [0.06953715140007243, 0.025440386926056338, 0.020906496131325406, 0.01846066544264428, 0.8505349236827496, 0.015120376417151823], [0.8834872336948284, 0.03502156747888366, 0.012960192214672955, 0.016037849260531804, 0.037990499141846414, 0.014502658209236588], [0.0946917529285087, 0.04613018404730829, 0.013060089280043404, 0.018367257529232715, 0.8126144414979348, 0.015136274716972015], [0.12125114674627033, 0.06483705216524127, 0.01305714390920951, 0.017894211415564985, 0.7678261518714958, 0.015134293892217997], [0.5604891125459239, 0.11631779143599186, 0.012977976326459396, 0.23393651563941623, 0.061744122607658325, 0.014534481444550435], [0.787254610373731, 0.08846778131689755, 0.01298410178187284, 0.030743921127153948, 0.06600414294681242, 0.014545442453532346], [0.11323706255638206, 0.08213648882847076, 0.012975059889211046, 0.019486210391775192, 0.7570860876974554, 0.015079090636705523], [0.8310858139307277, 0.06263437724661387, 0.012988584029024535, 0.02053360090727404, 0.058204160812649605, 0.014553463073710407], [0.8619292637466239, 0.0427209752514215, 0.012966023948221498, 0.01735164410202483, 0.05051899932510404, 0.014513093626604152], [0.06095660811938168, 0.027845498632991912, 0.012613283591868491, 0.01578836271464512, 0.8684861643593295, 0.014310082581783392], [0.7129730959051007, 0.038408093424148484, 0.012473058990422555, 0.01622979150828567, 0.20614932717689446, 0.013766632995148156], [0.8518979579499582, 0.05442411642181115, 0.012464407349172674, 0.017384205027332487, 0.050078161671598315, 0.013751151580127142], [0.09902006985426531, 0.06213446102778596, 0.01261328359186849, 0.016036096862234714, 0.7958860060820621, 0.01431008258178339], [0.09902006985426531, 0.06213446102778596, 0.01261328359186849, 0.016036096862234714, 0.7958860060820621, 0.01431008258178339], [0.8000620516366796, 0.08101327250780752, 0.013001299667109924, 0.0230593015340457, 0.06828785797069314, 0.014576216683663844], [0.8142469587395027, 0.07551211830268824, 0.01301259573532456, 0.02122437110337239, 0.06140752603141472, 0.014596430087697312], [0.8378672696295967, 0.06139440316219836, 0.012971951196828372, 0.018904979518087464, 0.05433769653281548, 0.014523699960473693], [0.08214182107922342, 0.043858529314337674, 0.013151488450605707, 0.018382146036248354, 0.8272682725095165, 0.0151977426100683], [0.10288422674557583, 0.05765305900689559, 0.013151488450605707, 0.01736740964393759, 0.793746073542917, 0.015197742610068302], [0.08610584716159604, 0.05013987290518274, 0.013151488450605707, 0.018314652101897408, 0.8170903967706497, 0.015197742610068302], [0.8803987966786042, 0.03876549879252213, 0.012960192214672955, 0.016037849260531804, 0.03733500484443224, 0.014502658209236588], [0.07736212973716729, 0.03174392397946104, 0.013036449435830095, 0.016935929038960563, 0.8458011913914291, 0.015120376417151821], [0.09043567032684842, 0.04706075307255169, 0.013151488450605707, 0.018382146036248354, 0.8157721995036774, 0.0151977426100683], [0.8939836206289501, 0.031770567893228886, 0.012447780550564691, 0.016883677580984007, 0.03119295408276207, 0.0137213992635104], [0.8948484065855228, 0.031787377989937415, 0.012476758530608537, 0.014969901103015614, 0.03214430276664787, 0.013773253024267702], [0.8962348924790569, 0.030994212523224922, 0.012458136926194793, 0.014616285965615011, 0.031956540942540676, 0.013739931163367584], [0.897367047699926, 0.03038133023868169, 0.012471641675465238, 0.014707018600938624, 0.031308864960774174, 0.013764096824214112], [0.8965002886954302, 0.03096143693498373, 0.012476758530608537, 0.014969901103015614, 0.031318361711694186, 0.013773253024267702], [0.8964827061138215, 0.029090413518962334, 0.012449898044518088, 0.014751572953920638, 0.03350022102042734, 0.013725188348349935], [0.8873893940498224, 0.03001316409677591, 0.012481961623471665, 0.016755928214024243, 0.03957698847613235, 0.013782563539773422], [0.6885244599438552, 0.045400147892397595, 0.012473058990422555, 0.021224861048224804, 0.21861083912995155, 0.013766632995148156], [0.4942860408512024, 0.06101099973916092, 0.012478199659741408, 0.024099015398651183, 0.3943499125424936, 0.013775831808750374], [0.4612184232510453, 0.09766929584625687, 0.012498110695136306, 0.024621493794270553, 0.3901812154107791, 0.013811461002511813], [0.6237801676999375, 0.262612877405562, 0.013230269195026645, 0.02366332981312641, 0.0629281698654396, 0.013785186020907664], [0.6360952409763804, 0.2548900536417728, 0.015196915105138167, 0.023956378079382674, 0.056039982695918755, 0.013821429501407124], [0.15643730636693334, 0.07088221188495622, 0.35138197430126583, 0.02403048389360598, 0.3819133956934196, 0.015354627859818844], [0.9226557182291667, 0.015418230989583333, 0.011927501822916667, 0.012201668489583333, 0.02456364765625, 0.013233232812499999], [0.5832133153293154, 0.02823548367057052, 0.046043414459982425, 0.029022371804083437, 0.2994858488167915, 0.013999565919256513], [0.9179627636918383, 0.016348133333333334, 0.012258308771929825, 0.012579529214340197, 0.0270631295194508, 0.013788135469107551]], [[0.9179902057160324, 0.016342536145499006, 0.012245210759590402, 0.012567020327067094, 0.027077183860614397, 0.013777843191196699], [0.06972479921817795, 0.025462994222153857, 0.020912134479419253, 0.018457149804534882, 0.8503385631631998, 0.015104359112514263], [0.8615959836484578, 0.045728277864344254, 0.012982384640623998, 0.017512814931044732, 0.04763816914792488, 0.014542369767604296], [0.8310858139307277, 0.06263437724661387, 0.012988584029024535, 0.02053360090727404, 0.058204160812649605, 0.014553463073710407], [0.8051210462439292, 0.07903178576541067, 0.012994888145713026, 0.02473254320605571, 0.06355499285624058, 0.014564743782650661], [0.7803582952701545, 0.09953948161833834, 0.013019313840407968, 0.029758997404631504, 0.06271546027094917, 0.014608451595518431], [0.3945482144420519, 0.1779486040223706, 0.017297563049105853, 0.02791671750929723, 0.3662059240751619, 0.016082976902012477], [0.792791004654821, 0.09006530174438211, 0.013001299667109924, 0.02439948228044185, 0.06516669496958118, 0.014576216683663845], [0.8102045063657053, 0.08276283977678021, 0.013012595735324562, 0.02256455184976854, 0.05685907618472422, 0.014596430087697312], [0.8310858139307277, 0.06263437724661387, 0.012988584029024535, 0.02053360090727404, 0.058204160812649605, 0.014553463073710407], [0.06982158598030482, 0.03567242367082214, 0.01261328359186849, 0.016950659995902333, 0.8506319641793187, 0.01431008258178339], [0.8501990371724379, 0.05338559961567202, 0.012464407349172674, 0.017384205027332487, 0.052815599255257646, 0.013751151580127142], [0.09736744367303318, 0.07684816509294957, 0.012613283591868491, 0.021873599018522448, 0.7769874260418429, 0.014310082581783392], [0.6450809609506319, 0.25866908827212576, 0.012474482881742754, 0.021697365774894235, 0.048308921186651414, 0.013769180933953764], [0.8171553295172924, 0.08071661091846252, 0.01248874374673062, 0.019472333236927715, 0.0563722829776243, 0.01379469960296224], [0.38841161934557417, 0.19488962921306446, 0.017297563049105853, 0.03500930789217394, 0.34830890359806904, 0.016082976902012477], [0.7995821531908684, 0.08101327250780752, 0.013001299667109924, 0.023059301534045704, 0.06876775641650447, 0.014576216683663845], [0.7971263460384839, 0.08926060332692182, 0.012994888145713026, 0.02108656973052588, 0.06496684897570454, 0.014564743782650661], [0.8144102301399324, 0.08754323406870922, 0.012971951196828372, 0.021596770934934166, 0.04895411369912205, 0.014523699960473693], [0.7969659554029812, 0.09258324707803839, 0.012969270828552901, 0.021619783821755303, 0.06134283921129101, 0.014518903657381229], [0.10498519551252923, 0.06963186777808224, 0.013151488450605707, 0.01791660872860578, 0.7791170969201087, 0.015197742610068302], [0.8541529830067076, 0.05587081065667211, 0.012966023948221498, 0.01819901945740934, 0.04429806930438543, 0.014513093626604153], [0.8816360101850566, 0.038153015222003324, 0.012976287392283448, 0.016191621356310217, 0.0365116066114395, 0.014531459232906906], [0.8854537165870711, 0.033710578884055306, 0.012960192214672955, 0.016037849260531804, 0.03733500484443224, 0.014502658209236588], [0.06734380805158346, 0.03305442376601571, 0.01261328359186849, 0.01682860663913952, 0.8558497953696094, 0.01431008258178339], [0.8931040831753819, 0.03156507502336, 0.012463029666070737, 0.01487314138727889, 0.034245984420702986, 0.013748686327205474], [0.8961057686064786, 0.03038133023868169, 0.012471641675465238, 0.014707018600938624, 0.0325701440542215, 0.013764096824214112], [0.8965002886954302, 0.03096143693498373, 0.012476758530608537, 0.014969901103015614, 0.031318361711694186, 0.01377325302426770