{"prediction": [[[0.9100152772207027, 0.01791818373341436, 0.012487453458928391, 0.012913990479084371, 0.03214624004861744, 0.014518855059252506], [0.9101037776410256, 0.017899490051282052, 0.012400249025641026, 0.012832166974358974, 0.03230703876923077, 0.014457277538461539], [0.9101699619047617, 0.017885510144927536, 0.012335033954451347, 0.012770975983436853, 0.03242729068322982, 0.014411227329192547], [0.9101699619047617, 0.017885510144927536, 0.012335033954451347, 0.012770975983436853, 0.03242729068322982, 0.014411227329192547], [0.9100689765258217, 0.017906840987956724, 0.012434540518473158, 0.012864342518881404, 0.032243807715860384, 0.014481491733006736], [0.9098671259171127, 0.01794947729526076, 0.012633435256791592, 0.013050964505254808, 0.03187706008328376, 0.01462193694229625], [0.9181324409473114, 0.016313525264213532, 0.012177322224793643, 0.012502185296613438, 0.02715002915991669, 0.013724497107151122], [0.9180453928516643, 0.016331279950912717, 0.012218870072096948, 0.012541864396379812, 0.027105447768062584, 0.013757144960883571], [0.9179902057160324, 0.016342536145499006, 0.012245210759590402, 0.012567020327067094, 0.027077183860614397, 0.013777843191196699], [0.9179902057160324, 0.016342536145499006, 0.012245210759590402, 0.012567020327067094, 0.027077183860614397, 0.013777843191196699], [0.9179902057160324, 0.016342536145499006, 0.012245210759590402, 0.012567020327067094, 0.027077183860614397, 0.013777843191196699], [0.9179902057160324, 0.016342536145499006, 0.012245210759590402, 0.012567020327067094, 0.027077183860614397, 0.013777843191196699], [0.9179902057160324, 0.016342536145499006, 0.012245210759590402, 0.012567020327067094, 0.027077183860614397, 0.013777843191196699], [0.9179902057160324, 0.016342536145499006, 0.012245210759590402, 0.012567020327067094, 0.027077183860614397, 0.013777843191196699], [0.9179902057160324, 0.016342536145499006, 0.012245210759590402, 0.012567020327067094, 0.027077183860614397, 0.013777843191196699], [0.9179902057160324, 0.016342536145499006, 0.012245210759590402, 0.012567020327067094, 0.027077183860614397, 0.013777843191196699], [0.9179902057160324, 0.016342536145499006, 0.012245210759590402, 0.012567020327067094, 0.027077183860614397, 0.013777843191196699], [0.9179902057160324, 0.016342536145499006, 0.012245210759590402, 0.012567020327067094, 0.027077183860614397, 0.013777843191196699], [0.9179902057160324, 0.016342536145499006, 0.012245210759590402, 0.012567020327067094, 0.027077183860614397, 0.013777843191196699], [0.9180453928516643, 0.016331279950912717, 0.012218870072096948, 0.012541864396379812, 0.027105447768062584, 0.013757144960883571], [0.9182382375514643, 0.016291946554804627, 0.012126825759341257, 0.012453960071467412, 0.027204212537869962, 0.013684817525052436], [0.9100152772207027, 0.01791818373341436, 0.012487453458928391, 0.012913990479084371, 0.03214624004861744, 0.014518855059252506], [0.9101345109188298, 0.01789299835187474, 0.012369965801400906, 0.012803752369180058, 0.03236287886279358, 0.014435893695920889], [0.9101699619047617, 0.017885510144927536, 0.012335033954451347, 0.012770975983436853, 0.03242729068322982, 0.014411227329192547], [0.9101699619047617, 0.017885510144927536, 0.012335033954451347, 0.012770975983436853, 0.03242729068322982, 0.014411227329192547], [0.9101699619047617, 0.017885510144927536, 0.012335033954451347, 0.012770975983436853, 0.03242729068322982, 0.014411227329192547], [0.9101699619047617, 0.017885510144927536, 0.012335033954451347, 0.012770975983436853, 0.03242729068322982, 0.014411227329192547], [0.9101699619047617, 0.017885510144927536, 0.012335033954451347, 0.012770975983436853, 0.03242729068322982, 0.014411227329192547], [0.9101037776410256, 0.017899490051282052, 0.012400249025641026, 0.012832166974358974, 0.03230703876923077, 0.014457277538461539], [0.9099855604639436, 0.017924460716086738, 0.01251673504790721, 0.01294146525466465, 0.03209224689863843, 0.014539531618759455], [0.9099227218390806, 0.017937733933033485, 0.012578653473263368, 0.012999563018490755, 0.031978073763118446, 0.014583253973013494], [0.9099227218390806, 0.017937733933033485, 0.012578653473263368, 0.012999563018490755, 0.031978073763118446, 0.014583253973013494], [0.9098896679598127, 0.017944715806226995, 0.012611223316422959, 0.013030123147319207, 0.03191801730826618, 0.014606252461951654], [0.9099855604639436, 0.017924460716086738, 0.01251673504790721, 0.01294146525466465, 0.03209224689863843, 0.014539531618759455], [0.9101037776410256, 0.017899490051282052, 0.012400249025641026, 0.012832166974358974, 0.03230703876923077, 0.014457277538461539], [0.9101699619047617, 0.017885510144927536, 0.012335033954451347, 0.012770975983436853, 0.03242729068322982, 0.014411227329192547], [0.9101699619047617, 0.017885510144927536, 0.012335033954451347, 0.012770975983436853, 0.03242729068322982, 0.014411227329192547], [0.9101699619047617, 0.017885510144927536, 0.012335033954451347, 0.012770975983436853, 0.03242729068322982, 0.014411227329192547], [0.9101699619047617, 0.017885510144927536, 0.012335033954451347, 0.012770975983436853, 0.03242729068322982, 0.014411227329192547], [0.9101699619047617, 0.017885510144927536, 0.012335033954451347, 0.012770975983436853, 0.03242729068322982, 0.014411227329192547]], [[0.9182382375514643, 0.016291946554804627, 0.012126825759341257, 0.012453960071467412, 0.027204212537869962, 0.013684817525052436], [0.8979414208140257, 0.029344984454664824, 0.012534479025055138, 0.013869343765972264, 0.03183873763771511, 0.014471034302566844], [0.8945113209835701, 0.02901826458903254, 0.015462111681297318, 0.013931182582003068, 0.032539809476739595, 0.014537310687357375], [0.8995897481419616, 0.0263850732035628, 0.013861008215568536, 0.013911108446915722, 0.031744806666995515, 0.014508255324995972], [0.06722936339102395, 0.023464116288008506, 0.012953825431809948, 0.015489703040852992, 0.8657981818374457, 0.01506481001085894], [0.9181324409473114, 0.016313525264213532, 0.012177322224793643, 0.012502185296613438, 0.02715002915991669, 0.013724497107151122], [0.9068635563701005, 0.025979012823506897, 0.012144636723275926, 0.013243177213097099, 0.028031272321588314, 0.013738344548431196], [0.06647302670707424, 0.02106709760015309, 0.012590023710804825, 0.014635335506674271, 0.8709418783934203, 0.014292638081873282], [0.9081987095598428, 0.023586863358552076, 0.01320163299848852, 0.013243177213097099, 0.028031272321588314, 0.013738344548431196], [0.9030479076780953, 0.026477074492183297, 0.014036973519170583, 0.013492365398715506, 0.029204316939930586, 0.013741361971904783], [0.8977264085919144, 0.029239704490393766, 0.015628676129062293, 0.013771024543367014, 0.029865420007431837, 0.01376876623783046], [0.8966309929481812, 0.029810952709124136, 0.015888516577010823, 0.014028849399406474, 0.029868730423237837, 0.013771957943039497], [0.859930239608022, 0.044053691449856484, 0.02107412098011331, 0.026954642506150546, 0.03421213723834403, 0.013775168217513562], [0.8977967557774392, 0.0307034496766007, 0.014543578448228294, 0.013994982151408434, 0.029213785780628804, 0.013747448165694544], [0.8935574972544109, 0.03340861582789733, 0.015628676129062293, 0.013771024543367014, 0.029865420007431837, 0.01376876623783046], [0.8834175122241593, 0.0367452831863131, 0.01678790004580281, 0.014547665753671432, 0.03395669643916837, 0.014544942350884788], [0.879437017483236, 0.029195951338025106, 0.01886839965248793, 0.014760632028149236, 0.04326621036373557, 0.014471789134366204], [0.08226211808962244, 0.03022279098306728, 0.046072021007293865, 0.0398135802557018, 0.7864317470542462, 0.0151977426100683], [0.06918905731490643, 0.02539844950236235, 0.02089603677378322, 0.018467187089652073, 0.8508991801718765, 0.015150089147419225], [0.8920906915617295, 0.030541804112645107, 0.015172992947171757, 0.014513825002239616, 0.03316513274741842, 0.014515553628795728], [0.8704589314675256, 0.04138539784744614, 0.015479326870060208, 0.014817747354215661, 0.04333936263164243, 0.014519233829109897], [0.11776226068591922, 0.023464116288008506, 0.016736338952283807, 0.01738095980108992, 0.8095915142618395, 0.01506481001085894], [0.8437331666045093, 0.04559631939909058, 0.028942161468214808, 0.021578528606394653, 0.04562688895793598, 0.014522934963854421], [0.8019635579839794, 0.06276082736537408, 0.04637284456309377, 0.027975421644546167, 0.046468861684501206, 0.01445848675850503], [0.11090475587039532, 0.031015863942026163, 0.027661254867262612, 0.026348044348028468, 0.7889357870800694, 0.015134293892217997], [0.11706224715959392, 0.031015863942026163, 0.027661254867262612, 0.026348044348028468, 0.7827782957908708, 0.015134293892217997], [0.5473243269997439, 0.038272838362172636, 0.34030754460529733, 0.017615654979887364, 0.041625671284659015, 0.014853963768239789], [0.8114178360003572, 0.0519193783219264, 0.052143475598736146, 0.021941009888085356, 0.04802174335581161, 0.014556556835083305], [0.8404581537983624, 0.04254833303901514, 0.030531077817133517, 0.021626452364253118, 0.050283320165149366, 0.014552662816086148], [0.9182382375514643, 0.016291946554804627, 0.012126825759341257, 0.012453960071467412, 0.027204212537869962, 0.013684817525052436], [0.9180453928516643, 0.016331279950912717, 0.012218870072096948, 0.012541864396379812, 0.027105447768062584, 0.013757144960883571], [0.9179627636918383, 0.016348133333333334, 0.012258308771929825, 0.012579529214340197, 0.0270631295194508, 0.013788135469107551], [0.9179627636918383, 0.016348133333333334, 0.012258308771929825, 0.012579529214340197, 0.0270631295194508, 0.013788135469107551], [0.9181324409473114, 0.016313525264213532, 0.012177322224793643, 0.012502185296613438, 0.02715002915991669, 0.013724497107151122], [0.8979576975569823, 0.029312984964348733, 0.012556569876273072, 0.01388713948816863, 0.03179871411968982, 0.01448689399453744], [0.8944329036254505, 0.02910711691779959, 0.015425733960108379, 0.01388066232871903, 0.032661193398002775, 0.014492389769919569], [0.8790928854857576, 0.034603798932271064, 0.016765681435492105, 0.014751179730007048, 0.0392376896758061, 0.015548764740665983], [0.8784649173974665, 0.03500315706244506, 0.016696485799526973, 0.014629069185214278, 0.03975876619695676, 0.015447604358390522], [0.8919661923493378, 0.027296009188635263, 0.012790712644079489, 0.014605362696693602, 0.03791375799586502, 0.015427965125388736], [0.9101699619047617, 0.017885510144927536, 0.012335033954451347, 0.012770975983436853, 0.03242729068322982, 0.014411227329192547]], [[0.9180453928516643, 0.016331279950912717, 0.012218870072096948, 0.012541864396379812, 0.027105447768062584, 0.013757144960883571], [0.07976060818355851, 0.023464116288008506, 0.012953825431809948, 0.01548970304085299, 0.8532669370449111, 0.01506481001085894], [0.8948706564696027, 0.029029757307025984, 0.012958583853784404, 0.014706412509287906, 0.03393480968329918, 0.014499780176999693], [0.8962495709254458, 0.028279934920321582, 0.01297460619448074, 0.014808794017406014, 0.033158643077465806, 0.01452845086488003], [0.8882476162929608, 0.024365369915485914, 0.017272065544193194, 0.013891899411530267, 0.04174259672533407, 0.014480452110495867], [0.9179627636918383, 0.016348133333333334, 0.012258308771929825, 0.012579529214340197, 0.0270631295194508, 0.013788135469107551], [0.9123114116441875, 0.0210138803771168, 0.01215106161554762, 0.013259823127771044, 0.02750138534092702, 0.013762437894450044], [0.9062167555513804, 0.023322886743639182, 0.012440605662967872, 0.013792427826231688, 0.0305187638355999, 0.01370856038018095], [0.894604241579797, 0.03208131312273154, 0.012458136926194793, 0.014616285965615011, 0.032500091242293985, 0.013739931163367584], [0.06154758701077027, 0.03318521326569019, 0.012548276729721636, 0.016803976434533574, 0.8616536179757597, 0.01426132858352461], [0.8972122287001256, 0.03061801471562449, 0.01246800301788969, 0.015134228714815113, 0.030809939111923847, 0.013757585739621096], [0.8800307912065645, 0.039202905596772385, 0.012487253152713727, 0.016339208764435575, 0.038147808974459144, 0.013792032305054613], [0.8501260199596349, 0.05731564907363701, 0.012478199659741408, 0.018734693731458738, 0.047569605766777684, 0.013775831808750376], [0.0700126826419897, 0.04518783940715753, 0.01261328359186849, 0.017990903920396734, 0.839885207856804, 0.01431008258178339], [0.7296991938689584, 0.19761300973274434, 0.012454656542337916, 0.015006717508258821, 0.03149271905085711, 0.013733703296843244], [0.8800219554347053, 0.04118293765476912, 0.012976287392283448, 0.016191621356310214, 0.035095738929024865, 0.014531459232906906], [0.08264838710869812, 0.041133719203052525, 0.013101039107069652, 0.018373928068836285, 0.829579112162632, 0.015163814349711296], [0.10288422674557583, 0.05765305900689559, 0.013151488450605707, 0.01736740964393759, 0.793746073542917, 0.015197742610068302], [0.8665349493458903, 0.04254360953867482, 0.01292946462020795, 0.01961228136296366, 0.04390308621392642, 0.014476608918336843], [0.8876769058584948, 0.03414792665286196, 0.012993120767893747, 0.01631581659027505, 0.03430464892804736, 0.014561581202426985], [0.856550038105713, 0.05471154022497371, 0.012999502085766898, 0.01849214198892581, 0.04267377753795291, 0.01457300005666769], [0.8271338484613928, 0.07255151200809437, 0.012971951196828372, 0.019752354873471968, 0.053066633499738704, 0.014523699960473693], [0.8247190477470276, 0.07232193874195568, 0.012988584029024535, 0.021380976262658544, 0.0540359901456231, 0.014553463073710407], [0.13426920942727136, 0.07802640425892787, 0.01305714390920951, 0.017804699294768165, 0.741708249217605, 0.015134293892217997], [0.7865378170147126, 0.10068057705981921, 0.01298410178187284, 0.021251415682083608, 0.0640006460079793, 0.014545442453532344], [0.6362939687896202, 0.19223870536800164, 0.02209653764575157, 0.024605634599821152, 0.10868217669479306, 0.01608297690201248], [0.3554511532070253, 0.09480221120174394, 0.012975059889211044, 0.02445785101826195, 0.4972346340470521, 0.015079090636705521], [0.7756514651308279, 0.10670213528014004, 0.016913430710415987, 0.020923342588336606, 0.06524488250762862, 0.014564743782650661], [0.81268352415544, 0.07656977059781016, 0.012988584029024535, 0.021380976262658544, 0.0618236818813563, 0.014553463073710407], [0.5939056333905844, 0.04864639291361221, 0.03781058995224118, 0.02680256283682335, 0.2783081636945752, 0.014526657212163738], [0.8579031107857695, 0.03477178260127557, 0.021725803603004808, 0.017970349673789653, 0.053106018372305996, 0.014522934963854423], [0.06741070694890461, 0.02554201428903027, 0.014991873988827169, 0.015474877270391771, 0.8615321542312826, 0.015048373271563619], [0.9179627636918383, 0.016348133333333334, 0.012258308771929825, 0.012579529214340197, 0.0270631295194508, 0.013788135469107551], [0.8960478681919388, 0.027951353864893967, 0.013501435675934642, 0.014115727196016715, 0.03396580460974053, 0.014417810461475273], [0.07059921865697429, 0.033462389057811355, 0.013020094516155828, 0.01784683775643383, 0.8499620826280456, 0.015109377384579084], [0.8971956266901248, 0.026071310542472748, 0.012938811963325093, 0.014570161356592854, 0.034755137488805, 0.014468951958679553], [0.8812755294838723, 0.03370115449373837, 0.013463851458360312, 0.015889086189429434, 0.04015197284372937, 0.015518405530870114], [0.8808123068430774, 0.03400609258399423, 0.013337277215661568, 0.015814224306571166, 0.040594459285700116, 0.01543563976499559], [0.8783430039435407, 0.03508068827766218, 0.016683052188592944, 0.014605362696693602, 0.03985992776812175, 0.015427965125388736], [0.9101699619047617, 0.017885510144927536, 0.012335033954451347, 0.012770975983436853, 0.03242729068322982, 0.014411227329192547]], [[0.9179902057160324, 0.016342536145499006, 0.012245210759590402, 0.012567020327067094, 0.027077183860614397, 0.013777843191196699], [0.8881900030324462, 0.024384761435946117, 0.017263755209768954, 0.013870388336408745, 0.04182985244422466, 0.014461239541205363], [0.8948706564696027, 0.029029757307025984, 0.012958583853784404, 0.014706412509287906, 0.03393480968329918, 0.014499780176999693], [0.8971996113857608, 0.02606673069541842, 0.012943247561519607, 0.014573477035295424, 0.03474459620448775, 0.01447233711751799], [0.07933613133275995, 0.02547578534920481, 0.0150394065243438, 0.01551720161299889, 0.8495361786016962, 0.015095296578996362], [0.9179627636918383, 0.016348133333333334, 0.012258308771929825, 0.012579529214340197, 0.0270631295194508, 0.013788135469107551], [0.9234340184693232, 0.015264011891208096, 0.011872639342188488, 0.012139002403542062, 0.024149122580645162, 0.013141205313092978], [0.06631224597069334, 0.022712960208673194, 0.014264840271888169, 0.014651609503046161, 0.8677482614639158, 0.014310082581783392], [0.8957031518346407, 0.030177514118468952, 0.012449898044518086, 0.014751572953920638, 0.03319267470010147, 0.013725188348349933], [0.8958844698409998, 0.02891423956806103, 0.01246800301788969, 0.018275076230568073, 0.030700625602860278, 0.013757585739621096], [0.879415356587754, 0.03930710701211416, 0.012473058990422555, 0.01622979150828567, 0.038808052906275405, 0.013766632995148156], [0.8600363663913518, 0.051723803319471344, 0.012492635392375176, 0.017485366637758383, 0.044460164869719744, 0.01380166338932346], [0.6714776394438954, 0.23322890793799142, 0.012498110695136306, 0.019307495582872362, 0.04967638533759266, 0.013811461002511813], [0.6831886997602806, 0.2295667775868787, 0.012457305619397011, 0.01576644018430437, 0.04528233324231425, 0.013738443606824897], [0.0700126826419897, 0.213388803398587, 0.01261328359186849, 0.017990903920396734, 0.6716842438653745, 0.01431008258178339], [0.8609570499167789, 0.04864305606890839, 0.012966023948221498, 0.01735164410202483, 0.04556913233746219, 0.014513093626604152], [0.8378672696295967, 0.06139440316219836, 0.012971951196828372, 0.018904979518087464, 0.05433769653281548, 0.014523699960473693], [0.11056152287582666, 0.0740701588770116, 0.013151488450605707, 0.019612549344043127, 0.7674065378424445, 0.015197742610068302], [0.09725680694547952, 0.058407956784957284, 0.013151488450605707, 0.019700730048855558, 0.7962852751600334, 0.0151977426100683], [0.86834867808482, 0.041251427900867284, 0.012966023948221498, 0.01735164410202483, 0.04556913233746219, 0.014513093626604152], [0.8247190477470276, 0.07232193874195568, 0.012988584029024535, 0.021380976262658544, 0.0540359901456231, 0.014553463073710407], [0.1302846408205642, 0.07467122088827215, 0.013023074387937164, 0.01948556612915566, 0.7474241163621141, 0.015111381411956672], [0.8207072041520729, 0.0827419676490817, 0.012963386868243078, 0.017801411916319072, 0.05127765462985142, 0.014508374784431857], [0.10563640866722453, 0.06582773756206083, 0.013103943861919978, 0.01790532168411512, 0.7823608203653301, 0.015165767859349429], [0.5742455150682524, 0.3066628820214886, 0.012994888145713026, 0.020923342588336606, 0.07060862839355851, 0.014564743782650661], [0.7724411876501176, 0.10954009162621978, 0.013001299667109925, 0.02125992987351074, 0.06918127449937793, 0.014576216683663847], [0.7759332078874026, 0.10988817306583684, 0.015169629922752528, 0.02125992987351074, 0.06317284256683339, 0.014576216683663847], [0.5672497107073745, 0.3257068409536165, 0.012977976326459396, 0.02361476803039296, 0.05591622253760622, 0.014534481444550435], [0.12121540171655114, 0.07444229914208078, 0.01305714390920951, 0.019520227675727586, 0.7566306336642131, 0.015134293892217997], [0.1350753091425505, 0.07843781762214844, 0.013012632638396946, 0.017793504202099873, 0.7405763772822901, 0.015104359112514263], [0.8123759993863796, 0.06863175574270054, 0.012988584029024535, 0.02323973510672779, 0.06821046266145697, 0.014553463073710407], [0.8681244561889193, 0.03477178260127557, 0.021725803603004808, 0.017970349673789653, 0.042884672969156185, 0.014522934963854423], [0.9182382375514643, 0.016291946554804627, 0.012126825759341257, 0.012453960071467412, 0.027204212537869962, 0.013684817525052436], [0.0789175829295982, 0.025433356680565115, 0.015069857596101174, 0.015544316126874597, 0.8499095293097848, 0.015125357357075996], [0.8858529060995016, 0.03072925285779045, 0.012940773556309678, 0.017698127332371166, 0.038311030069520836, 0.01446791008450624], [0.0705753049630663, 0.03345582091719584, 0.013023074387937164, 0.01784756319419355, 0.8499868551256503, 0.015111381411956672], [0.8793879759624285, 0.034734356623696463, 0.013426399102256629, 0.015743756876695433, 0.041237717935684905, 0.015469793499238065], [0.8807020574360863, 0.034078669441554445, 0.01330715188505616, 0.015796406787597604, 0.04069977336910732, 0.015415941080598053], [0.8783430039435407, 0.03508068827766218, 0.016683052188592944, 0.014605362696693602, 0.03985992776812175, 0.015427965125388736], [0.9101699619047617, 0.017885510144927536, 0.012335033954451347, 0.012770975983436853, 0.03242729068322982, 0.014411227329192547]], [[0.9179902057160324, 0.016342536145499006, 0.012245210759590402, 0.012567020327067094, 0.027077183860614397, 0.013777843191196699], [0.06935089776125163, 0.023397120175529147, 0.01888007225349747, 0.018464154960386954, 0.8547714801323627, 0.015136274716972015], [0.07061615390614666, 0.02999443655619148, 0.013137157002097923, 0.016550328353747173, 0.8545138197767713, 0.015188104405045522], [0.07263573898745317, 0.03459989278363045, 0.013151488450605708, 0.016912980094523147, 0.8475021570737192, 0.015197742610068302], [0.8947722104692202, 0.028614099908241798, 0.013806005787197312, 0.014417603046584574, 0.03396641228253529, 0.01442366850622067], [0.9179627636918383, 0.016348133333333334, 0.012258308771929825, 0.012579529214340197, 0.0270631295194508, 0.013788135469107551], [0.9006451735891491, 0.02942586558872315, 0.013232563341322619, 0.013742963047397935, 0.029209037970819446, 0.01374439646258773], [0.8889898624718774, 0.028752943431410383, 0.012449898044518088, 0.024883831965624725, 0.031198275738219476, 0.013725188348349935], [0.05801156198647975, 0.024900452500089987, 0.01261328359186849, 0.014946920962387429, 0.8752176983773908, 0.01431008258178339], [0.04773986438962682, 0.015264011891208096, 0.011872639342188488, 0.012139002403542062, 0.024149122580645162, 0.8888353593927893], [0.0668765398474029, 0.054157207799675845, 0.01261328359186849, 0.01610921824364464, 0.8359336679356247, 0.01431008258178339], [0.830162431084792, 0.07242475152312365, 0.012469403519284168, 0.01919292417695716, 0.051990397871804046, 0.013760091824038975], [0.822977785914385, 0.0771046919068909, 0.012488743746730622, 0.0208290602853472, 0.05280501854368396, 0.013794699602962241], [0.10300697591747905, 0.06693950090185254, 0.01261328359186849, 0.016491504831874185, 0.7866386521751423, 0.01431008258178339], [0.8458977132152836, 0.06260424389268844, 0.012457305619397011, 0.01576644018430437, 0.049535853481501475, 0.013738443606824899], [0.09820180801590647, 0.0621194788424082, 0.0131111940417197, 0.019573133082698035, 0.7918237422572495, 0.015170643760018074], [0.8015655203449987, 0.08919751222793401, 0.012977976326459396, 0.021086203755735524, 0.06063830590032204, 0.014534481444550435], [0.794154346458954, 0.09093805966678024, 0.01298410178187284, 0.021414642824272884, 0.06596340681458766, 0.014545442453532346], [0.11077060893746844, 0.0741955491496653, 0.013137157002097923, 0.01961303684253864, 0.7670955436631842, 0.015188104405045522], [0.1118927944910468, 0.0680681970897569, 0.013080630532086772, 0.019519782491091705, 0.7722885062485983, 0.015150089147419225], [0.7847563554512038, 0.09951814057818463, 0.012994888145713026, 0.020923342588336606, 0.06724252945391117, 0.014564743782650661], [0.7870550168511724, 0.09548643829126427, 0.01298410178187284, 0.021251415682083608, 0.06867758494007456, 0.014545442453532344], [0.12956427656465336, 0.0743121503117358, 0.013064502210938965, 0.019485010247110107, 0.7484348181583694, 0.015139242507192221], [0.7782913892664969, 0.09304140853717163, 0.012963386868243078, 0.024058953002235442, 0.0771364875414209, 0.014508374784431856], [0.56801156558328, 0.10697177583195609, 0.012994888145713026, 0.020923342588336606, 0.2765336840680635, 0.014564743782650661], [0.1393232769428371, 0.31562743097436535, 0.012953825431809948, 0.024474567239757626, 0.49255608940037116, 0.01506481001085894], [0.6343204145779875, 0.19200742948382593, 0.017297563049105853, 0.024605634599821152, 0.11568598138724707, 0.01608297690201248], [0.4006639349705587, 0.05937287162088246, 0.012999157179828164, 0.017227527066098675, 0.49464121258363575, 0.015095296578996362], [0.7625564720561244, 0.12165729359965682, 0.012977976326459396, 0.02361476803039296, 0.06465900854281613, 0.014534481444550437], [0.5777058764642842, 0.10026620755642279, 0.013001299667109925, 0.02125992987351074, 0.27319046975500844, 0.014576216683663847], [0.7810918129225565, 0.09735842121737286, 0.012994888145713026, 0.024735980361900455, 0.06925415356980646, 0.014564743782650661], [0.8186540156691168, 0.06863175574270056, 0.012988584029024535, 0.02323973510672779, 0.06193244637871996, 0.014553463073710407], [0.09652701388066508, 0.02345072861082448, 0.016745113365146874, 0.01738761075703927, 0.8308104427496187, 0.015079090636705521], [0.8854804310716449, 0.03087884351922606, 0.012960192214672955, 0.016037849260531804, 0.040140025724687625, 0.014502658209236588], [0.8854096047038096, 0.030395551255475092, 0.012970289780364483, 0.016918240860935078, 0.03978558640985689, 0.014520726989559004], [0.8874706308338794, 0.029552253852684417, 0.01292361201744649, 0.015411831352028105, 0.04017859349901178, 0.014463078444949781], [0.8811831130185954, 0.033761991978670705, 0.013438598927341486, 0.01587415067033251, 0.04024025227849456, 0.015501893126565094], [0.8789501757639568, 0.035018677203863896, 0.013315640123930115, 0.01567596497700499, 0.0416426199987693, 0.015396921932474866], [0.8783430039435407, 0.03508068827766218, 0.016683052188592944, 0.014605362696693602, 0.03985992776812175, 0.015427965125388736], [0.9101699619047617, 0.017885510144927536, 0.012335033954451347, 0.012770975983436853, 0.03242729068322982, 0.014411227329192547]], [[0.9179902057160324, 0.016342536145499006, 0.012245210759590402, 0.012567020327067094, 0.027077183860614397, 0.013777843191196699], [0.8995897481419616, 0.0263850732035628, 0.013861008215568536, 0.013911108446915722, 0.031744806666995515, 0.014508255324995972], [0.8855378451906611, 0.03365548391863592, 0.012948806204106308, 0.0154273459669058, 0.037948234859080596, 0.014482283860610158], [0.06628849417365827, 0.02539844950236235, 0.015094910491286886, 0.015566623948403902, 0.8625014327368692, 0.015150089147419225], [0.9098305554240631, 0.017957201972386587, 0.012669470216962525, 0.01308477593688363, 0.03181061420118344, 0.01464738224852071], [0.09638474462440397, 0.02334672090692435, 0.016813281018311373, 0.017439281457454586, 0.8308259364115214, 0.015190035581384334], [0.05801156198647975, 0.024900452500089987, 0.01261328359186849, 0.014946920962387429, 0.8752176983773908, 0.01431008258178339], [0.04773986438962682, 0.015264011891208096, 0.011872639342188488, 0.012139002403542062, 0.024149122580645162, 0.8888353593927893], [0.07792845646006397, 0.036695352859841296, 0.01261328359186849, 0.01610921824364464, 0.842343606262798, 0.01431008258178339], [0.04773986438962682, 0.015264011891208096, 0.011872639342188488, 0.012139002403542062, 0.024149122580645162, 0.8888353593927893], [0.04773986438962682, 0.015264011891208096, 0.011872639342188488, 0.012139002403542062, 0.024149122580645162, 0.8888353593927893], [0.08020589814050691, 0.23772443789347705, 0.012613283591868491, 0.016036096862234714, 0.6391102009301295, 0.014310082581783392], [0.4801186793505772, 0.3723185941037835, 0.016442495055473245, 0.028702942298523035, 0.08704706513875525, 0.015370224052887784], [0.28634090575063637, 0.04750803987605239, 0.01261328359186849, 0.016036096862234714, 0.6231915913374246, 0.01431008258178339], [0.6521563998847225, 0.08095499210989383, 0.012483427172061846, 0.019193227651308938, 0.22142676716110518, 0.013785186020907664], [0.5751097716697089, 0.3125165283165973, 0.012977976326459396, 0.023777995172582236, 0.06108324707010192, 0.014534481444550437], [0.11358801388721952, 0.07291148241788559, 0.012975059889211046, 0.019486210391775192, 0.765960142777203, 0.015079090636705523], [0.37794342849973017, 0.40151786548650603, 0.017297563049105853, 0.03500930789217394, 0.15214885817047152, 0.016082976902012477], [0.5819097272121234, 0.09816176693171938, 0.013001299667109925, 0.021423157015700016, 0.27092783248968333, 0.014576216683663847], [0.7969216217348346, 0.08469817920566214, 0.012977976326459396, 0.019163495600845015, 0.07170424568764842, 0.014534481444550435], [0.7448697194770324, 0.1300374376701376, 0.013001299667109925, 0.02585266906579227, 0.0716626574362639, 0.014576216683663847], [0.4023071164899431, 0.1811457704645771, 0.017297563049105853, 0.024605634599821152, 0.35856093849454024, 0.016082976902012477], [0.582314493420323, 0.29959290636048785, 0.01298410178187284, 0.021251415682083608, 0.06931164030170035, 0.014545442453532346], [0.1338438663699151, 0.07780931967939932, 0.013080630532086772, 0.017810606448501954, 0.7423054878226775, 0.015150089147419225], [0.7908696829317637, 0.08547562541002632, 0.012988584029024535, 0.019744831744312855, 0.0763678128111621, 0.014553463073710407], [0.5734510207444615, 0.09951814057818462, 0.012994888145713026, 0.020923342588336606, 0.27854786416065336, 0.014564743782650661], [0.7954706939497553, 0.08416500166949009, 0.013019313840407967, 0.0194738160287075, 0.07326272291612065, 0.014608451595518431], [0.05580394125336408, 0.016323493118031523, 0.01220064805843906, 0.012524461976163014, 0.027125000230680506, 0.8760224553633217], [0.819492101623548, 0.07410960850334047, 0.013257876909279709, 0.020222364455667108, 0.05794547234213601, 0.014972576166028529], [0.7097924032190507, 0.12549007402078383, 0.017297563049105853, 0.024605634599821152, 0.10673134820922604, 0.016082976902012477], [0.12081848323124383, 0.08608850598877105, 0.012975059889211046, 0.019486210391775192, 0.7455526498622934, 0.015079090636705523], [0.7904218861884272, 0.09757534876320847, 0.012977976326459396, 0.023099469868764405, 0.061390837408590124, 0.014534481444550435], [0.8209195259922392, 0.06863175574270056, 0.012988584029024535, 0.02323973510672779, 0.05966693605559758, 0.014553463073710407], [0.8520392859419432, 0.05192375357223712, 0.012982384640623998, 0.01866202272721406, 0.049850183350377344, 0.014542369767604297], [0.0704235266537475, 0.02705754145412799, 0.013012632638396946, 0.016562662015310245, 0.857839278125903, 0.015104359112514263], [0.07023327346650445, 0.027028988514657924, 0.013036449435830096, 0.01657324169551417, 0.8580076704703414, 0.015120376417151823], [0.8694941024450846, 0.03545267104290709, 0.013384232656080661, 0.01668643349859096, 0.049555249238170215, 0.015427311119166585], [0.08942026466154837, 0.03213052834252075, 0.01357614478651018, 0.01826600127177111, 0.8302675877590345, 0.016339473178615102], [0.8852351550870718, 0.03150707139738181, 0.014510126056532454, 0.014578119227646492, 0.03878099538346907, 0.01538853284789826], [0.9101699619047617, 0.017885510144927536, 0.012335033954451347, 0.012770975983436853, 0.03242729068322982, 0.014411227329192547]], [[0.9179902057160324, 0.016342536145499006, 0.012245210759590402, 0.012567020327067094, 0.027077183860614397, 0.013777843191196699], [0.8882740773555163, 0.032517191741951446, 0.01647635286342733, 0.014238535254245227, 0.033952727269914725, 0.014541115514944893], [0.8920906915617295, 0.030541804112645107, 0.015172992947171757, 0.014513825002239616, 0.03316513274741842, 0.014515553628795728], [0.9181324409473114, 0.016313525264213532, 0.012177322224793643, 0.012502185296613438, 0.02715002915991669, 0.013724497107151122], [0.8634721826572279, 0.03871464292312233, 0.020486792730403616, 0.018018273431648118, 0.04475544544151175, 0.014552662816086148], [0.8247049307865009, 0.060486784066706135, 0.012971951196828374, 0.01698227136319696, 0.07033036262629398, 0.014523699960473695], [0.04773986438962682, 0.015264011891208096, 0.011872639342188488, 0.012139002403542062, 0.024149122580645162, 0.8888353593927893], [0.8821384649274381, 0.03489006101908968, 0.012487253152713727, 0.015606398222704734, 0.04108579037299905, 0.013792032305054613], [0.8524078986284358, 0.0579452332993003, 0.012457305619397011, 0.01576644018430437, 0.04768467866173748, 0.013738443606824899], [0.08031282006502728, 0.036695352859841296, 0.01261328359186849, 0.01610921824364464, 0.8399592426578348, 0.01431008258178339], [0.04773986438962682, 0.015264011891208096, 0.011872639342188488, 0.012139002403542062, 0.024149122580645162, 0.8888353593927893], [0.04773986438962682, 0.015264011891208096, 0.011872639342188488, 0.012139002403542062, 0.024149122580645162, 0.8888353593927893], [0.04773986438962682, 0.015264011891208096, 0.011872639342188488, 0.012139002403542062, 0.024149122580645162, 0.8888353593927893], [0.0501796131986532, 0.01560431164983165, 0.011993698855218855, 0.012277281346801347, 0.025063813333333337, 0.8848812816161615], [0.8574322546898396, 0.048164669281132395, 0.012492635392375176, 0.015882915065444102, 0.05222586218188512, 0.01380166338932346], [0.8372968184066752, 0.05900298699527678, 0.013005992795839172, 0.017094499403865083, 0.0590150877389077, 0.014584614659435842], [0.7926273980233558, 0.09623290664894502, 0.012994888145713026, 0.02108656973052588, 0.06249349366880946, 0.014564743782650661], [0.7911455294255907, 0.09689487875242876, 0.013019313840407968, 0.021923008364644822, 0.06240881802140925, 0.014608451595518431], [0.7976704728375391, 0.08665953921998887, 0.012977976326459396, 0.01916349560084502, 0.06899403457061715, 0.014534481444550435], [0.11592155525991597, 0.05345209506297545, 0.013080630532086772, 0.04045968459399296, 0.7619359454036096, 0.015150089147419225], [0.14391741440570835, 0.08676530300226537, 0.013012632638396944, 0.019430931102684665, 0.7217693597384304, 0.015104359112514263], [0.7766209663858008, 0.10418475012112574, 0.013001299667109925, 0.02125992987351074, 0.07035683726878882, 0.014576216683663847], [0.7927636216072689, 0.09083672163643199, 0.012994888145713026, 0.019062992535766873, 0.06977703229216829, 0.014564743782650661], [0.106887088746141, 0.0665010755103293, 0.013012632638396946, 0.017883644478130355, 0.7806111995144881, 0.015104359112514263], [0.6418505265364814, 0.055415839359686074, 0.012982384640623998, 0.01836019028642924, 0.2568486894091748, 0.014542369767604296], [0.8148868680461456, 0.06632411240982722, 0.01300599279583917, 0.01794187475924959, 0.07325653732950238, 0.014584614659435842], [0.055670072473760816, 0.016334806404657932, 0.0122271223473531, 0.012549745499118976, 0.027096592967133994, 0.8761216603079751], [0.06332147059874889, 0.01743735728328865, 0.012645793386952636, 0.013022129401251116, 0.029990851474530837, 0.8635823978552278], [0.0555123765064836, 0.016348133333333334, 0.012258308771929825, 0.012579529214340197, 0.0270631295194508, 0.8762385226544621], [0.056177227996582, 0.01629194655480463, 0.012126825759341257, 0.012453960071467412, 0.027204212537869962, 0.8757458270799346], [0.78710084482998, 0.09519818231716204, 0.012977976326459396, 0.0211767617138739, 0.06901175336797431, 0.014534481444550435], [0.11835168680762503, 0.06035725905823047, 0.01305714390920951, 0.017894211415564985, 0.775205404917152, 0.015134293892217997], [0.8520392859419432, 0.05192375357223712, 0.012982384640623998, 0.01866202272721406, 0.049850183350377344, 0.014542369767604297], [0.8843615456420613, 0.03109532516982829, 0.012976287392283448, 0.017233099033959306, 0.03980228352896057, 0.014531459232906906], [0.8843615456420613, 0.03109532516982829, 0.012976287392283448, 0.017233099033959306, 0.03980228352896057, 0.014531459232906906], [0.8854096047038096, 0.030395551255475092, 0.012970289780364483, 0.016918240860935078, 0.03978558640985689, 0.014520726989559004], [0.868638523874863, 0.03543299778565008, 0.013507396344335199, 0.01827955783341853, 0.04860983784739481, 0.01553168631433838], [0.08976819144247532, 0.032193785626210294, 0.013547206375511472, 0.01826036649548177, 0.829906184468396, 0.016324265591924993], [0.8853229911558625, 0.03144720948688796, 0.014534303430789399, 0.014601960418115484, 0.03868516845944697, 0.015408367048897526], [0.9101345109188298, 0.01789299835187474, 0.012369965801400906, 0.012803752369180058, 0.03236287886279358, 0.014435893695920889]], [[0.9179902057160324, 0.016342536145499006, 0.012245210759590402, 0.012567020327067094, 0.027077183860614397, 0.013777843191196699], [0.8920906915617295, 0.030541804112645107, 0.015172992947171757, 0.014513825002239616, 0.03316513274741842, 0.014515553628795728], [0.0795334751330089, 0.025495790286855065, 0.015025048972918778, 0.01550441723449042, 0.8493601453233386, 0.015081123049388164], [0.9181009878367974, 0.016319940569668977, 0.012192334719014626, 0.012516522555812162, 0.027133920554272516, 0.01373629376443418], [0.8188248151890577, 0.044812702797719386, 0.030594232087031166, 0.023194383904218345, 0.06804720880980959, 0.014526657212163736], [0.1169323771744048, 0.08519943603171844, 0.013036449435830096, 0.017799494398503132, 0.7519118665423916, 0.015120376417151823], [0.6909999477741966, 0.0408006429790141, 0.012478199659741408, 0.01583532347056682, 0.22611005430773054, 0.013775831808750374], [0.8484755015091516, 0.053645584168444525, 0.012478199659741408, 0.018734693731458738, 0.0528901891224534, 0.013775831808750376], [0.2683560153313341, 0.06838862951062633, 0.01261328359186849, 0.017864211416516996, 0.6184677775678707, 0.01431008258178339], [0.8495282047281072, 0.051864752632164286, 0.012464407349172674, 0.015789853103827457, 0.05660163060660112, 0.013751151580127142], [0.04773986438962682, 0.015264011891208096, 0.011872639342188488, 0.012139002403542062, 0.024149122580645162, 0.8888353593927893], [0.8566328059181341, 0.05157027348931025, 0.012492635392375176, 0.0158829150654441, 0.04961970674541296, 0.013801663389323458], [0.6610139136635773, 0.23684818960740525, 0.012469403519284168, 0.01759857225345213, 0.05830982913224216, 0.013760091824038975], [0.09709209961969888, 0.04699682725329025, 0.01261328359186849, 0.01610921824364464, 0.8128784887097144, 0.01431008258178339], [0.8730392427895675, 0.03575999844400963, 0.0124594923441609, 0.02622840412097325, 0.03877050572666623, 0.013742356574622418], [0.056795991785150074, 0.016239654660347554, 0.012004457187993681, 0.01233709541864139, 0.027335515639810425, 0.8752872853080569], [0.8189846515787048, 0.0652791981739544, 0.01301259573532456, 0.01929189517978057, 0.06883522924453822, 0.014596430087697312], [0.7649239608316571, 0.11970767207620724, 0.013001299667109925, 0.026015896207981545, 0.0617749545333803, 0.014576216683663847], [0.10882353839651808, 0.0618252362235781, 0.013502494329403585, 0.01849923281550608, 0.7813699593967673, 0.015979538838226726], [0.7857206703336143, 0.10736589074931648, 0.01298410178187284, 0.024106434241119593, 0.055277460440544435, 0.014545442453532344], [0.6768667463581975, 0.12549007402078383, 0.017297563049105853, 0.024605634599821152, 0.13965700507007908, 0.016082976902012477], [0.8048379535046717, 0.07629837859005237, 0.013019313840407967, 0.0194738160287075, 0.07176208644064186, 0.014608451595518431], [0.056057627255129694, 0.016302054045683315, 0.01215047835849787, 0.012476548819202477, 0.02717883298490128, 0.8758344585365853], [0.8193378944065333, 0.0697042422717516, 0.012988584029024535, 0.017884481691743122, 0.065531334527237, 0.014553463073710407], [0.857319636995129, 0.04970372203781382, 0.0129995020857669, 0.017608409367662302, 0.04779572945696016, 0.01457300005666769], [0.056532020078431375, 0.016261962980392158, 0.012056661019607843, 0.012386951215686275, 0.027279500235294123, 0.8754829044705882], [0.1296180632963674, 0.04370382879046315, 0.013101039107069652, 0.017350998879817132, 0.7810622555765714, 0.015163814349711296], [0.14007980983703683, 0.0629395899020602, 0.013692226415320896, 0.01852821192063725, 0.7486705814407628, 0.016089580484181895