{"prediction": [[[0.9054730673316708, 0.02339285120532003, 0.012601995012468828, 0.01350058187863674, 0.030628428927680793, 0.014403075644222777], [0.9054689626556016, 0.023386224066390043, 0.012613278008298756, 0.013510373443983401, 0.030609792531120332, 0.014411369294605809], [0.9054730673316708, 0.02339285120532003, 0.012601995012468828, 0.01350058187863674, 0.030628428927680793, 0.014403075644222777], [0.9054730673316708, 0.02339285120532003, 0.012601995012468828, 0.01350058187863674, 0.030628428927680793, 0.014403075644222777], [0.9054730673316708, 0.02339285120532003, 0.012601995012468828, 0.01350058187863674, 0.030628428927680793, 0.014403075644222777], [0.9054730673316708, 0.02339285120532003, 0.012601995012468828, 0.01350058187863674, 0.030628428927680793, 0.014403075644222777], [0.9054730673316708, 0.02339285120532003, 0.012601995012468828, 0.01350058187863674, 0.030628428927680793, 0.014403075644222777], [0.9054730673316708, 0.02339285120532003, 0.012601995012468828, 0.01350058187863674, 0.030628428927680793, 0.014403075644222777], [0.9054730673316708, 0.02339285120532003, 0.012601995012468828, 0.01350058187863674, 0.030628428927680793, 0.014403075644222777], [0.9054730673316708, 0.02339285120532003, 0.012601995012468828, 0.01350058187863674, 0.030628428927680793, 0.014403075644222777], [0.9054730673316708, 0.02339285120532003, 0.012601995012468828, 0.01350058187863674, 0.030628428927680793, 0.014403075644222777], [0.9054730673316708, 0.02339285120532003, 0.012601995012468828, 0.01350058187863674, 0.030628428927680793, 0.014403075644222777], [0.9054689626556016, 0.023386224066390043, 0.012613278008298756, 0.013510373443983401, 0.030609792531120332, 0.014411369294605809], [0.9054689626556016, 0.023386224066390043, 0.012613278008298756, 0.013510373443983401, 0.030609792531120332, 0.014411369294605809], [0.9124755944055943, 0.02128, 0.012202097902097902, 0.012958041958041958, 0.027366993006993003, 0.013717272727272727], [0.9054689626556016, 0.023386224066390043, 0.012613278008298756, 0.013510373443983401, 0.030609792531120332, 0.014411369294605809], [0.9054689626556016, 0.023386224066390043, 0.012613278008298756, 0.013510373443983401, 0.030609792531120332, 0.014411369294605809], [0.9054730673316708, 0.02339285120532003, 0.012601995012468828, 0.01350058187863674, 0.030628428927680793, 0.014403075644222777], [0.9054730673316708, 0.02339285120532003, 0.012601995012468828, 0.01350058187863674, 0.030628428927680793, 0.014403075644222777], [0.9054730673316708, 0.02339285120532003, 0.012601995012468828, 0.01350058187863674, 0.030628428927680793, 0.014403075644222777], [0.9054730673316708, 0.02339285120532003, 0.012601995012468828, 0.01350058187863674, 0.030628428927680793, 0.014403075644222777], [0.9054730673316708, 0.02339285120532003, 0.012601995012468828, 0.01350058187863674, 0.030628428927680793, 0.014403075644222777], [0.9054730673316708, 0.02339285120532003, 0.012601995012468828, 0.01350058187863674, 0.030628428927680793, 0.014403075644222777], [0.9054730673316708, 0.02339285120532003, 0.012601995012468828, 0.01350058187863674, 0.030628428927680793, 0.014403075644222777], [0.9054689626556016, 0.023386224066390043, 0.012613278008298756, 0.013510373443983401, 0.030609792531120332, 0.014411369294605809], [0.9054689626556016, 0.023386224066390043, 0.012613278008298756, 0.013510373443983401, 0.030609792531120332, 0.014411369294605809], [0.9054689626556016, 0.023386224066390043, 0.012613278008298756, 0.013510373443983401, 0.030609792531120332, 0.014411369294605809], [0.9054689626556016, 0.023386224066390043, 0.012613278008298756, 0.013510373443983401, 0.030609792531120332, 0.014411369294605809], [0.9055101033537227, 0.02345264712086058, 0.012500189833368487, 0.013412233705969204, 0.030796582999367217, 0.014328242986711663], [0.8948739374498795, 0.026797380379577643, 0.012917241379310343, 0.014073082063619352, 0.03610441058540497, 0.015233948142207965], [0.8947526858383071, 0.026907759088442756, 0.012820510037981552, 0.013993597395550731, 0.036353662506782417, 0.01517178513293543], [0.8947167302452316, 0.026940490463215255, 0.012791825613079018, 0.013970027247956403, 0.036427574931880105, 0.015153351498637602], [0.8947167302452316, 0.026940490463215255, 0.012791825613079018, 0.013970027247956403, 0.036427574931880105, 0.015153351498637602], [0.8947167302452316, 0.026940490463215255, 0.012791825613079018, 0.013970027247956403, 0.036427574931880105, 0.015153351498637602], [0.8947167302452316, 0.026940490463215255, 0.012791825613079018, 0.013970027247956403, 0.036427574931880105, 0.015153351498637602], [0.8947167302452316, 0.026940490463215255, 0.012791825613079018, 0.013970027247956403, 0.036427574931880105, 0.015153351498637602], [0.8947167302452316, 0.026940490463215255, 0.012791825613079018, 0.013970027247956403, 0.036427574931880105, 0.015153351498637602], [0.8947167302452316, 0.026940490463215255, 0.012791825613079018, 0.013970027247956403, 0.036427574931880105, 0.015153351498637602], [0.8947167302452316, 0.026940490463215255, 0.012791825613079018, 0.013970027247956403, 0.036427574931880105, 0.015153351498637602], [0.8947167302452316, 0.026940490463215255, 0.012791825613079018, 0.013970027247956403, 0.036427574931880105, 0.015153351498637602]], [[0.9054689626556016, 0.023386224066390043, 0.012613278008298756, 0.013510373443983401, 0.030609792531120332, 0.014411369294605809], [0.8222416432846631, 0.053160876996502425, 0.03236454549502156, 0.019025440268719135, 0.0566530431104353, 0.016554450844658314], [0.8209017793651406, 0.054862734921088244, 0.03122395221775949, 0.021172073442834016, 0.055370351275953765, 0.016469108777224087], [0.8138717048457046, 0.05824913789628058, 0.0348670748015364, 0.020580731338782545, 0.05618025425883949, 0.01625109685885647], [0.8209017793651406, 0.054862734921088244, 0.03122395221775949, 0.021172073442834016, 0.055370351275953765, 0.016469108777224087], [0.8234278036275313, 0.05270073587942113, 0.029488663513263527, 0.020233310701057508, 0.05759503543406801, 0.016554450844658314], [0.8374907545731096, 0.054009577876772234, 0.025224559225879666, 0.01771216381399348, 0.04870893641307891, 0.016854008097165987], [0.09375497433197125, 0.038285463811836534, 0.018087473867637534, 0.018069039154428805, 0.8160857420108091, 0.015717306823316766], [0.8222064348242916, 0.05430666374892028, 0.03162681083409011, 0.018822911084488025, 0.056634625551725014, 0.016402553956484982], [0.8254818036507772, 0.05270073587942113, 0.029488663513263527, 0.020233310701057508, 0.0555410354108222, 0.016554450844658314], [0.8235683426715433, 0.05632740677650563, 0.03328763106397981, 0.01972389429702026, 0.05076780164181205, 0.01632492354913886], [0.10724885368229868, 0.05132278939348011, 0.016674211747745877, 0.019292612554782703, 0.7900751514653755, 0.015386381156316915], [0.7945140280543115, 0.06860906896090807, 0.039756306525721534, 0.02477606288623454, 0.056176472571040297, 0.01616806100178405], [0.9054689626556016, 0.023386224066390043, 0.012613278008298756, 0.013510373443983401, 0.030609792531120332, 0.014411369294605809], [0.9124755944055943, 0.02128, 0.012202097902097902, 0.012958041958041958, 0.027366993006993003, 0.013717272727272727], [0.1117637936005097, 0.0568174732129197, 0.017780354369595477, 0.020730398222155666, 0.776578571668402, 0.01632940892641737], [0.1338771749728762, 0.06831339473098746, 0.01670594049988852, 0.036656055929565896, 0.7290143333375814, 0.015433100529100529], [0.827840367512166, 0.05430666374892028, 0.03162681083409011, 0.018822911084488025, 0.05100069286385041, 0.016402553956484982], [0.8471716076939098, 0.049875188520768964, 0.022182128557531388, 0.018664269729887727, 0.04546227135984094, 0.016644534138061107], [0.8471716076939098, 0.049875188520768964, 0.022182128557531388, 0.018664269729887727, 0.04546227135984094, 0.016644534138061107], [0.8435597180193734, 0.05163561724441523, 0.024403317441911057, 0.017296154977553997, 0.04662090249868047, 0.01648428981806575], [0.08910787801820416, 0.036716061210240826, 0.017638745057226575, 0.017621333183419095, 0.8235158971702605, 0.015400085360648741], [0.8413946762966578, 0.04798430980195392, 0.02500143278984722, 0.017149211065343756, 0.052133529765311465, 0.01633684028088593], [0.10258966883012609, 0.054728817135280695, 0.02505194639289343, 0.01766393819985459, 0.7844697327536551, 0.01549589668818996], [0.11143918966205027, 0.03623466033842084, 0.017687709406258034, 0.01767078159699209, 0.8014563726892246, 0.01551128630705394], [0.9054689626556016, 0.023386224066390043, 0.012613278008298756, 0.013510373443983401, 0.030609792531120332, 0.014411369294605809], [0.9054689626556016, 0.023386224066390043, 0.012613278008298756, 0.013510373443983401, 0.030609792531120332, 0.014411369294605809], [0.8158875693523826, 0.06324135445673815, 0.03503270320485346, 0.020276699329467643, 0.04917353043048966, 0.016388143226068536], [0.8349436229562515, 0.05358702621236839, 0.024781604511016173, 0.02112278933904313, 0.049253731028849876, 0.016311225952470764], [0.787668299907839, 0.07558735751475877, 0.03746505121263427, 0.024179862151834965, 0.0572637757135395, 0.017835653499393166], [0.7817302585044398, 0.07647887641515795, 0.03852802938610236, 0.021323075291551176, 0.06423084718986984, 0.017708913212878603], [0.7865537001404717, 0.07419571015259631, 0.036495560823963824, 0.020173020626145455, 0.06478256691219332, 0.017799441344629137], [0.1288908993432041, 0.06720500699771345, 0.02895570325698829, 0.01943360195906091, 0.7388754864296103, 0.01663930201342282], [0.7890559360505617, 0.061396054385149626, 0.03793453580784592, 0.020670112868962476, 0.07330796358663794, 0.01763539730084235], [0.1356747949460343, 0.05008449886901479, 0.018241716999992743, 0.02155911574357982, 0.7578297812004667, 0.016610092240911555], [0.7807416705326219, 0.07129945496156784, 0.04141307359941804, 0.02315261868282468, 0.06577459647451181, 0.01761858574905547], [0.7489349071004167, 0.09077208787141026, 0.04348726818069172, 0.024539653483297542, 0.07490367012339356, 0.017362413240790176], [0.14140989119868164, 0.04972253695206126, 0.018255380391949936, 0.021533646281725265, 0.7524355424946169, 0.01664300268096515], [0.7709910233091148, 0.0605594235453278, 0.06321568917200138, 0.021812282840853667, 0.06590428968441522, 0.01751729144828688], [0.8947167302452316, 0.026940490463215255, 0.012791825613079018, 0.013970027247956403, 0.036427574931880105, 0.015153351498637602]], [[0.9054730673316708, 0.02339285120532003, 0.012601995012468828, 0.01350058187863674, 0.030628428927680793, 0.014403075644222777], [0.815370500863743, 0.05632740677650563, 0.03585154018390553, 0.01972389429702026, 0.056401734329686655, 0.01632492354913886], [0.784588240510752, 0.09689657759534949, 0.014513985873013236, 0.024164149652301577, 0.06344171461227241, 0.016395331756311318], [0.13468246665976977, 0.10324525746657652, 0.01334022667420115, 0.024582068000618403, 0.7087498958381854, 0.015400085360648741], [0.7814129604517216, 0.09689657759534949, 0.014513985873013236, 0.024164149652301577, 0.06661699467130282, 0.016395331756311318], [0.7898704509568991, 0.09492516883544487, 0.014636119713573776, 0.023180620940506665, 0.060809107036423456, 0.01657853251715213], [0.7951706982334774, 0.0925538130982114, 0.014657900248473741, 0.02213515526530844, 0.05887122983502702, 0.016611203319502076], [0.7890701104558913, 0.09430778321862014, 0.014457915337119534, 0.022030192673574662, 0.0638227723623236, 0.016311225952470764], [0.7933683895651243, 0.09676757589147189, 0.014636119713573776, 0.023180620940506665, 0.055468761372171396, 0.01657853251715213], [0.7876333290481238, 0.09469519193298193, 0.014533381341404139, 0.023184678498560957, 0.06352899422003148, 0.016424424958897677], [0.7919149943866357, 0.09496685768169602, 0.014614766247985578, 0.024205587288740213, 0.057751292076172564, 0.01654650231876983], [0.7623098797796068, 0.10888608321836986, 0.014494949579962904, 0.027428859123406403, 0.07051345098191796, 0.01636677731673582], [0.751115543264136, 0.12126378511360865, 0.014476262576693315, 0.028173110593099834, 0.06863255164063077, 0.016338746811831437], [0.7667293165912306, 0.07896181167633828, 0.04538697617160847, 0.027064102201312043, 0.06580795847374747, 0.016049834885762986], [0.0913702548502155, 0.05490591674014085, 0.03286546652186139, 0.01683739169098548, 0.7891182936168711, 0.014902676579925651], [0.9054689626556016, 0.023386224066390043, 0.012613278008298756, 0.013510373443983401, 0.030609792531120332, 0.014411369294605809], [0.9054689626556016, 0.023386224066390043, 0.012613278008298756, 0.013510373443983401, 0.030609792531120332, 0.014411369294605809], [0.8232955516869009, 0.055322876038169516, 0.03409983419951752, 0.019964203010495635, 0.05084842628769226, 0.016469108777224087], [0.7984444037105313, 0.09027064337854739, 0.014657900248473741, 0.02213515526530844, 0.05788069407763706, 0.016611203319502076], [0.8066985572763284, 0.08653437275040174, 0.01457329124751619, 0.020837305269533212, 0.05487218363815458, 0.01648428981806575], [0.8291580886496009, 0.07201625086249967, 0.014680120794179762, 0.02073664610105019, 0.046764359454608204, 0.016644534138061107], [0.8211858127594346, 0.07204711726729567, 0.01457329124751619, 0.020837305269533216, 0.05487218363815459, 0.016484289818065753], [0.8291580886496009, 0.07201625086249967, 0.014680120794179762, 0.02073664610105019, 0.046764359454608204, 0.016644534138061107], [0.819340458743296, 0.07402221522199888, 0.014476262576693315, 0.020725866005795155, 0.05509645064038516, 0.016338746811831437], [0.09231027721876343, 0.07860114233974926, 0.012956626257920732, 0.020567838043297607, 0.7809199902661429, 0.014644125874125873], [0.8408938723388604, 0.04932180665901545, 0.026752163433389577, 0.020097086804115878, 0.04760532749419059, 0.015329743270428202], [0.9124755944055943, 0.02128, 0.012202097902097902, 0.012958041958041958, 0.027366993006993003, 0.013717272727272727], [0.8136063396239742, 0.06644920740273, 0.042176107297744396, 0.019372700107375504, 0.04307744467815671, 0.01531820089001907], [0.8091982281367079, 0.08516224461397331, 0.013853717449830077, 0.022126147406057062, 0.05419562796632021, 0.01546403442711135], [0.7660161082395199, 0.1125833331572648, 0.014494949579962904, 0.02305855745297306, 0.06748027425354323, 0.01636677731673582], [0.10560189111848542, 0.07706361883863425, 0.01334022667420115, 0.024600033674164044, 0.7639941443338663, 0.015400085360648741], [0.7976930037821616, 0.08753082839207588, 0.014439898678438975, 0.02170950383801079, 0.06234256434486276, 0.01628420096444993], [0.10528323396298421, 0.08270840273608428, 0.01334022667420115, 0.022747269927178432, 0.7605207813389032, 0.015400085360648741], [0.7872227590546754, 0.0950373335941889, 0.014533381341404139, 0.02318467849856095, 0.06359742255227287, 0.016424424958897673], [0.7828519429251253, 0.09886835660370487, 0.014422203745806283, 0.023922907013176967, 0.06367693114668549, 0.016257658565500887], [0.7796047842771229, 0.09806660955154402, 0.014494949579962904, 0.026802866602531457, 0.0646640126721028, 0.016366777316735824], [0.14120348623339116, 0.1087565155678517, 0.01334022667420115, 0.02747958779954665, 0.6938200983643606, 0.015400085360648741], [0.7668711866268806, 0.10653236303327487, 0.014351332541585186, 0.026265186278788745, 0.06982588657806342, 0.01615404494140723], [0.3074665449109065, 0.04165501123589717, 0.016692762412159348, 0.019293343392351173, 0.5994786417492387, 0.015413696299447043], [0.8947167302452316, 0.026940490463215255, 0.012791825613079018, 0.013970027247956403, 0.036427574931880105, 0.015153351498637602]], [[0.9054730673316708, 0.02339285120532003, 0.012601995012468828, 0.01350058187863674, 0.030628428927680793, 0.014403075644222777], [0.09773357238971546, 0.04180750810089689, 0.016674211747745877, 0.019292612554782703, 0.809105714050542, 0.015386381156316915], [0.7662235718406243, 0.10468542307239928, 0.018180998549293108, 0.02680286660253145, 0.06774036261841582, 0.01636677731673582], [0.7538904840659175, 0.11763055462994493, 0.014387745192784726, 0.026564553648306496, 0.07132069172707783, 0.016205970735968554], [0.7712295247367478, 0.1051579692983374, 0.014593827412797149, 0.026888035528972926, 0.0656155489571576, 0.01651509406598719], [0.6060909934512207, 0.09725002740136002, 0.014614766247985578, 0.024205587288740213, 0.24129212329192357, 0.01654650231876983], [0.7797425798823131, 0.09643600102526119, 0.014439898678438975, 0.0229850755836443, 0.07011224386589249, 0.01628420096444993], [0.12520200022648278, 0.06811625231806703, 0.013419355980477377, 0.02921373064263908, 0.74859634406738, 0.015452316764953664], [0.7743231690674042, 0.1074655587936675, 0.014422203745806283, 0.023922907013176967, 0.0636085028144441, 0.01625765856550089], [0.12107475864730763, 0.07619837546472386, 0.01346808067585264, 0.027320104903462657, 0.7464542015119119, 0.015484478796741172], [0.7588244380261407, 0.11273002568919323, 0.014404821997821957, 0.027147516328409345, 0.0706616120149102, 0.0162315859435244], [0.7465587282900843, 0.12582060008766027, 0.014476262576693315, 0.028173110593099834, 0.06863255164063077, 0.016338746811831437], [0.1374389700553624, 0.11864275149233845, 0.013319465138181281, 0.02516467682542795, 0.6900477553323728, 0.015386381156316915], [0.5368051886426285, 0.3281805541398659, 0.014439898678438975, 0.029439995875762244, 0.07485016169885436, 0.01628420096444993], [0.061546245353159855, 0.02195791821561338, 0.012306319702602231, 0.01311003717472119, 0.02842959107806691, 0.8626498884758363], [0.9054689626556016, 0.023386224066390043, 0.012613278008298756, 0.013510373443983401, 0.030609792531120332, 0.014411369294605809], [0.9054689626556016, 0.023386224066390043, 0.012613278008298756, 0.013510373443983401, 0.030609792531120332, 0.014411369294605809], [0.9054689626556016, 0.023386224066390043, 0.012613278008298756, 0.013510373443983401, 0.030609792531120332, 0.014411369294605809], [0.8235683426715433, 0.05632740677650563, 0.03328763106397981, 0.01972389429702026, 0.05076780164181205, 0.01632492354913886], [0.12249812165092569, 0.07614841773742365, 0.013319465138181281, 0.02594886066341475, 0.7466987536537376, 0.015386381156316915], [0.8211858127594346, 0.07204711726729567, 0.01457329124751619, 0.020837305269533216, 0.05487218363815459, 0.016484289818065753], [0.8211858127594346, 0.07204711726729567, 0.01457329124751619, 0.020837305269533216, 0.05487218363815459, 0.016484289818065753], [0.8291580886496009, 0.07201625086249967, 0.014680120794179762, 0.02073664610105019, 0.046764359454608204, 0.016644534138061107], [0.8079003949599122, 0.0754037309452298, 0.014553146247288203, 0.020910979005782242, 0.06477767652406376, 0.016454072317723768], [0.09560384216917603, 0.06689969233502724, 0.012956626257920732, 0.020663165538244425, 0.7892325478255056, 0.014644125874125873], [0.8241926698885931, 0.06974354185765735, 0.01380374334054612, 0.02086065480946505, 0.05601031684055302, 0.01538907326318541], [0.8136063396239742, 0.06644920740273, 0.042176107297744396, 0.019372700107375504, 0.04307744467815671, 0.01531820089001907], [0.9124755944055943, 0.02128, 0.012202097902097902, 0.012958041958041958, 0.027366993006993003, 0.013717272727272727], [0.839633802665341, 0.05741164570153195, 0.028720027382573572, 0.02402790436257976, 0.03500878953650693, 0.015197830351466716], [0.7829074408593297, 0.09919668862903057, 0.01457329124751619, 0.02439036580137892, 0.06244792364467875, 0.01648428981806575], [0.7838155084188227, 0.10223021448473979, 0.014494949579962904, 0.022451307223142265, 0.06064124297659643, 0.016366777316735824], [0.8035312682119338, 0.08834485476817473, 0.014614766247985578, 0.022930015543106714, 0.05403259291002929, 0.01654650231876983], [0.7991861814923201, 0.08579001929979664, 0.014533381341404139, 0.02190910675292745, 0.062156886154653986, 0.016424424958897677], [0.7948153653627699, 0.08962104230931262, 0.014422203745806283, 0.022647335267543464, 0.062236394749066594, 0.016257658565500887], [0.1266200888429261, 0.09714162879977699, 0.013428160293439871, 0.025536466353375607, 0.7218155274244666, 0.01545812828601472], [0.7704421493975485, 0.1084126098108861, 0.014476262576693315, 0.02754711807222488, 0.06278311333081561, 0.016338746811831437], [0.7517891348401393, 0.1214845346833596, 0.014457915337119532, 0.028259508976273662, 0.06769768021063696, 0.016311225952470764], [0.7710220517547549, 0.10811331605578205, 0.01457329124751619, 0.02839549277792395, 0.06141155834595716, 0.01648428981806575], [0.791970762299805, 0.073147112552689, 0.03637548403671812, 0.021640635654646585, 0.060806840000463436, 0.016059165455677808], [0.8947167302452316, 0.026940490463215255, 0.012791825613079018, 0.013970027247956403, 0.036427574931880105, 0.015153351498637602]], [[0.9054730673316708, 0.02339285120532003, 0.012601995012468828, 0.01350058187863674, 0.030628428927680793, 0.014403075644222777], [0.5999927150801696, 0.07050507330939625, 0.23252095918613794, 0.024815656624439634, 0.055984794789573404, 0.01618080101028324], [0.7544922882789487, 0.11503142333174138, 0.020730960228125005, 0.02754711807222488, 0.06585946327712863, 0.016338746811831437], [0.13942843752558604, 0.11257089747657413, 0.013378774850573916, 0.02746406524254441, 0.6917322947944585, 0.015425530110262936], [0.7518795216389442, 0.11763055462994493, 0.014387745192784726, 0.026564553648306496, 0.07333165415405112, 0.016205970735968554], [0.7615026570080636, 0.10620766013898365, 0.014404821997821957, 0.026521523807534392, 0.07513175110407175, 0.0162315859435244], [0.12753409602423113, 0.06799343823659293, 0.013434433234308107, 0.02918899014522066, 0.7463867734520839, 0.015462268907563026], [0.7589990434951137, 0.118154175102729, 0.014370965375661184, 0.023684796398801958, 0.06861021861741083, 0.01618080101028324], [0.5704730001077738, 0.30412204377458013, 0.014494949579962904, 0.026802866602531457, 0.06774036261841582, 0.016366777316735824], [0.13472106431142541, 0.12260542500739148, 0.013508693401515889, 0.023446578747516954, 0.6902069522250963, 0.015511286307053942], [0.12547511918634316, 0.11781837009957176, 0.013508693401515889, 0.024070460283769933, 0.7036160707217453, 0.015511286307053942], [0.5508010923639219, 0.31902549992291684, 0.014457915337119534, 0.030928213933687942, 0.0684760524898828, 0.016311225952470764], [0.7243863432026919, 0.143023388555599, 0.014439898678438975, 0.03183805519705619, 0.07002811340176407, 0.01628420096444993], [0.5133287954429563, 0.26393123837319205, 0.02129851858897383, 0.043710297350582454, 0.14002002991234513, 0.017711120331950207], [0.6036799754668906, 0.26808374023718073, 0.013820087074399993, 0.038461216213825, 0.06054139214373755, 0.015413588863966224], [0.07237450450450451, 0.024404864864864866, 0.01270990990990991, 0.013683783783783784, 0.03224666666666667, 0.8445802702702703], [0.9054689626556016, 0.023386224066390043, 0.012613278008298756, 0.013510373443983401, 0.030609792531120332, 0.014411369294605809], [0.9054740956340955, 0.023394511434511434, 0.012599168399168399, 0.013498128898128898, 0.03063309771309771, 0.014400997920997919], [0.8221905608076672, 0.0569138622170288, 0.03287025175792231, 0.02206269450554505, 0.04957448748576806, 0.016388143226068536], [0.787569907667022, 0.09241202221331793, 0.014533381341404139, 0.02318467849856095, 0.06587558532079725, 0.016424424958897673], [0.7959369725222676, 0.08465104523962204, 0.014553146247288203, 0.02218655075141575, 0.06621821292168265, 0.016454072317723768], [0.1054666737888773, 0.05843513293769091, 0.013319465138181281, 0.02165777909750921, 0.7857345678814243, 0.015386381156316917], [0.8079003949599122, 0.0754037309452298, 0.014553146247288203, 0.020910979005782242, 0.06477767652406376, 0.016454072317723768], [0.8123747723091416, 0.07787702466553394, 0.014636119713573776, 0.021905049194873162, 0.056628501599725385, 0.01657853251715213], [0.8220070446952789, 0.07218525883750236, 0.01372640245713047, 0.02065736992824467, 0.056150862143781614, 0.015273061938061938], [0.7954866634347408, 0.0977452690496683, 0.0138710224002941, 0.029598785455480614, 0.04780826780700869, 0.015489991852807385], [0.8078384083790009, 0.08652206437168039, 0.013853717449830077, 0.022126147406057062, 0.05419562796632021, 0.01546403442711135], [0.839633802665341, 0.05741164570153195, 0.028720027382573572, 0.02402790436257976, 0.03500878953650693, 0.015197830351466716], [0.9124755944055943, 0.02128, 0.012202097902097902, 0.012958041958041958, 0.027366993006993003, 0.013717272727272727], [0.8190260064825209, 0.06626444261675576, 0.03221546818014955, 0.02664722260455523, 0.03967848052880075, 0.01616837958721776], [0.7907353287482572, 0.10435118935583836, 0.014476262576693313, 0.023395000888256613, 0.05070347161912284, 0.016338746811831433], [0.7838155084188227, 0.10223021448473979, 0.014494949579962904, 0.022451307223142265, 0.06064124297659643, 0.016366777316735824], [0.7961410929549483, 0.08799140496216416, 0.014513985873013235, 0.02288857790666807, 0.062069606546894904, 0.016395331756311318], [0.12423860605442118, 0.08918916902236133, 0.013496445362849602, 0.022496524318851435, 0.7350760535783148, 0.015503201663201665], [0.12986825936737528, 0.090530015503994, 0.013496445362849602, 0.024046580889816843, 0.7265554972127626, 0.015503201663201665], [0.7517891348401393, 0.1214845346833596, 0.014457915337119532, 0.028259508976273662, 0.06769768021063696, 0.016311225952470764], [0.7492081917727174, 0.12344802026458106, 0.014533381341404139, 0.030097023576875284, 0.06628895808552436, 0.016424424958897677], [0.7517891348401393, 0.1214845346833596, 0.014457915337119532, 0.028259508976273662, 0.06769768021063696, 0.016311225952470764], [0.13830515815069558, 0.08172191607525062, 0.031008239412636425, 0.017621333183419095, 0.7159432678173494, 0.015400085360648741], [0.8947167302452316, 0.026940490463215255, 0.012791825613079018, 0.013970027247956403, 0.036427574931880105, 0.015153351498637602]], [[0.9054730673316708, 0.02339285120532003, 0.012601995012468828, 0.01350058187863674, 0.030628428927680793, 0.014403075644222777], [0.7736063720628127, 0.0681136362466162, 0.05053904985603401, 0.028638130946340615, 0.06286475014719672, 0.01623806074099971], [0.7382816546981648, 0.12593120846802378, 0.017663771282492198, 0.030696564405611887, 0.07097272882798367, 0.01645407231772377], [0.7383042519486661, 0.13056640400491618, 0.014354474865729426, 0.029661992598981772, 0.07095681133632074, 0.016156065245385605], [0.1320506988677248, 0.1125780876243402, 0.013428160293439871, 0.02613878005623594, 0.7003461448722444, 0.015458128286014722], [0.13871670239445136, 0.11834809788179751, 0.013448187423036384, 0.023234822497266883, 0.6907808420776042, 0.015471347725843639], [0.7547580953184897, 0.1155996001113319, 0.014354474865729428, 0.02626091334127082, 0.07287085111779255, 0.016156065245385605], [0.3362183242425572, 0.10965357772888368, 0.013487841389820234, 0.022648203150639857, 0.5024945311062542, 0.015497522381844679], [0.5556463163838609, 0.31781461122284493, 0.014387745192784726, 0.026564553648306496, 0.06938080281623454, 0.016205970735968554], [0.13696350470377633, 0.304034387750308, 0.013508693401515889, 0.023446578747516954, 0.5065355490898287, 0.01551128630705394], [0.11985714565204661, 0.11979024091123891, 0.013508693401515889, 0.02252361959780652, 0.708809014130338, 0.01551128630705394], [0.7367489808501199, 0.12725489382089, 0.014387745192784724, 0.02719054616918145, 0.07821186323105542, 0.01620597073596855], [0.7264596890880517, 0.13808586654120314, 0.014553146247288203, 0.031817013051854526, 0.07263021275387864, 0.01645407231772377], [0.7228051474140211, 0.14418283025324063, 0.014533381341404139, 0.03276572853428957, 0.06928848749814687, 0.016424424958897677], [0.6135425500057134, 0.27065970011831236, 0.01383674211747013, 0.028384266242996288, 0.058138170086936336, 0.01543857142857143], [0.7413627485405874, 0.11737611459863913, 0.01457329124751619, 0.04003130795601949, 0.07017224783917199, 0.01648428981806575], [0.08273126315789472, 0.026682526315789476, 0.013017894736842105, 0.014155789473684212, 0.035845052631578944, 0.8275674736842106], [0.7646672550604857, 0.052717804089575354, 0.02767301650809382, 0.021333138900651527, 0.11691316613904044, 0.016695619302152933], [0.7951473752400493, 0.09264199911578086, 0.014636119713573776, 0.023180620940506665, 0.05781535247293716, 0.01657853251715213], [0.7984444037105313, 0.09027064337854739, 0.014657900248473741, 0.02213515526530844, 0.05788069407763706, 0.016611203319502076], [0.8291580886496009, 0.07201625086249967, 0.014680120794179762, 0.02073664610105019, 0.046764359454608204, 0.016644534138061107], [0.8079003949599122, 0.0754037309452298, 0.014553146247288203, 0.020910979005782242, 0.06477767652406376, 0.016454072317723768], [0.8123747723091416, 0.07787702466553394, 0.014636119713573776, 0.021905049194873162, 0.056628501599725385, 0.01657853251715213], [0.7986380056594942, 0.08326655371965712, 0.014422203745806283, 0.022647335267543464, 0.0647682430419981, 0.01625765856550089], [0.08761384263730211, 0.05045764501710753, 0.01295662625792073, 0.0164638404366262, 0.8178639197769174, 0.014644125874125873], [0.6476033044982096, 0.2514222095575724, 0.013771955527912898, 0.021799099718388344, 0.050062039153681084, 0.01534139154423558], [0.8035631508032266, 0.10184569885294611, 0.013756495091768559, 0.021057887647108496, 0.044458566714931036, 0.015318200890019071], [0.8102551471745, 0.08973189919307217, 0.013820087074399991, 0.022218441330132163, 0.04856083636392943, 0.015413588863966222], [0.6222937384619203, 0.038427710997710994, 0.08067359821996184, 0.022689999999999995, 0.2194171201525747, 0.01649783216783217], [0.9054787335971671, 0.023401999583420117, 0.012586419495938346, 0.013487065194751093, 0.03065415538429493, 0.014391626744428242], [0.10530852979089768, 0.07105638014063954, 0.013390243850858536, 0.01763601424285754, 0.7771757314456461, 0.015433100529100529], [0.35112167443392756, 0.05281479376546134, 0.013430671052198147, 0.02050215368410336, 0.5466709214851629, 0.01545978557914652], [0.7825867152213711, 0.11133889347606502, 0.014404821997821957, 0.022135860685648948, 0.05330212267556847, 0.0162315859435244], [0.1354453704516979, 0.08678307485491002, 0.013448187423036384, 0.023200958634816228, 0.7256510609096958, 0.015471347725843639], [0.7608466261808462, 0.11473807099650546, 0.014370965375661184, 0.0268226036172226, 0.06704093281948136, 0.01618080101028324], [0.7630305972136762, 0.1142027210734291, 0.014533381341404139, 0.02967988793267083, 0.062128987479922085, 0.016424424958897677], [0.5092896777138967, 0.23662405021369298, 0.02129851858897383, 0.038792701031306144, 0.17628393212018015, 0.017711120331950207], [0.7489605194272916, 0.1235294254436031, 0.014439898678438975, 0.0291693502396419, 0.06761660524657445, 0.01628420096444993], [0.7391197366879756, 0.06969474125895973, 0.05460613875176691, 0.027064102201312043, 0.09346544621422277, 0.016049834885762986], [0.8947167302452316, 0.026940490463215255, 0.012791825613079018, 0.013970027247956403, 0.036427574931880105, 0.015153351498637602]], [[0.9054730673316708, 0.02339285120532003, 0.012601995012468828, 0.01350058187863674, 0.030628428927680793, 0.014403075644222777], [0.5806108959887335, 0.06008493406306473, 0.04937400404910727, 0.028141367191478278, 0.26562041912039847, 0.01616837958721776], [0.7321628168162355, 0.12808311259615116, 0.014533381341404139, 0.031645279888046926, 0.07715098439926456, 0.016424424958897673], [0.5135536503895947, 0.23358228967199937, 0.02129851858897383, 0.048933779869480415, 0.16492064114800145, 0.017711120331950207], [0.7361645633699502, 0.13492227421894523, 0.014439898678438975, 0.030717606550813542, 0.06747145621740212, 0.01628420096444993], [0.7423392819621526, 0.12953128027934702, 0.014457915337119534, 0.02980776528744531, 0.06755253118146463, 0.016311225952470764], [0.7587810931467376, 0.11699731611538415, 0.014476262576693315, 0.02754711807222488, 0.06585946327712863, 0.016338746811831437], [0.3427299111044623, 0.11863930523314188, 0.013430671052198147, 0.023246108499991654, 0.48649421853105934, 0.015459785579146519], [0.7290482990600771, 0.13836074144684943, 0.014370965375661182, 0.0287879955725987, 0.07325119753453033, 0.016180801010283238], [0.13792175455422187, 0.12780711534333877, 0.013487841389820236, 0.02320927298239856, 0.682076493348376, 0.01549752238184468], [0.7422849195606723, 0.11547805653118749, 0.014354474865729428, 0.02688690586214578, 0.08483957793487942, 0.016156065245385605], [0.12566281823713213, 0.09609260246174758, 0.013419355980477377, 0.02451439988435085, 0.7248585066713384, 0.015452316764953664], [0.5505748231837692, 0.12727576640749588, 0.014476262576693315, 0.03151159469001461, 0.25982280633019567, 0.016338746811831437], [0.5488822508518212, 0.3166576918164623, 0.014553146247288203, 0.03181701305185452, 0.07163582571484986, 0.01645407231772377], [0.7750882933711262, 0.11010596013872107, 0.013771955527912898, 0.025313705080199513, 0.060378694337804704, 0.015341391544235581], [0.757925383903109, 0.11327057909486773, 0.014494949579962904, 0.02742885912340641, 0.07051345098191796, 0.016366777316735824], [0.12121731689427569, 0.07730273778119849, 0.013430671052198147, 0.03089378742520693, 0.7416957012679742, 0.015459785579146523], [0.12098201072574484, 0.08108604617507287, 0.013390243850858536, 0.024035159445454455, 0.7450734392737687, 0.015433100529100529], [0.7889229310452383, 0.09191877224105847, 0.014553146247288203, 0.02218655075141575, 0.06596452739727554, 0.016454072317723768], [0.8049484904307467, 0.08828443959598349, 0.01457329124751619, 0.020837305269533212, 0.05487218363815458, 0.01648428981806575], [0.8211858127594346, 0.07204711726729567, 0.01457329124751619, 0.020837305269533216, 0.05487218363815459, 0.016484289818065753], [0.8291580886496009, 0.07201625086249967, 0.014680120794179762, 0.02073664610105019, 0.046764359454608204, 0.016644534138061107], [0.8079003949599122, 0.0754037309452298, 0.014553146247288203, 0.020910979005782242, 0.06477767652406376, 0.016454072317723768], [0.11158796207628359, 0.07752411621501158, 0.013508693401515889, 0.0226542130453855, 0.7592137289547494, 0.015511286307053942], [0.09231027721876343, 0.07860114233974926, 0.012956626257920732, 0.020567838043297607, 0.7809199902661429, 0.014644125874125873], [0.8180502380161606, 0.07601782261908961, 0.013669330219023747, 0.020589587149337653, 0.056485568415486395, 0.015187453580901856], [0.08761384263730211, 0.05045764501710753, 0.01295662625792073, 0.0164638404366262, 0.8178639197769174, 0.014644125874125873], [0.8020798740127821, 0.10332897564339055, 0.013756495091768559, 0.021057887647108496, 0.04445856671493103, 0.01531820089001907], [0.8143971948545876, 0.0810619750972544, 0.029858415421595855, 0.024643753629591814, 0.03489681694250473, 0.015141844054465618], [0.9054813177648041, 0.023406171809841538, 0.01257931609674729, 0.013480900750625522, 0.030665888240200168, 0.014386405337781485], [0.7946846165669575, 0.06629379879245018, 0.03830531651009356, 0.021596214341505847, 0.06300626516938768, 0.01611378861960515], [0.7804795945078691, 0.11133889347606502, 0.014404821997821957, 0.022135860685648948, 0.055409243389070634, 0.0162315859435244], [0.7862750422940057, 0.09470399173742791, 0.01457329124751619, 0.02784033294939696, 0.06012305195358746, 0.01648428981806575], [0.7948577748163738, 0.08465728523318992, 0.014494949579962904, 0.026247706774004467, 0.06337550627973312, 0.016366777316735824], [0.7862750422940057, 0.09470399173742791, 0.01457329124751619, 0.02784033294939696, 0.06012305195358746, 0.01648428981806575], [0.7499695864324502, 0.12330408309104883, 0.014457915337119534, 0.028259508976273662, 0.06769768021063698, 0.016311225952470764], [0.13054161938625133, 0.11269987893582302, 0.013508693401515889, 0.024617736243075054, 0.7031207857262807, 0.015511286307053942], [0.13054161938625133, 0.11269987893582302, 0.013508693401515889, 0.024617736243075054, 0.7031207857262807, 0.015511286307053942], [0.7489517888241998, 0.09119232993557184, 0.04769886424457545, 0.022422284882519773, 0.07377001460951191, 0.015964717503621037], [0.8947167302452316, 0.026940490463215255, 0.012791825613079018, 0.013970027247956403, 0.036427574931880105, 0.015153351498637602]], [[0.9054730673316708, 0.02339285120532003, 0.012601995012468828, 0.01350058187863674, 0.030628428927680793, 0.014403075644222777], [0.7665457469829052, 0.0681136362466162, 0.04347842477612653, 0.028638130946340615, 0.07698600030701168, 0.01623806074099971], [0.5516039533477548, 0.12781310971307927, 0.014457915337119534, 0.02980776528744531, 0.26000603036213027, 0.016311225952470764], [0.13983704497248164, 0.11288807499989864, 0.013358277062831188, 0.02749151737954031, 0.6910130855852481, 0.015411999999999999], [0.5514031543235343, 0.31626144041116805, 0.014370965375661182, 0.0287879955725987, 0.07299564330675457, 0.01618080101028324], [0.7508544506690665, 0.12354556717638196, 0.01457329124751619, 0.02839549277792395, 0.06614690831104564, 0.01648428981806575], [0.7539982370222134, 0.12206078084201058, 0.01457329124751619, 0.02839549277792395, 0.06448790829227016, 0.01648428981806575], [0.7337114377106558, 0.13225575422705863, 0.014370965375661182, 0.0287879955725987, 0.07469304610374243, 0.01618080101028324], [0.7327447276830537, 0.1297346396418691, 0.014533381341404139, 0.03164527988804693, 0.07491754648672846, 0.016424424958897677], [0.7331348458983962, 0.12749280680575137, 0.014457915337119534, 0.02980776528744531, 0.07879544071881679, 0.016311225952470764], [0.7426886143570841, 0.1171132413149187, 0.01457329124751619, 0.029021485298798902, 0.08011907796361621, 0.01648428981806575], [0.5548581957371607, 0.12001166636822631, 0.014387745192784726, 0.02719054616918145, 0.2673458757966783, 0.016205970735968554], [0.7238441798095382, 0.13395070291392625, 0.014457915337119535, 0.03092821393368795, 0.08050776205325737, 0.016311225952470768], [0.7297263427845672, 0.13201309233901853, 0.014476262576693315, 0.03151159469001461, 0.07593396079787491, 0.016338746811831437], [0.2720361421808155, 0.07913047857439272, 0.012954372542026336, 0.0221672561474113, 0.5990692881559136, 0.014642462399440363], [0.7736089760515665, 0.10552925095376922, 0.014513985873013236, 0.024164149652301577, 0.06578830571303819, 0.016395331756311318], [0.7775397923602482, 0.09931992511407495, 0.014439898678438975, 0.0229850755836443, 0.06943110729914372, 0.01628420096444993], [0.7809075602803013, 0.094616330445812, 0.014553146247288203, 0.02218655075141575, 0.07128233995745903, 0.01645407231772377], [0.7954556477389764, 0.09520257017996335, 0.01457329124751619, 0.020837305269533216, 0.057446895745945165, 0.01648428981806575], [0.10963116218664685, 0.06669888648655484, 0.013587660066138093, 0.02036433985822921, 0.7739684777182204, 0.015749473684210525], [0.10308613148659941, 0.06302497976227113, 0.013465601294734918, 0.019789086199998626, 0.7851513590411399, 0.015482842215256008], [0.794270663706237, 0.08650695334310145, 0.014457915337119534, 0.022030192673574662, 0.0664230489874965, 0.016311225952470764], [0.7942512759514659, 0.08465104523962204, 0.014553146247288203, 0.02218655075141575, 0.06790390949248439, 0.016454072317723768], [0.8000323838409783, 0.077647047763071, 0.014533381341404139, 0.02190910675292745, 0.06945365534272153, 0.016424424958897677], [0.6692234842571497, 0.07023152117550162, 0.01372640245713047, 0.020657369928244667, 0.21088816024391152, 0.015273061938061938], [0.09993861453966268, 0.06689969233502724, 0.012956626257920732, 0.020663165538244425, 0.7848977754550189, 0.014644125874125873], [0.8179542942099571, 0.07709769014620298, 0.013669330219023747, 0.020589587149337653, 0.05550164469457654, 0.015187453580901858], [0.6436445024219619, 0.2545156025331169, 0.013771955527912898, 0.021799099718388344, 0.050927448254384305, 0.01534139154423558], [0.6656756063032985, 0.23136984206357447, 0.028720027382573572, 0.02402790436257976, 0.03500878953650693, 0.015197830351466716], [0.9054730673316708, 0.02339285120532003, 0.012601995012468828, 0.01350058187863674, 0.030628428