{"prediction": [[[0.9054730673316708, 0.02339285120532003, 0.012601995012468828, 0.01350058187863674, 0.030628428927680793, 0.014403075644222777], [0.9054689626556016, 0.023386224066390043, 0.012613278008298756, 0.013510373443983401, 0.030609792531120332, 0.014411369294605809], [0.9054730673316708, 0.02339285120532003, 0.012601995012468828, 0.01350058187863674, 0.030628428927680793, 0.014403075644222777], [0.9054730673316708, 0.02339285120532003, 0.012601995012468828, 0.01350058187863674, 0.030628428927680793, 0.014403075644222777], [0.9054730673316708, 0.02339285120532003, 0.012601995012468828, 0.01350058187863674, 0.030628428927680793, 0.014403075644222777], [0.9054730673316708, 0.02339285120532003, 0.012601995012468828, 0.01350058187863674, 0.030628428927680793, 0.014403075644222777], [0.9054730673316708, 0.02339285120532003, 0.012601995012468828, 0.01350058187863674, 0.030628428927680793, 0.014403075644222777], [0.9054730673316708, 0.02339285120532003, 0.012601995012468828, 0.01350058187863674, 0.030628428927680793, 0.014403075644222777], [0.9054730673316708, 0.02339285120532003, 0.012601995012468828, 0.01350058187863674, 0.030628428927680793, 0.014403075644222777], [0.9054730673316708, 0.02339285120532003, 0.012601995012468828, 0.01350058187863674, 0.030628428927680793, 0.014403075644222777], [0.9054730673316708, 0.02339285120532003, 0.012601995012468828, 0.01350058187863674, 0.030628428927680793, 0.014403075644222777], [0.9054730673316708, 0.02339285120532003, 0.012601995012468828, 0.01350058187863674, 0.030628428927680793, 0.014403075644222777], [0.9054689626556016, 0.023386224066390043, 0.012613278008298756, 0.013510373443983401, 0.030609792531120332, 0.014411369294605809], [0.9054689626556016, 0.023386224066390043, 0.012613278008298756, 0.013510373443983401, 0.030609792531120332, 0.014411369294605809], [0.9124755944055943, 0.02128, 0.012202097902097902, 0.012958041958041958, 0.027366993006993003, 0.013717272727272727], [0.9054689626556016, 0.023386224066390043, 0.012613278008298756, 0.013510373443983401, 0.030609792531120332, 0.014411369294605809], [0.9054689626556016, 0.023386224066390043, 0.012613278008298756, 0.013510373443983401, 0.030609792531120332, 0.014411369294605809], [0.9054730673316708, 0.02339285120532003, 0.012601995012468828, 0.01350058187863674, 0.030628428927680793, 0.014403075644222777], [0.9054730673316708, 0.02339285120532003, 0.012601995012468828, 0.01350058187863674, 0.030628428927680793, 0.014403075644222777], [0.9054730673316708, 0.02339285120532003, 0.012601995012468828, 0.01350058187863674, 0.030628428927680793, 0.014403075644222777], [0.9054730673316708, 0.02339285120532003, 0.012601995012468828, 0.01350058187863674, 0.030628428927680793, 0.014403075644222777], [0.9054730673316708, 0.02339285120532003, 0.012601995012468828, 0.01350058187863674, 0.030628428927680793, 0.014403075644222777], [0.9054730673316708, 0.02339285120532003, 0.012601995012468828, 0.01350058187863674, 0.030628428927680793, 0.014403075644222777], [0.9054730673316708, 0.02339285120532003, 0.012601995012468828, 0.01350058187863674, 0.030628428927680793, 0.014403075644222777], [0.9054730673316708, 0.02339285120532003, 0.012601995012468828, 0.01350058187863674, 0.030628428927680793, 0.014403075644222777], [0.9054730673316708, 0.02339285120532003, 0.012601995012468828, 0.01350058187863674, 0.030628428927680793, 0.014403075644222777], [0.9054730673316708, 0.02339285120532003, 0.012601995012468828, 0.01350058187863674, 0.030628428927680793, 0.014403075644222777], [0.9054689626556016, 0.023386224066390043, 0.012613278008298756, 0.013510373443983401, 0.030609792531120332, 0.014411369294605809], [0.9054813177648041, 0.023406171809841538, 0.01257931609674729, 0.013480900750625522, 0.030665888240200168, 0.014386405337781485], [0.8949385839299918, 0.026738530893662155, 0.012968814638027048, 0.01411546009016176, 0.03597151949085123, 0.015267090957305753], [0.8947526858383071, 0.026907759088442756, 0.012820510037981552, 0.013993597395550731, 0.036353662506782417, 0.01517178513293543], [0.8947167302452316, 0.026940490463215255, 0.012791825613079018, 0.013970027247956403, 0.036427574931880105, 0.015153351498637602], [0.8947167302452316, 0.026940490463215255, 0.012791825613079018, 0.013970027247956403, 0.036427574931880105, 0.015153351498637602], [0.8947167302452316, 0.026940490463215255, 0.012791825613079018, 0.013970027247956403, 0.036427574931880105, 0.015153351498637602], [0.8947167302452316, 0.026940490463215255, 0.012791825613079018, 0.013970027247956403, 0.036427574931880105, 0.015153351498637602], [0.8947167302452316, 0.026940490463215255, 0.012791825613079018, 0.013970027247956403, 0.036427574931880105, 0.015153351498637602], [0.8947167302452316, 0.026940490463215255, 0.012791825613079018, 0.013970027247956403, 0.036427574931880105, 0.015153351498637602], [0.8947167302452316, 0.026940490463215255, 0.012791825613079018, 0.013970027247956403, 0.036427574931880105, 0.015153351498637602], [0.8947167302452316, 0.026940490463215255, 0.012791825613079018, 0.013970027247956403, 0.036427574931880105, 0.015153351498637602], [0.8947167302452316, 0.026940490463215255, 0.012791825613079018, 0.013970027247956403, 0.036427574931880105, 0.015153351498637602]], [[0.9054689626556016, 0.023386224066390043, 0.012613278008298756, 0.013510373443983401, 0.030609792531120332, 0.014411369294605809], [0.8129723331183275, 0.05306062579664983, 0.03230421899641097, 0.023458656953607028, 0.06198540871922435, 0.01621875641578038], [0.12045408368433648, 0.058602942991905896, 0.0229736616782158, 0.01762663133989402, 0.7649306803056477, 0.015411999999999999], [0.75042287408766, 0.0837418184463248, 0.05322713512192196, 0.025292679148892695, 0.07131797041966063, 0.015997522775539955], [0.7720022787643389, 0.06008493406306473, 0.0474081112654645, 0.028141367191478278, 0.07619492912843573, 0.01616837958721776], [0.7501085261445225, 0.07128518795030316, 0.05203155181878683, 0.027773230353564125, 0.08281276866174517, 0.015988735071078078], [0.3561763323606383, 0.07206516294417026, 0.058947948611447934, 0.017637878921247758, 0.4797353832935739, 0.015437293868921776], [0.7505178391037879, 0.08370177167135821, 0.05320608088844358, 0.025289011506268902, 0.07128565633018781, 0.015999640499953522], [0.795540347064025, 0.0692885463211545, 0.03989008791272813, 0.026327851921882237, 0.052641940827739285, 0.016311225952470768], [0.8138717048457046, 0.05824913789628058, 0.0348670748015364, 0.020580731338782545, 0.05618025425883949, 0.01625109685885647], [0.8235683426715433, 0.05632740677650563, 0.03328763106397981, 0.01972389429702026, 0.05076780164181205, 0.01632492354913886], [0.8232877308712383, 0.05430666374892028, 0.03162681083409011, 0.018822911084488025, 0.05555332950477811, 0.016402553956484982], [0.8380698800792202, 0.053087562973012335, 0.022182128557531388, 0.018664269729887727, 0.051351624522287136, 0.016644534138061107], [0.8321358487551883, 0.05902753265065268, 0.024403317441911057, 0.017296154977553997, 0.05065285635662817, 0.01648428981806575], [0.07604399943702414, 0.03352403581285614, 0.20146060831495424, 0.016463840436626204, 0.6578633901244133, 0.014644125874125873], [0.10761566880088716, 0.05873740660841599, 0.031412325377222855, 0.01929595448772515, 0.7674273584186949, 0.015511286307053944], [0.12093387226328897, 0.2657548485816368, 0.027135212141284615, 0.019294576546318103, 0.551421704888325, 0.01545978557914652], [0.8107819883061642, 0.06697278712369538, 0.03486707480153639, 0.02058073133878254, 0.050546321570964885, 0.01625109685885647], [0.8156209654139701, 0.06427478403407885, 0.03328763106397981, 0.01972389429702026, 0.050767801641812056, 0.01632492354913886], [0.8199715371740386, 0.06142690980006472, 0.031223952217759483, 0.021172073442834012, 0.04973641858807916, 0.016469108777224087], [0.8196174913337267, 0.0602782581143222, 0.03328763106397981, 0.01972389429702026, 0.05076780164181205, 0.01632492354913886], [0.8221905608076672, 0.0569138622170288, 0.03287025175792231, 0.02206269450554505, 0.04957448748576806, 0.016388143226068536], [0.8040622620540876, 0.06639109522453328, 0.034095185719485686, 0.023430400825261016, 0.05570983022416176, 0.016311225952470768], [0.7962495372126901, 0.065216185149995, 0.03768352258288409, 0.025740679849719394, 0.05887201446371172, 0.016238060740999715], [0.7642951421953313, 0.0774955711344784, 0.04928739110936781, 0.027064102201312043, 0.06580795847374749, 0.016049834885762986], [0.776779595102993, 0.06956891490900641, 0.04732206640939268, 0.028872209060214586, 0.06135527510106068, 0.016101939417332643], [0.7642951421953313, 0.0774955711344784, 0.04928739110936781, 0.027064102201312043, 0.06580795847374749, 0.016049834885762986], [0.12427630590655872, 0.06953627632523922, 0.0229736616782158, 0.01762663133989402, 0.7501751247500922, 0.015411999999999999], [0.8985821142162819, 0.02553113001215066, 0.012912515188335359, 0.013963304981773996, 0.03399227217496962, 0.015018663426488457], [0.11073321565856085, 0.04970628693225844, 0.018255993800100012, 0.021532502848562493, 0.7831275205890283, 0.01664448017148982], [0.7806675466138673, 0.06504121433354648, 0.04053605759615906, 0.021842518538586445, 0.07441896945140106, 0.017493693466439798], [0.16350233265333766, 0.050218273251005044, 0.036450412345072944, 0.030675401322358978, 0.7025556512729121, 0.01659792915531335], [0.8947526858383071, 0.026907759088442756, 0.012820510037981552, 0.013993597395550731, 0.036353662506782417, 0.01517178513293543], [0.788867320361991, 0.06584260095581707, 0.03864826621975148, 0.02120537767097836, 0.067462247848637, 0.01797418694282503], [0.7871152465442752, 0.06806803644048975, 0.03715676877091718, 0.024012423764096562, 0.06578493514049778, 0.0178625893397233], [0.7814333070427625, 0.07075019421760141, 0.03930955330254626, 0.025177044904158202, 0.06557318584230475, 0.017756714690626785], [0.7503418182148776, 0.09610557491406849, 0.041005121299161035, 0.026998510075683407, 0.06790044440876826, 0.017648531087441167], [0.7809033160107965, 0.07097406427413593, 0.03939635244500969, 0.02520223093098832, 0.06577448583507776, 0.01774955050399192], [0.782354557438019, 0.06888454019181937, 0.04101122638737724, 0.022446173981086913, 0.06744761526975751, 0.01785588673194008], [0.8947167302452316, 0.026940490463215255, 0.012791825613079018, 0.013970027247956403, 0.036427574931880105, 0.015153351498637602]], [[0.9054730673316708, 0.02339285120532003, 0.012601995012468828, 0.01350058187863674, 0.030628428927680793, 0.014403075644222777], [0.7928864643053916, 0.07061132086305401, 0.041873456946558495, 0.024826915785821004, 0.05362773381028392, 0.016174108288890897], [0.7534023001015995, 0.11763055462994493, 0.014387745192784726, 0.026564553648306496, 0.07180887569139599, 0.016205970735968554], [0.1316729140884576, 0.11226560608965365, 0.013448187423036384, 0.026116180919597963, 0.7010257637534107, 0.015471347725843639], [0.737245195594067, 0.1281645177751732, 0.014439898678438975, 0.030717606550813542, 0.07314858043705745, 0.01628420096444993], [0.43485459345332345, 0.19552840340638916, 0.019520779650149277, 0.04280783548442232, 0.29079055583788366, 0.01649783216783217], [0.7675902233786546, 0.11159616561253426, 0.013669330219023747, 0.026568322434806314, 0.06538850477407913, 0.015187453580901854], [0.11468122189599013, 0.10108911763816376, 0.012956626257920732, 0.023522884469825506, 0.7331060238639739, 0.014644125874125873], [0.7863815380678301, 0.10069567715320535, 0.013697365704409506, 0.02395824275958694, 0.06003766950598786, 0.015229506808980494], [0.11210286911486057, 0.09123397444612383, 0.01295662625792073, 0.020648447505685882, 0.748413956801283, 0.014644125874125873], [0.09974596751097628, 0.08057812276297713, 0.01295662625792073, 0.021654520123894495, 0.7704206374701054, 0.014644125874125873], [0.09853912747601126, 0.08057812276297714, 0.012956626257920732, 0.021654520123894495, 0.7716274775050704, 0.014644125874125873], [0.6561928697400555, 0.0813008478322647, 0.013836742117470128, 0.020269086472346834, 0.2129618824092914, 0.015438571428571427], [0.6680573724510822, 0.23230244758642252, 0.013771955527912898, 0.019038229746142072, 0.051488603144204594, 0.015341391544235581], [0.09113548780220135, 0.06265989376867794, 0.01583193926126772, 0.020152436311143856, 0.796207493611996, 0.014012749244712991], [0.7974684931382304, 0.09137189978322742, 0.013697365704409506, 0.020760984000357058, 0.061471750564794994, 0.015229506808980492], [0.8055264537275312, 0.0863347795182237, 0.01380374334054612, 0.021935524707009366, 0.05701042544350421, 0.01538907326318541], [0.6336124384523579, 0.2515561877102728, 0.013787702268430279, 0.024686556114478824, 0.06099210379944835, 0.015365011655011654], [0.10183269242642384, 0.06887667275825513, 0.012956626257920732, 0.021749847618841314, 0.779940035064433, 0.014644125874125873], [0.6531684521755698, 0.23894887285671582, 0.01372640245713047, 0.021732239825788983, 0.0571509707467328, 0.015273061938061938], [0.1217452658299624, 0.07453317621812225, 0.013360846915207695, 0.024111950891376084, 0.7508350638458845, 0.015413696299447043], [0.7602216303001986, 0.11000348202169052, 0.014494949579962904, 0.027410116832362247, 0.07150304394904962, 0.01636677731673582], [0.7532226515754522, 0.11846643472830706, 0.01457329124751619, 0.029002743007754746, 0.06825058962290398, 0.01648428981806575], [0.7548676766302994, 0.12021689982858783, 0.014457915337119534, 0.028259508976273662, 0.06588677327524871, 0.016311225952470764], [0.3368135242082643, 0.11167088460720781, 0.013436938722239939, 0.025053305496587262, 0.4975614242441551, 0.01546392272154557], [0.5612754329367783, 0.21396917052504166, 0.02129851858897383, 0.03650953131164214, 0.14923622630561378, 0.017711120331950207], [0.7520390612174517, 0.12226179058883128, 0.014439898678438975, 0.0291693502396419, 0.06580569831118618, 0.01628420096444993], [0.7501027625300475, 0.1227157353328856, 0.014370965375661182, 0.02723973926142706, 0.06938999648969538, 0.01618080101028324], [0.10732443802092431, 0.11699596268043505, 0.02380093553058095, 0.018216259399444865, 0.7177592043686147, 0.0159032], [0.8757366064981948, 0.0326482310469314, 0.013902527075812274, 0.015463537906137184, 0.04521776173285198, 0.0170313357400722], [0.7776723234580952, 0.07115532326227314, 0.042980639087907904, 0.02358168973860977, 0.06684709192618123, 0.017762932526932524], [0.7844888800922163, 0.06945371829872675, 0.039641176302921535, 0.022090247117218166, 0.06663386234815234, 0.017692115840764917], [0.8948739374498795, 0.026797380379577643, 0.012917241379310343, 0.014073082063619352, 0.03610441058540497, 0.015233948142207965], [0.7892446867542475, 0.06717373696927971, 0.036830479278189276, 0.023927668174290262, 0.0649325887957057, 0.01789084002828764], [0.7499212725580117, 0.12120878596606945, 0.015541393214079388, 0.027754803363732587, 0.0675723865952085, 0.018001358302898438], [0.7432767646210198, 0.12279717073653243, 0.015500304462922901, 0.03121446068672753, 0.06925527896825251, 0.017956020524544748], [0.718884097323293, 0.13764345386174892, 0.015272320437746425, 0.03229975921841187, 0.07820178547419762, 0.01769858368460203], [0.7388811115492822, 0.1256427059529874, 0.015392983141602794, 0.031539599795544826, 0.0706273179807303, 0.01791628157985238], [0.7809033160107965, 0.07097406427413593, 0.03939635244500969, 0.02520223093098832, 0.06577448583507776, 0.01774955050399192], [0.8947167302452316, 0.026940490463215255, 0.012791825613079018, 0.013970027247956403, 0.036427574931880105, 0.015153351498637602]], [[0.9054730673316708, 0.02339285120532003, 0.012601995012468828, 0.01350058187863674, 0.030628428927680793, 0.014403075644222777], [0.11190374746258216, 0.0601326832032235, 0.024179330132058828, 0.019294220761618904, 0.7690435303578336, 0.015446488082682976], [0.7567829390128387, 0.10620766013898365, 0.014404821997821957, 0.026521523807534392, 0.07985146909929675, 0.0162315859435244], [0.13287714777094436, 0.12162657664636752, 0.013508693401515889, 0.024070460283769933, 0.6924058355903483, 0.015511286307053942], [0.7376326156005616, 0.1286184625192275, 0.014370965375661182, 0.0287879955725987, 0.07440915992166781, 0.01618080101028324], [0.11688148800186428, 0.10050585855613321, 0.012956626257920732, 0.024569603441230672, 0.7304422978687252, 0.014644125874125873], [0.7783101659571232, 0.10176320800122579, 0.013642245089074795, 0.026680487357956674, 0.06445706770864108, 0.015146825885978429], [0.12037933840827901, 0.23898518175799127, 0.01295662625792073, 0.018865823350180368, 0.5941689043515026, 0.014644125874125873], [0.796103418545131, 0.09223156134483525, 0.013711755599563257, 0.023921983348306954, 0.05878018951045224, 0.01525109165171112], [0.8070936625739304, 0.09389074329145758, 0.01380374334054612, 0.019746720981386006, 0.05007605654949429, 0.01538907326318541], [0.8020379027362661, 0.08680249018519189, 0.013697365704409506, 0.020760984000357058, 0.061471750564795, 0.015229506808980492], [0.10434041197959795, 0.06887667275825513, 0.012956626257920732, 0.021749847618841314, 0.777432315511259, 0.014644125874125873], [0.8185667448205342, 0.07859678598454074, 0.013771955527912898, 0.019038229746142072, 0.0546848923766344, 0.01534139154423558], [0.1038392323253118, 0.06599777825607149, 0.012956626257920732, 0.02326768868848722, 0.7792945485980828, 0.014644125874125873], [0.6879233499152206, 0.21059130982960408, 0.013194702693236008, 0.01929801034471939, 0.05447408054843313, 0.01451854666878677], [0.2583550762925577, 0.23014021390460876, 0.012956626257920732, 0.021749847618841314, 0.46215411005194557, 0.014644125874125873], [0.7855043676753974, 0.09966425848723329, 0.013787702268430279, 0.024686556114478824, 0.06099210379944835, 0.015365011655011654], [0.6227219627833092, 0.26344383490562956, 0.013771955527912898, 0.025313705080199513, 0.05940715015871335, 0.015341391544235581], [0.10586549537748684, 0.08373397444612384, 0.01295662625792073, 0.020648447505685882, 0.7621513305386568, 0.014644125874125873], [0.7847863326368422, 0.09862954551736741, 0.01378770226843028, 0.024686556114478828, 0.06274485180786958, 0.015365011655011654], [0.7811205963315362, 0.09304363961844303, 0.014513985873013236, 0.024164149652301577, 0.0707622967683947, 0.016395331756311318], [0.7869003562284084, 0.08909574771983081, 0.014513985873013236, 0.024164149652301577, 0.06893042877013474, 0.016395331756311318], [0.7914164250614498, 0.09293410665035187, 0.013787702268430279, 0.02467076278531224, 0.06182599157944391, 0.015365011655011654], [0.7841841224814126, 0.10140003765567134, 0.013853717449830077, 0.026012800926115014, 0.059085287059859645, 0.01546403442711135], [0.7870525811904454, 0.09678923159595168, 0.013642245089074795, 0.02537583780903232, 0.061993278429517275, 0.015146825885978429], [0.11421950462002084, 0.09898960333831695, 0.012956626257920732, 0.022317742778255552, 0.7368723971313601, 0.014644125874125873], [0.11350894475963674, 0.09537933682757649, 0.012956626257920732, 0.02158073570949493, 0.7419302305712451, 0.014644125874125873], [0.7795524434957167, 0.103842416808983, 0.013697365704409506, 0.024469946624584217, 0.06320832055732613, 0.015229506808980494], [0.10665556218450281, 0.09411868860202444, 0.012956626257920732, 0.021330858315215334, 0.7502941387662106, 0.014644125874125873], [0.11956505411571558, 0.041110179010620015, 0.016759039182982004, 0.01929595448772515, 0.7877584868959032, 0.015511286307053944], [0.9054943198490881, 0.023427164116537412, 0.012543575770278767, 0.013449884720184447, 0.030724921400125754, 0.014360134143785369], [0.8468956654710282, 0.04486916175068335, 0.02355093167047541, 0.019016040428589162, 0.049185160893759454, 0.016483039785464285], [0.9054859828702736, 0.02341370378107374, 0.012566492584081889, 0.013469772299979109, 0.030687069145602673, 0.014376979318988927], [0.815269817636396, 0.058631687546631554, 0.03501937995881111, 0.02059235806682, 0.05426666735918378, 0.016220089432157594], [0.7793482453670962, 0.09823015759634972, 0.014484751969942037, 0.026818257177588692, 0.06475811664855208, 0.01636047124047124], [0.7702217705935545, 0.10856059419959911, 0.014468076812066038, 0.027560662740674126, 0.06285523820750856, 0.016333657446597573], [0.33225188154702795, 0.1102052258262924, 0.013390243850858536, 0.02383043561022455, 0.5048891126364959, 0.015433100529100529], [0.711755584823586, 0.14149131637162563, 0.01514089306272989, 0.03106390357700415, 0.08302980543489466, 0.017518496730159636], [0.7503418182148776, 0.09610557491406849, 0.041005121299161035, 0.026998510075683407, 0.06790044440876826, 0.017648531087441167], [0.8947167302452316, 0.026940490463215255, 0.012791825613079018, 0.013970027247956403, 0.036427574931880105, 0.015153351498637602]], [[0.9054730673316708, 0.02339285120532003, 0.012601995012468828, 0.01350058187863674, 0.030628428927680793, 0.014403075644222777], [0.11190374746258216, 0.0601326832032235, 0.024179330132058828, 0.019294220761618904, 0.7690435303578336, 0.015446488082682976], [0.5708887509238397, 0.10620766013898365, 0.014404821997821957, 0.026521523807534392, 0.26574565718829574, 0.0162315859435244], [0.1326479317504735, 0.10755436910486196, 0.013430671052198147, 0.022679613145369613, 0.7082276293679503, 0.01545978557914652], [0.7591459422441384, 0.11503142333174138, 0.014476262576693315, 0.02754711807222488, 0.06746050696337047, 0.016338746811831437], [0.7709558104808328, 0.11185712635344254, 0.013683226068301906, 0.02583184242306394, 0.0624636973195397, 0.015208297354819093], [0.09784187587081648, 0.2811593878542622, 0.012956626257920732, 0.01886582335018037, 0.5745321607926943, 0.014644125874125873], [0.058638653104173974, 0.02128593475973343, 0.012179375657663978, 0.0129377060680463, 0.027392143107681517, 0.8675661873027009], [0.13326178899370178, 0.04942737132209968, 0.01295662625792073, 0.022766596504088153, 0.7669434910480637, 0.014644125874125873], [0.05851517482517483, 0.02128, 0.012202097902097902, 0.012958041958041958, 0.027366993006993003, 0.8676776923076922], [0.29041926968146536, 0.05105043120320001, 0.012956626257920732, 0.019967223463335803, 0.610962323519952, 0.014644125874125873], [0.8191361705262792, 0.07951740230833379, 0.013771955527912898, 0.019038229746142072, 0.05319485034709628, 0.015341391544235581], [0.6651475195103228, 0.07901989279700772, 0.013925013845741858, 0.020225777688599067, 0.20611081713734952, 0.015570979020979021], [0.8067890269688595, 0.0824369763395951, 0.013820087074399991, 0.021110166147388774, 0.06043015460579047, 0.015413588863966224], [0.8241626196050091, 0.07641291516446941, 0.013286618112979426, 0.02031287029064858, 0.05116855702849148, 0.014656419798401897], [0.1120761341539151, 0.25094551290766226, 0.012956626257920732, 0.020648447505685882, 0.58872915330069, 0.014644125874125873], [0.7758288816764097, 0.110336916012529, 0.013771955527912898, 0.025313705080199513, 0.05940715015871335, 0.015341391544235581], [0.46014095351534684, 0.4231071344496939, 0.013756495091768559, 0.027635313139925857, 0.06004190291324583, 0.015318200890019073], [0.623770725758419, 0.2616129173762133, 0.013771955527912898, 0.025313705080199513, 0.06018930471301981, 0.015341391544235581], [0.7736552416029501, 0.11009527957480257, 0.013853717449830077, 0.026028594255281597, 0.06090313269002447, 0.015464034427111351], [0.5681387502425337, 0.11686647535433527, 0.014494949579962904, 0.027410116832362247, 0.25672293067407004, 0.016366777316735824], [0.11892991960618353, 0.08800701246249165, 0.013508693401515889, 0.02219534069976676, 0.7418477475229881, 0.015511286307053942], [0.09849703164081199, 0.23719759848399025, 0.012956626257920732, 0.020181165891919574, 0.6165234518512316, 0.014644125874125873], [0.7868599717560342, 0.09600474205468551, 0.013711755599563257, 0.02443368721330423, 0.06373875172470168, 0.01525109165171112], [0.10782147117091388, 0.09780597620981413, 0.012956626257920732, 0.021119569603926625, 0.7456522308832987, 0.014644125874125873], [0.11109234042171266, 0.0992009065621897, 0.012956626257920732, 0.022756603320145147, 0.7393493975639058, 0.014644125874125873], [0.777565661673476, 0.10737914047563557, 0.013697365704409506, 0.02853381853371293, 0.05759450680378555, 0.015229506808980494], [0.7897565877640768, 0.09459394394772498, 0.013787702268430279, 0.02467076278531224, 0.06182599157944391, 0.015365011655011654], [0.09849703164081199, 0.07956782271819433, 0.012956626257920732, 0.020181165891919574, 0.7741532276170274, 0.014644125874125873], [0.09650173100548648, 0.041110179010620015, 0.024899035574827578, 0.01929595448772515, 0.8026818136142868, 0.015511286307053944], [0.9054813177648041, 0.023406171809841538, 0.01257931609674729, 0.013480900750625522, 0.030665888240200168, 0.014386405337781485], [0.9054689626556016, 0.023386224066390043, 0.012613278008298756, 0.013510373443983401, 0.030609792531120332, 0.014411369294605809], [0.9054689626556016, 0.023386224066390043, 0.012613278008298756, 0.013510373443983401, 0.030609792531120332, 0.014411369294605809], [0.12987837580999206, 0.2801089562489839, 0.030374646725916284, 0.017647143490536674, 0.5265327494385563, 0.01545812828601472], [0.13755449611490053, 0.12191067776201052, 0.013479212300939656, 0.026924894984476408, 0.6846388923155712, 0.015491826522101751], [0.7422168911400266, 0.1287906997875181, 0.014370965375661182, 0.02723973926142706, 0.07120090342508364, 0.01618080101028324], [0.1426441690448706, 0.11425454892863678, 0.013410525668699975, 0.024704680171192102, 0.6895395881039176, 0.015446488082682976], [0.171376193193537, 0.1414147580481137, 0.014090786203810008, 0.028350596189513112, 0.6281063081759448, 0.016661358189081224], [0.6912114399128768, 0.11503520602796004, 0.05849370062966471, 0.025634147458992326, 0.09238619610408214, 0.01723930986642397], [0.8947167302452316, 0.026940490463215255, 0.012791825613079018, 0.013970027247956403, 0.036427574931880105, 0.015153351498637602]], [[0.9054730673316708, 0.02339285120532003, 0.012601995012468828, 0.01350058187863674, 0.030628428927680793, 0.014403075644222777], [0.780215778474965, 0.07050507330939623, 0.04182683151720879, 0.024815656624439634, 0.06645585906370712, 0.01618080101028324], [0.569210948085159, 0.11473212957663731, 0.01457329124751619, 0.02839549277792395, 0.2566038484946977, 0.01648428981806575], [0.7609129939760352, 0.1046854230723993, 0.014494949579962904, 0.026802866602531457, 0.0767369894523353, 0.016366777316735824], [0.7746948183676278, 0.10636999906412047, 0.014593827412797149, 0.026888035528972926, 0.06093822556049447, 0.01651509406598719], [0.7870565928696288, 0.10220992218379059, 0.013853717449830077, 0.02550109706111773, 0.05591463600852137, 0.01546403442711135], [0.6292923020230058, 0.2551699518182074, 0.013669330219023747, 0.023702378025336604, 0.0629785843335245, 0.015187453580901858], [0.10309240418270858, 0.04892071879112349, 0.012956626257920732, 0.022766596504088153, 0.797619528390033, 0.014644125874125873], [0.6000371719482215, 0.299185818279311, 0.013916468857263402, 0.01912505138178411, 0.05219608602464806, 0.015539403508771928], [0.05851517482517483, 0.02128, 0.012202097902097902, 0.012958041958041958, 0.027366993006993003, 0.8676776923076922], [0.05851517482517483, 0.02128, 0.012202097902097902, 0.012958041958041958, 0.027366993006993003, 0.8676776923076922], [0.6677166031383249, 0.23294071931888163, 0.013925013845741858, 0.018256826203266928, 0.05158985847280569, 0.015570979020979021], [0.6538554431824664, 0.08278078975253392, 0.013820087074399991, 0.021110166147388774, 0.2130199249792446, 0.01541358886396622], [0.8101394126067747, 0.08496115237120845, 0.013888666663512322, 0.021970442435616754, 0.05352386767525298, 0.015516458247634717], [0.6866006715005718, 0.21386202427265832, 0.01334475047276167, 0.02275190561937565, 0.04869702979655721, 0.014743618338075264], [0.6243567576177897, 0.25985619713773883, 0.013697365704409506, 0.024485739953750803, 0.062374432777330575, 0.015229506808980494], [0.7613847365489054, 0.12110955093865806, 0.013756495091768559, 0.027635313139925857, 0.06079570339072306, 0.015318200890019071], [0.11512874605970766, 0.09964755722561211, 0.012899806383651955, 0.0226559154805553, 0.7350657879016192, 0.014602186948853617], [0.7520098334287649, 0.1250773605184529, 0.013756495091768559, 0.030448511277535867, 0.0633895987934587, 0.015318200890019073], [0.6023412282194687, 0.27487044684746054, 0.01383674211747013, 0.032712859873700706, 0.06080015151332846, 0.015438571428571428], [0.5535051826253364, 0.3096248437343585, 0.01457329124751619, 0.029002743007754746, 0.07680964956696838, 0.01648428981806575], [0.7459984436194564, 0.11787835836827709, 0.014404821997821957, 0.02712877403736518, 0.07835801603355487, 0.0162315859435244], [0.10179059659122457, 0.07411354465917368, 0.012956626257920732, 0.020276493386866393, 0.7762186132306886, 0.014644125874125873], [0.8067440486942712, 0.08199377285348132, 0.01380374334054612, 0.021935524707009366, 0.06013383714150663, 0.01538907326318541], [0.4791476129233923, 0.25153076302881966, 0.013711755599563257, 0.02443368721330423, 0.21592508958320933, 0.01525109165171112], [0.1124879812836223, 0.09991368308122944, 0.012956626257920732, 0.01886582335018037, 0.7411317601529211, 0.014644125874125873], [0.7766974041735693, 0.10692383036946043, 0.013683226068301906, 0.024527192874139583, 0.06296004915970968, 0.015208297354819093], [0.7816555052652954, 0.10392865487178855, 0.013853717449830077, 0.026012800926115014, 0.059085287059859645, 0.01546403442711135], [0.6379092645876712, 0.24644126712413064, 0.01378770226843028, 0.024670762785312245, 0.06182599157944392, 0.015365011655011654], [0.7824472113872322, 0.09674123984866652, 0.014422203745806283, 0.023922907013176967, 0.06620877943961699, 0.016257658565500887], [0.10878912641937923, 0.041664481453444355, 0.01669161039616452, 0.019293298006560686, 0.7981494837244512, 0.015411999999999999], [0.8161231009607307, 0.05272534668516629, 0.03217568558453553, 0.023418230405822603, 0.05930719293986246, 0.016250443423882172], [0.9054689626556016, 0.023386224066390043, 0.012613278008298756, 0.013510373443983401, 0.030609792531120332, 0.014411369294605809], [0.7762151860954865, 0.08227663245438493, 0.031763651730980884, 0.024374518299537937, 0.06849526282910938, 0.01687474859050048], [0.32923549367212473, 0.114885787472067, 0.013448187423036384, 0.023787719190591278, 0.5031714645163369, 0.015471347725843639], [0.7348306650448593, 0.13028718188737512, 0.014439898678438975, 0.0291693502396419, 0.07498870318523486, 0.01628420096444993], [0.3378709846879318, 0.42790166956127507, 0.02129851858897383, 0.03650953131164214, 0.1587081755182269, 0.017711120331950207], [0.16340536442817336, 0.14355515430032953, 0.01401186545819097, 0.029162100267900067, 0.6332448668967575, 0.01662064864864865], [0.14134397956593892, 0.11348707195075168, 0.05806117242901952, 0.019434105530654465, 0.651075741368322, 0.01659792915531335], [0.8947167302452316, 0.026940490463215255, 0.012791825613079018, 0.013970027247956403, 0.036427574931880105, 0.015153351498637602]], [[0.9054730673316708, 0.02339285120532003, 0.012601995012468828, 0.01350058187863674, 0.030628428927680793, 0.014403075644222777], [0.7838763721790417, 0.0681136362466162, 0.04347842477612653, 0.028638130946340615, 0.059655375110875146, 0.01623806074099971], [0.7390572734296501, 0.1259312084680238, 0.014553146247288203, 0.030696564405611887, 0.07330773513170231, 0.01645407231772377], [0.7560517202870418, 0.11666455920768515, 0.014476262576693315, 0.02754711807222488, 0.06892159304452321, 0.016338746811831437], [0.7747194079767503, 0.10755743922078097, 0.014593827412797149, 0.026888035528972926, 0.0597261957947114, 0.01651509406598719], [0.7916495960004819, 0.09638329062765562, 0.01378770226843028, 0.024159058920314967, 0.05865534052810564, 0.015365011655011654], [0.10327242955862592, 0.06026598041634457, 0.012956626257920732, 0.026067061729239567, 0.7827937761637432, 0.014644125874125873], [0.637110500261426, 0.25370726488130674, 0.013697365704409506, 0.020760984000357058, 0.05949437834352033, 0.015229506808980492], [0.10377535759293471, 0.06018198930027535, 0.012956626257920732, 0.03517318185422189, 0.7732687191205213, 0.014644125874125873], [0.05851517482517483, 0.02128, 0.012202097902097902, 0.012958041958041958, 0.027366993006993003, 0.8676776923076922], [0.05851517482517483, 0.02128, 0.012202097902097902, 0.012958041958041958, 0.027366993006993003, 0.8676776923076922], [0.05851517482517483, 0.02128, 0.012202097902097902, 0.012958041958041958, 0.027366993006993003, 0.8676776923076922], [0.2660395094632718, 0.05115034487588637, 0.012936285898861205, 0.022448424800119396, 0.6327963223697882, 0.014629112592072956], [0.7855469557327769, 0.1038961785517158, 0.01378770226843028, 0.022497752388855465, 0.05890639940320984, 0.015365011655011654], [0.8038258978464078, 0.0923777823319501, 0.01325915190629332, 0.023231781428812874, 0.0526901659981632, 0.014615220488372738], [0.11429195632142351, 0.2661576310260875, 0.012956626257920732, 0.02262745468090009, 0.5693222058395422, 0.014644125874125873], [0.6054374816377633, 0.2731944507742161, 0.013669330219023747, 0.027512476713633154, 0.06499880707446175, 0.015187453580901854], [0.4438425353805042, 0.19412585956236972, 0.019520779650149277, 0.054140044158154925, 0.2718729490809895, 0.01649783216783217], [0.7486065185030379, 0.12467679199927566, 0.013820087074399991, 0.0335123019410673, 0.06397071161825274, 0.015413588863966222], [0.5948252794171525, 0.2782824773724354, 0.013820087074399991, 0.03351230194106731, 0.06414626533097864, 0.015413588863966224], [0.5425819857527763, 0.14225775958085268, 0.014553146247288203, 0.0342851453491351, 0.24986789075222393, 0.01645407231772377], [0.7384531146826571, 0.12546394105921707, 0.014476262576693315, 0.028154368302055678, 0.07711356656754538, 0.016338746811831437], [0.785007334152359, 0.09545392017016541, 0.01378770226843028, 0.024670762785312245, 0.0657152689687213, 0.015365011655011654], [0.7889093849008283, 0.09933968270476515, 0.013871022400294102, 0.0247425310065444, 0.057647387134760586, 0.015489991852807385], [0.6230201956175182, 0.25878494875826513, 0.013771955527912898, 0.02529791175103293, 0.06378359680103521, 0.01534139154423558], [0.26796313374561453, 0.10026626056538739, 0.012956626257920732, 0.022317742778255552, 0.5818521107786959, 0.014644125874125873], [0.11924958925028123, 0.09537933682757649, 0.012956626257920732, 0.02158073570949493, 0.7361895860806006, 0.014644125874125873], [0.7813212937727357, 0.10429142030882138, 0.013756495091768559, 0.025386509312174663, 0.05992608062448057, 0.015318200890019071], [0.7808115018670946, 0.10401263108929798, 0.013853717449830077, 0.026012800926115014, 0.059845314240551034, 0.01546403442711135], [0.7666803521114055, 0.11122656352566107, 0.014593827412797149, 0.027495285758803722, 0.06348887712534519, 0.01651509406598719], [0.7841776705173037, 0.09723871925655642, 0.014513985873013235, 0.024164149652301577, 0.0635101429445138, 0.016395331756311318], [0.8231553524402904, 0.05486273492108824, 0.031223952217759483, 0.021172073442834012, 0.05311677820080392, 0.016469108777224087], [0.9054689626556016, 0.023386224066390043, 0.012613278008298756, 0.013510373443983401, 0.030609792531120332, 0.014411369294605809], [0.9054689626556016, 0.023386224066390043, 0.012613278008298756, 0.013510373443983401, 0.030609792531120332, 0.014411369294605809], [0.5546303333407635, 0.09046249089680775, 0.04741117869520114, 0.02239156040964768, 0.2691047961576264, 0.015999640499953522], [0.7366268457295242, 0.12463324299460939, 0.014553146247288203, 0.029148308094440238, 0.07858438461641427, 0.01645407231772377], [0.5504597102378197, 0.13092134084984053, 0.014439898678438975, 0.0291693502396419, 0.258725499029809, 0.01628420096444993], [0.16989731343588754, 0.13861381254202498, 0.013967820761663922, 0.027409212059485287, 0.6335139120456249, 0.01659792915531335], [0.759818909608481, 0.08957218675774035, 0.033541676479024375, 0.025383454886557803, 0.07451894527788631, 0.0171648269903099], [0.8947167302452316, 0.026940490463215255, 0.012791825613079018, 0.013970027247956403, 0.036427574931880105, 0.015153351498637602]], [[0.9054689626556016, 0.023386224066390043, 0.012613278008298756, 0.013510373443983401, 0.030609792531120332, 0.014411369294605809], [0.7740683398386439, 0.06008493406306473, 0.04937400404910727, 0.028141367191478278, 0.07216297527048804, 0.01616837958721776], [0.7382270541703839, 0.13122664754256777, 0.014439898678438975, 0.030717606550813542, 0.06910459209334589, 0.01628420096444993], [0.1406107304862235, 0.11348864079218922, 0.013319465138181281, 0.027543497148573758, 0.6896512852785153, 0.015386381156316917], [0.7517501815080907, 0.12402822775403106, 0.014476262576693315, 0.02754711807222488, 0.06585946327712865, 0.016338746811831437], [0.6335154852871282, 0.2557510297662913, 0.013853717449830077, 0.025501097061117736, 0.055914636008521375, 0.015464034427111351], [0.6389272166893941, 0.24910566993874325, 0.01378770226843028, 0.024159058920314967, 0.05865534052810564, 0.015365011655011654], [0.6496367842440555, 0.244201821222974, 0.01380374334054612, 0.02193552470700937, 0.05503305322222955, 0.015389073263185412], [0.10473735932569679, 0.06298325583035544, 0.012956626257920732, 0.18323871552227286, 0.6214399171896281, 0.014644125874125873], [0.6506252109870346, 0.2564347074910842, 0.013836742117470128, 0.01808028274672347, 0.04558448522911593, 0.015438571428571427], [0.05851517482517483, 0.02128, 0.012202097902097902, 0.012958041958041958, 0.027366993006993003, 0.8676776923076922], [0.05851517482517483, 0.02128, 0.012202097902097902, 0.012958041958041958, 0.027366993006993003, 0.8676776923076922], [0.602880718495854, 0.07003195425770366, 0.01396302067223627, 0.019241430919216283, 0.27827364442375846, 0.015609231231231232], [0.058638653104173974, 0.02128593475973343, 0.012179375657663978, 0.0129377060680463, 0.027392143107681517, 0.8675661873027009], [0.8007405427019436, 0.10144408575997153, 0.01334475047276167, 0.021616205513712558, 0.04811079721353535, 0.014743618338075264], [0.6029948441944762, 0.27650208347893523, 0.013697365704409506, 0.022994603490969726, 0.06858159632222888, 0.015229506808980494], [0.1143862553278564, 0.2848288342998012, 0.01295662625792073, 0.02683947696823618, 0.5463446812720595, 0.014644125874125873], [0.5841525068900091, 0.28052607899319554, 0.013741313222041234, 0.033656604533516196, 0.07262806827580988, 0.015295428085428086], [0.5825383041754851, 0.1331423568475846, 0.013741313222041234, 0.03238434041608349, 0.22289825725337736, 0.015295428085428086], [0.24860127876678928, 0.39458445529745007, 0.019520779650149277, 0.03797281684452562, 0.2828228372732537, 0.01649783216783217], [0.5400717967433645, 0.32207952430461284, 0.014439898678438975, 0.0291693502396419, 0.07795522906949191, 0.01628420096444993], [0.14298955080936931, 0.11348864079218922, 0.013319465138181281, 0.025164676825427952, 0.6896512852785153, 0.015386381156316917], [0.6274340888008403, 0.10512305057075617, 0.013771955527912898, 0.02529791175103293, 0.21303160180522215, 0.015341391544235581], [0.6277747915459545, 0.2544460439035218, 0.013853717449830077, 0.026012800926115014, 0.062448611747467124, 0.01546403442711135], [0.7752616373482493, 0.10819601375815133, 0.01383674211747013, 0.0261354624152451, 0.06113157293231289, 0.01543857142857143], [0.7667116322155862, 0.11161226935183467, 0.013669330219023747, 0.02526367288588196, 0.06755564174677137, 0.015187453580901854], [0.2879910330079381, 0.18583544581901734, 0.019520779650149277, 0.03426238093896776, 0.45589252841609523, 0.01649783216783217], [0.7746150288121657, 0.10598075964976211, 0.013741313222041234, 0.026153193733404537, 0.06421427649719838, 0.015295428085428085], [0.7811414176529246, 0.1034580868826194, 0.01383674211747013, 0.0261354624152451, 0.05998971950316954, 0.01543857142857143], [0.7498278459814766, 0.11964723667403772, 0.01457329124751619, 0.029002743007754746, 0.070464593271149, 0.01648428981806575], [0.7796047842771229, 0.09806660955154402, 0.014494949579962904, 0.02680