{"prediction": [[[0.8947167302452316, 0.026940490463215255, 0.012791825613079018, 0.013970027247956403, 0.036427574931880105, 0.015153351498637602], [0.8947167302452316, 0.026940490463215255, 0.012791825613079018, 0.013970027247956403, 0.036427574931880105, 0.015153351498637602], [0.8947167302452316, 0.026940490463215255, 0.012791825613079018, 0.013970027247956403, 0.036427574931880105, 0.015153351498637602], [0.8947167302452316, 0.026940490463215255, 0.012791825613079018, 0.013970027247956403, 0.036427574931880105, 0.015153351498637602], [0.8947167302452316, 0.026940490463215255, 0.012791825613079018, 0.013970027247956403, 0.036427574931880105, 0.015153351498637602], [0.8947167302452316, 0.026940490463215255, 0.012791825613079018, 0.013970027247956403, 0.036427574931880105, 0.015153351498637602], [0.8947167302452316, 0.026940490463215255, 0.012791825613079018, 0.013970027247956403, 0.036427574931880105, 0.015153351498637602], [0.8947167302452316, 0.026940490463215255, 0.012791825613079018, 0.013970027247956403, 0.036427574931880105, 0.015153351498637602], [0.8947526858383071, 0.026907759088442756, 0.012820510037981552, 0.013993597395550731, 0.036353662506782417, 0.01517178513293543], [0.8948739374498795, 0.026797380379577643, 0.012917241379310343, 0.014073082063619352, 0.03610441058540497, 0.015233948142207965], [0.9055101033537227, 0.02345264712086058, 0.012500189833368487, 0.013412233705969204, 0.030796582999367217, 0.014328242986711663], [0.9054813177648041, 0.023406171809841538, 0.01257931609674729, 0.013480900750625522, 0.030665888240200168, 0.014386405337781485], [0.9054730673316708, 0.02339285120532003, 0.012601995012468828, 0.01350058187863674, 0.030628428927680793, 0.014403075644222777], [0.9054730673316708, 0.02339285120532003, 0.012601995012468828, 0.01350058187863674, 0.030628428927680793, 0.014403075644222777], [0.9054730673316708, 0.02339285120532003, 0.012601995012468828, 0.01350058187863674, 0.030628428927680793, 0.014403075644222777], [0.9054730673316708, 0.02339285120532003, 0.012601995012468828, 0.01350058187863674, 0.030628428927680793, 0.014403075644222777], [0.9054730673316708, 0.02339285120532003, 0.012601995012468828, 0.01350058187863674, 0.030628428927680793, 0.014403075644222777], [0.9054730673316708, 0.02339285120532003, 0.012601995012468828, 0.01350058187863674, 0.030628428927680793, 0.014403075644222777], [0.9054730673316708, 0.02339285120532003, 0.012601995012468828, 0.01350058187863674, 0.030628428927680793, 0.014403075644222777], [0.9054730673316708, 0.02339285120532003, 0.012601995012468828, 0.01350058187863674, 0.030628428927680793, 0.014403075644222777], [0.9054730673316708, 0.02339285120532003, 0.012601995012468828, 0.01350058187863674, 0.030628428927680793, 0.014403075644222777], [0.9054730673316708, 0.02339285120532003, 0.012601995012468828, 0.01350058187863674, 0.030628428927680793, 0.014403075644222777], [0.9054730673316708, 0.02339285120532003, 0.012601995012468828, 0.01350058187863674, 0.030628428927680793, 0.014403075644222777], [0.9054730673316708, 0.02339285120532003, 0.012601995012468828, 0.01350058187863674, 0.030628428927680793, 0.014403075644222777], [0.9054730673316708, 0.02339285120532003, 0.012601995012468828, 0.01350058187863674, 0.030628428927680793, 0.014403075644222777], [0.9054730673316708, 0.02339285120532003, 0.012601995012468828, 0.01350058187863674, 0.030628428927680793, 0.014403075644222777], [0.9054730673316708, 0.02339285120532003, 0.012601995012468828, 0.01350058187863674, 0.030628428927680793, 0.014403075644222777], [0.9054730673316708, 0.02339285120532003, 0.012601995012468828, 0.01350058187863674, 0.030628428927680793, 0.014403075644222777], [0.9054730673316708, 0.02339285120532003, 0.012601995012468828, 0.01350058187863674, 0.030628428927680793, 0.014403075644222777], [0.9054730673316708, 0.02339285120532003, 0.012601995012468828, 0.01350058187863674, 0.030628428927680793, 0.014403075644222777], [0.9054730673316708, 0.02339285120532003, 0.012601995012468828, 0.01350058187863674, 0.030628428927680793, 0.014403075644222777], [0.9054730673316708, 0.02339285120532003, 0.012601995012468828, 0.01350058187863674, 0.030628428927680793, 0.014403075644222777], [0.9054730673316708, 0.02339285120532003, 0.012601995012468828, 0.01350058187863674, 0.030628428927680793, 0.014403075644222777], [0.9054689626556016, 0.023386224066390043, 0.012613278008298756, 0.013510373443983401, 0.030609792531120332, 0.014411369294605809], [0.9054689626556016, 0.023386224066390043, 0.012613278008298756, 0.013510373443983401, 0.030609792531120332, 0.014411369294605809], [0.9054689626556016, 0.023386224066390043, 0.012613278008298756, 0.013510373443983401, 0.030609792531120332, 0.014411369294605809], [0.9054689626556016, 0.023386224066390043, 0.012613278008298756, 0.013510373443983401, 0.030609792531120332, 0.014411369294605809], [0.9054730673316708, 0.02339285120532003, 0.012601995012468828, 0.01350058187863674, 0.030628428927680793, 0.014403075644222777], [0.9054689626556016, 0.023386224066390043, 0.012613278008298756, 0.013510373443983401, 0.030609792531120332, 0.014411369294605809], [0.9054730673316708, 0.02339285120532003, 0.012601995012468828, 0.01350058187863674, 0.030628428927680793, 0.014403075644222777]], [[0.8947167302452316, 0.026940490463215255, 0.012791825613079018, 0.013970027247956403, 0.036427574931880105, 0.015153351498637602], [0.15670370130317002, 0.0704508582016282, 0.020177348779520158, 0.04421100613896351, 0.6913560885092696, 0.017100997067448682], [0.15670370130317002, 0.0704508582016282, 0.020177348779520158, 0.04421100613896351, 0.6913560885092696, 0.017100997067448682], [0.8029935017165338, 0.0681623680698186, 0.029669791809387475, 0.019623890613434093, 0.06107412024740172, 0.018476327543424313], [0.7999874356953081, 0.06297613499003286, 0.030510293767945465, 0.019418167067965064, 0.06883736448079335, 0.018270603997955284], [0.11838977020331518, 0.04639327355753329, 0.020177348779520158, 0.02015342149486859, 0.7777851888973142, 0.017100997067448682], [0.8029935017165338, 0.0681623680698186, 0.029669791809387475, 0.019623890613434093, 0.06107412024740172, 0.018476327543424313], [0.8029935017165338, 0.0681623680698186, 0.029669791809387475, 0.019623890613434093, 0.06107412024740172, 0.018476327543424313], [0.13915995331390407, 0.07209049943563416, 0.030503034043281203, 0.020149902888938087, 0.7209848765178922, 0.017111733800350262], [0.11849601061465456, 0.0459648088978899, 0.0314881794940431, 0.020141462423521467, 0.7667720493924017, 0.017137489177489175], [0.10463124200884236, 0.05559582822588191, 0.051268330053837255, 0.017621333183419095, 0.7554831811673706, 0.015400085360648741], [0.8410085973931481, 0.048163446901193244, 0.025036536818193865, 0.01713510543174449, 0.05233866991424803, 0.01631764354147222], [0.10307768700051023, 0.054936067686252386, 0.050687449116338025, 0.0176537538859212, 0.7581720483868213, 0.015472993924156714], [0.8254796883601423, 0.05071546293845817, 0.03223345195976331, 0.018633255823868287, 0.05669550811612248, 0.016242632801645396], [0.10694890027663996, 0.05121379139299021, 0.01668351874988759, 0.019292979221262316, 0.7904607249985712, 0.015400085360648741], [0.8195056375335791, 0.05824913789628057, 0.03486707480153639, 0.02058073133878254, 0.050546321570964885, 0.01625109685885647], [0.7949258225596484, 0.07394579648663392, 0.04237010359782527, 0.02191820552781841, 0.050659270817790744, 0.01618080101028324], [0.10694890027663996, 0.05121379139299021, 0.01668351874988759, 0.019292979221262316, 0.7904607249985712, 0.015400085360648741], [0.8212624369850692, 0.05632740677650563, 0.03328763106397981, 0.01972389429702026, 0.053073707328286125, 0.01632492354913886], [0.8221905608076672, 0.0569138622170288, 0.03287025175792231, 0.02206269450554505, 0.04957448748576806, 0.016388143226068536], [0.8016368306143227, 0.06760762221277501, 0.03603192932396635, 0.021918205527818414, 0.05662461131083443, 0.01618080101028324], [0.11310071978880298, 0.047857816283783425, 0.045248416180358894, 0.017647880449338214, 0.7606853817185699, 0.01545978557914652], [0.7400452830175395, 0.08350911168543165, 0.05867623472855304, 0.024764022984232137, 0.07707685551462924, 0.015928492069614525], [0.13313877270267585, 0.07222150566707493, 0.033153561690447135, 0.017632647857824826, 0.7284279819717143, 0.015425530110262936], [0.5494824775447875, 0.08332278667741917, 0.24959849603513393, 0.024748433131257415, 0.07690922504396186, 0.015938581567440015], [0.7662828660930384, 0.07815216711400476, 0.05128978515098399, 0.02471411697367753, 0.06346372080955964, 0.016097343858735784], [0.10154476382723, 0.09221266931687971, 0.05723868978249824, 0.017656311150105, 0.7158688211534124, 0.015478744769874478], [0.1236459095039733, 0.07726006693777468, 0.03030584016337136, 0.01765813318652077, 0.7356472079931039, 0.015482842215256008], [0.5951537455366954, 0.069352804694607, 0.03637548403671812, 0.021640635654646585, 0.261418164621655, 0.016059165455677808], [0.7792755092428115, 0.0737031991349343, 0.03768352258288409, 0.025740679849719394, 0.06735902844865102, 0.016238060740999715], [0.5774794573483403, 0.27601650691287066, 0.04104842522492099, 0.02468765664019864, 0.06465416525406434, 0.01611378861960515], [0.7247979005883906, 0.0789618116763383, 0.05460613875176691, 0.027064102201312043, 0.09852021189642925, 0.016049834885762986], [0.7582013706421676, 0.0876310420679858, 0.04108441595679949, 0.024696447424305365, 0.07227839864970241, 0.016108325259039238], [0.13210682226617734, 0.0658326549740095, 0.037310204353759896, 0.024772032017071545, 0.7245919052326647, 0.015386381156316915], [0.7636380744229224, 0.11749433511432232, 0.027818252976444323, 0.02196503606172543, 0.05296336717488865, 0.01612093424969679], [0.9054715264797508, 0.02339036344755971, 0.012606230529595017, 0.013504257528556593, 0.03062143302180686, 0.014406188992731049], [0.8199151920741763, 0.055322876038169516, 0.03409983419951752, 0.019964203010495635, 0.05422878590041702, 0.016469108777224087], [0.827735376725927, 0.05270073587942113, 0.029488663513263527, 0.020233310701057508, 0.053287462335672366, 0.016554450844658314], [0.8431659128482608, 0.04628900692162638, 0.02172519706673963, 0.020137872209011393, 0.05221782108114748, 0.016464189873214314], [0.9054689626556016, 0.023386224066390043, 0.012613278008298756, 0.013510373443983401, 0.030609792531120332, 0.014411369294605809]], [[0.8947167302452316, 0.026940490463215255, 0.012791825613079018, 0.013970027247956403, 0.036427574931880105, 0.015153351498637602], [0.7649247260157522, 0.12249353339035136, 0.01784259935865925, 0.019623890613434093, 0.05663892307837864, 0.018476327543424313], [0.8947167302452316, 0.026940490463215255, 0.012791825613079018, 0.013970027247956403, 0.036427574931880105, 0.015153351498637602], [0.8030159017022358, 0.060344773059772865, 0.025861794240024216, 0.02363348805411658, 0.06866771540042609, 0.018476327543424313], [0.15123471955366888, 0.08150859391079891, 0.014622826093748122, 0.02698470742392635, 0.7079620419067466, 0.017687111111111112], [0.7356523877108716, 0.1180809371270397, 0.016020641922154376, 0.025413029356073015, 0.08600382474553922, 0.018829179138321994], [0.7688228531082784, 0.10414867592293602, 0.016415295945379826, 0.025682741018114894, 0.06550927383213065, 0.01942116017316017], [0.7688228531082784, 0.10414867592293602, 0.016415295945379826, 0.025682741018114894, 0.06550927383213065, 0.01942116017316017], [0.7573637452623104, 0.1037673737297426, 0.016267739675624775, 0.025804236070483294, 0.07761981210862448, 0.01917709315321444], [0.7584355617172213, 0.10448984231622105, 0.016205778412692023, 0.0254715700239719, 0.07643011137700907, 0.018967136152884503], [0.8066985572763284, 0.08653437275040174, 0.01457329124751619, 0.020837305269533212, 0.05487218363815458, 0.01648428981806575], [0.8066985572763284, 0.08653437275040174, 0.01457329124751619, 0.020837305269533212, 0.05487218363815458, 0.01648428981806575], [0.11527023059517348, 0.0939111979634572, 0.013496445362849602, 0.023839886716980563, 0.7379790376983375, 0.015503201663201663], [0.7860767299568635, 0.09415283130559719, 0.014439898678438975, 0.022985075583644297, 0.06606126351100604, 0.01628420096444993], [0.7845248191296502, 0.09461340787568548, 0.014513985873013236, 0.024164149652301577, 0.06578830571303819, 0.016395331756311318], [0.7713386852765354, 0.10753908103661874, 0.014593827412797147, 0.02751402804984788, 0.06249928415821353, 0.01651509406598719], [0.755546695664928, 0.1171132413149187, 0.01457329124751619, 0.029021485298798902, 0.06726099665577231, 0.01648428981806575], [0.7593284001302378, 0.10858877187726503, 0.014404821997821957, 0.027147516328409345, 0.07429890372274132, 0.0162315859435244], [0.7855817201315428, 0.09496685768169602, 0.014614766247985578, 0.024205587288740213, 0.06408456633126544, 0.01654650231876983], [0.7607007591958742, 0.10706653481068067, 0.014494949579962904, 0.02742885912340641, 0.07394211997333983, 0.016366777316735824], [0.752642749218246, 0.11876572848341115, 0.014476262576693315, 0.028154368302055678, 0.06962214460776243, 0.016338746811831437], [0.13207795589061644, 0.11641098976886464, 0.013459393764708491, 0.02466139930787066, 0.6979115164980654, 0.015478744769874478], [0.7478344854817938, 0.1264663663244893, 0.014439898678438975, 0.0291693502396419, 0.06580569831118618, 0.01628420096444993], [0.5500166484885497, 0.22125426634448375, 0.025272207217760436, 0.03650953131164214, 0.14923622630561378, 0.017711120331950207], [0.14137024562124992, 0.11524352335154765, 0.013399134022676793, 0.025089146402102393, 0.689458981878839, 0.015438968723584107], [0.7338027836820573, 0.13450514174187425, 0.018512219187589395, 0.03206242542744702, 0.06493662895074892, 0.01618080101028324], [0.15182030482347136, 0.3164482465227255, 0.01346808067585264, 0.028330451638724614, 0.4744484375424847, 0.015484478796741174], [0.5539940170618806, 0.11744729548244, 0.014338266244856332, 0.028199842325612977, 0.2698888265711339, 0.016131752314075962], [0.13552769820826574, 0.3160544624065941, 0.013419355980477377, 0.024514399884350852, 0.49503176675535837, 0.015452316764953664], [0.734325207045072, 0.1345089550510933, 0.014370965375661182, 0.032062425427447014, 0.06855164609044313, 0.01618080101028324], [0.15249385688136305, 0.3163759210039614, 0.013410525668699975, 0.028417100188689037, 0.47385610817460344, 0.015446488082682976], [0.13450373339887983, 0.1204905168315834, 0.013390243850858536, 0.02383043561022455, 0.6923519697793531, 0.015433100529100529], [0.5241948026825584, 0.05601873623159579, 0.042826037363326325, 0.025113891872586006, 0.33582120182916486, 0.016025330020768565], [0.9054689626556016, 0.023386224066390043, 0.012613278008298756, 0.013510373443983401, 0.030609792531120332, 0.014411369294605809], [0.9054787335971671, 0.023401999583420117, 0.012586419495938346, 0.013487065194751093, 0.03065415538429493, 0.014391626744428242], [0.7847078880427093, 0.08410170531888703, 0.036971067701243726, 0.022222530392922643, 0.055685582591766536, 0.016311225952470768], [0.7879496977070256, 0.10121031712983057, 0.014614766247985578, 0.024205587288740213, 0.05547312930764818, 0.01654650231876983], [0.785729581344517, 0.09677814268646814, 0.014439898678438975, 0.0229850755836443, 0.06378310074248165, 0.01628420096444993], [0.10878912641937923, 0.041664481453444355, 0.01669161039616452, 0.019293298006560686, 0.7981494837244512, 0.015411999999999999], [0.9054730673316708, 0.02339285120532003, 0.012601995012468828, 0.01350058187863674, 0.030628428927680793, 0.014403075644222777]], [[0.8947167302452316, 0.026940490463215255, 0.012791825613079018, 0.013970027247956403, 0.036427574931880105, 0.015153351498637602], [0.8947167302452316, 0.026940490463215255, 0.012791825613079018, 0.013970027247956403, 0.036427574931880105, 0.015153351498637602], [0.8947167302452316, 0.026940490463215255, 0.012791825613079018, 0.013970027247956403, 0.036427574931880105, 0.015153351498637602], [0.8947167302452316, 0.026940490463215255, 0.012791825613079018, 0.013970027247956403, 0.036427574931880105, 0.015153351498637602], [0.7877923467052136, 0.05870785384349988, 0.055510226197638554, 0.01941816706796506, 0.060300802187727404, 0.01827060399795528], [0.11838977020331518, 0.04639327355753329, 0.020177348779520158, 0.02015342149486859, 0.7777851888973142, 0.017100997067448682], [0.7566240055557063, 0.10419590642170319, 0.016251829781913665, 0.025836765523539716, 0.07791553178917623, 0.01917596092796093], [0.7542391599296108, 0.1177818471753076, 0.015477133296360607, 0.025297397378415985, 0.06916195540831595, 0.0180425068119891], [0.7580960457261079, 0.10334315060602298, 0.01628348957040479, 0.02577203375208991, 0.07732706635320714, 0.01917821399216748], [0.15123471955366888, 0.08150859391079891, 0.014622826093748122, 0.02698470742392635, 0.7079620419067466, 0.017687111111111112], [0.8066985572763284, 0.08653437275040174, 0.01457329124751619, 0.020837305269533212, 0.05487218363815458, 0.01648428981806575], [0.7854417962187134, 0.09539990706758324, 0.014553146247288203, 0.02218655075141575, 0.06596452739727554, 0.016454072317723768], [0.1155500853133412, 0.09412870354550233, 0.013479212300939656, 0.02385284718696341, 0.7374973251311516, 0.015491826522101751], [0.11966634649658334, 0.08028710427767272, 0.01346808067585264, 0.023975126045492443, 0.7471188637076577, 0.015484478796741172], [0.7624359454891466, 0.1087600175088302, 0.014494949579962904, 0.02742885912340641, 0.07051345098191796, 0.016366777316735824], [0.755546695664928, 0.1171132413149187, 0.01457329124751619, 0.029021485298798902, 0.06726099665577231, 0.01648428981806575], [0.7360033808017171, 0.1322462695317911, 0.014457915337119535, 0.03092821393368795, 0.07005299444321346, 0.016311225952470768], [0.13633846184618928, 0.109896282611621, 0.013360846915207695, 0.0245644344217137, 0.7004262779058212, 0.015413696299447043], [0.5742775151795103, 0.10858877187726503, 0.014404821997821957, 0.027147516328409345, 0.25934978867346886, 0.0162315859435244], [0.12029867577867237, 0.08067108853841062, 0.013430671052198147, 0.024003979058182114, 0.7461357999933902, 0.01545978557914652], [0.7584462046099741, 0.10994196529065339, 0.014404821997821959, 0.02712877403736519, 0.0738466481206609, 0.0162315859435244], [0.12594544310242028, 0.11390242624778697, 0.013430671052198147, 0.023246108499991654, 0.7080155655184563, 0.01545978557914652], [0.7483878741790733, 0.12669670227981397, 0.014457915337119534, 0.028259508976273662, 0.06588677327524871, 0.016311225952470764], [0.5616288888497495, 0.31267196295653354, 0.014439898678438975, 0.0291693502396419, 0.0658056983111862, 0.01628420096444993], [0.7304558901322574, 0.14200651466467834, 0.01656640851428021, 0.032062425427447014, 0.06272796025105386, 0.01618080101028324], [0.5507205062955507, 0.31862323256807035, 0.014457915337119535, 0.031597993073188446, 0.06828912677360029, 0.016311225952470768], [0.7308868109780645, 0.14000238756380118, 0.014439898678438975, 0.0291693502396419, 0.06921735157560346, 0.01628420096444993], [0.722364561962951, 0.14243539906954772, 0.014553146247288203, 0.0342851453491351, 0.06990767505335421, 0.01645407231772377], [0.5291933254144816, 0.3350597676019381, 0.014370965375661182, 0.028590506778624618, 0.0766046338190113, 0.01618080101028324], [0.7375808823534333, 0.13271234443408553, 0.014533381341404139, 0.03523386083157016, 0.06351510608060915, 0.016424424958897677], [0.7335117098450412, 0.13323739743058713, 0.014439898678438975, 0.03250783433655668, 0.07001895874492603, 0.01628420096444993], [0.5720788531732999, 0.13482945619809786, 0.13427021869481062, 0.0341237440222546, 0.10626716679800943, 0.018430561113527623], [0.9054689626556016, 0.023386224066390043, 0.012613278008298756, 0.013510373443983401, 0.030609792531120332, 0.014411369294605809], [0.8986508133971292, 0.02543578947368421, 0.013013397129186604, 0.014047846889952153, 0.03376535885167464, 0.015086794258373205], [0.10205354433957585, 0.4204277417685779, 0.025237643882687084, 0.017615239250000404, 0.41927944960284186, 0.015386381156316915], [0.5753013017563664, 0.29952150359412066, 0.01850821643464101, 0.02754711807222488, 0.06278311333081561, 0.016338746811831437], [0.7717726797968719, 0.10625721474915209, 0.014404821997821955, 0.026521523807534392, 0.06481217370509502, 0.016231585943524397], [0.11228166957195354, 0.07769622191174332, 0.013396596658627184, 0.02408405773599373, 0.7571041602527603, 0.015437293868921776], [0.8186306838325503, 0.052396526266414015, 0.033738035555581684, 0.019504573244110424, 0.0595368501839506, 0.01619333091739296], [0.9054730673316708, 0.02339285120532003, 0.012601995012468828, 0.01350058187863674, 0.030628428927680793, 0.014403075644222777]], [[0.8947167302452316, 0.026940490463215255, 0.012791825613079018, 0.013970027247956403, 0.036427574931880105, 0.015153351498637602], [0.1543795880988289, 0.04615786710208968, 0.03960209412285121, 0.029862613232477943, 0.7128767909321244, 0.017121046511627908], [0.7439568607543973, 0.05789106510389734, 0.08733624447880742, 0.02056039843496553, 0.07275446037472615, 0.017500970853206146], [0.15373041547631047, 0.04972253695206126, 0.03617614297759188, 0.03049402757454623, 0.713233874338525, 0.01664300268096515], [0.8947838918918918, 0.026879351351351347, 0.012845405405405406, 0.014014054054054054, 0.03628951351351351, 0.015187783783783784], [0.8948390335570471, 0.026829154362416105, 0.012889395973154362, 0.014050201342281878, 0.03617616107382551, 0.015216053691275168], [0.7853637645376255, 0.06754989625879994, 0.03776327744422733, 0.020947256519681823, 0.07060732838128461, 0.01776847685838082], [0.7419754160419689, 0.11934155681296363, 0.015364181395470385, 0.02658572399436593, 0.07891607969336699, 0.017817042061864043], [0.7588351510276398, 0.11474232351026645, 0.015598330920951527, 0.025115196297540714, 0.06762455145194601, 0.01808444679165566], [0.7672272136338265, 0.09805344676924765, 0.016479877447888116, 0.025370498056286835, 0.07367677418607335, 0.019192189906677537], [0.7942615182465255, 0.09445352884255317, 0.01465790024847374, 0.02213515526530844, 0.05788069407763705, 0.016611203319502072], [0.7842540262203309, 0.10120105905984528, 0.014636119713573776, 0.023180620940506665, 0.06014964154859109, 0.01657853251715213], [0.5911189592280448, 0.28270145521710743, 0.014513985873013235, 0.024164149652301577, 0.07110611827322168, 0.016395331756311318], [0.7509874289184162, 0.11744227055700854, 0.014404821997821959, 0.027147516328409352, 0.07378637625481967, 0.0162315859435244], [0.7488375798673492, 0.12382235711249749, 0.01457329124751619, 0.029021485298798902, 0.06726099665577231, 0.01648428981806575], [0.7339195646491017, 0.13590702763773724, 0.014457915337119534, 0.030928213933687942, 0.0684760524898828, 0.016311225952470764], [0.7316818689156614, 0.137527265884977, 0.014533381341404139, 0.03276572853428957, 0.06706733036477018, 0.016424424958897677], [0.7328067045903177, 0.13384460763749084, 0.014457915337119535, 0.03092821393368795, 0.07165133254891322, 0.016311225952470768], [0.7425033445650994, 0.12001166636822631, 0.014387745192784726, 0.02719054616918145, 0.0797007269687396, 0.016205970735968554], [0.125192351957776, 0.09856936568492712, 0.013428160293439871, 0.022680992583075342, 0.724671001194767, 0.015458128286014722], [0.7897887937610978, 0.08909574771983081, 0.014513985873013235, 0.024164149652301577, 0.06604199123744531, 0.016395331756311318], [0.7618053840978202, 0.10841972822406902, 0.014494949579962904, 0.027410116832362247, 0.07150304394904962, 0.01636677731673582], [0.7490900456896668, 0.12231843201199037, 0.014476262576693315, 0.028154368302055678, 0.06962214460776243, 0.016338746811831437], [0.15310512533009013, 0.12224960052821915, 0.013410525668699975, 0.028417100188689037, 0.6673711602016186, 0.015446488082682976], [0.13608251866427107, 0.12597006509959285, 0.013479212300939656, 0.02107689317908307, 0.6878994842340116, 0.015491826522101751], [0.13472654799095596, 0.3099340237615983, 0.013410525668699975, 0.023815483707722206, 0.5026669307883403, 0.015446488082682976], [0.3283053990993771, 0.41432725347381777, 0.021298518588973834, 0.04385148884154207, 0.17450621966433916, 0.017711120331950207], [0.5267308399894494, 0.3340054637529789, 0.014439898678438975, 0.032277759065772904, 0.0762618375489098, 0.01628420096444993], [0.34207660960233693, 0.13897550901091896, 0.01334022667420115, 0.030286429419187154, 0.4599211399327071, 0.015400085360648741], [0.541057943507451, 0.19790373030079383, 0.02129851858897383, 0.0614721869133019, 0.16055650035752927, 0.017711120331950207], [0.7197781097018394, 0.14886284420978324, 0.014533381341404139, 0.031696321304898745, 0.06870491848317682, 0.016424424958897677], [0.7542542264846858, 0.06751138498366342, 0.046378250580765, 0.026903771178706466, 0.08853776609604666, 0.01641460067613252], [0.9054740956340955, 0.023394511434511434, 0.012599168399168399, 0.013498128898128898, 0.03063309771309771, 0.014400997920997919], [0.9054689626556016, 0.023386224066390043, 0.012613278008298756, 0.013510373443983401, 0.030609792531120332, 0.014411369294605809], [0.5257861943725979, 0.0808998471500246, 0.24745640868282254, 0.027773230353564125, 0.10209558436991269, 0.015988735071078078], [0.7296133886214271, 0.13399392998622298, 0.020712612988551225, 0.028259508976273662, 0.07110933347505426, 0.016311225952470764], [0.13743086015472242, 0.11118588463760669, 0.013378774850573916, 0.027428190930592795, 0.6951507593162413, 0.015425530110262936], [0.7784410479278956, 0.09958884661812836, 0.014404821997821955, 0.026521523807534392, 0.06481217370509502, 0.016231585943524397], [0.8164523940943034, 0.0569138622170288, 0.03287025175792231, 0.02206269450554505, 0.0553126541991319, 0.016388143226068536], [0.9054730673316708, 0.02339285120532003, 0.012601995012468828, 0.01350058187863674, 0.030628428927680793, 0.014403075644222777]], [[0.8947526858383071, 0.026907759088442756, 0.012820510037981552, 0.013993597395550731, 0.036353662506782417, 0.01517178513293543], [0.7839980315030917, 0.062178800941761, 0.038279993120309816, 0.020693785961333734, 0.07724688085019822, 0.017602507623305376], [0.31713246797499717, 0.07636497451280812, 0.013450681373414328, 0.0273433358836949, 0.5502355463309286, 0.015472993924156714], [0.770782876004066, 0.10605842619806508, 0.014336296868745959, 0.02371433437272309, 0.06894945764276586, 0.016158608913633847], [0.12084107514293155, 0.04150457600996799, 0.030831139270472686, 0.026354102841794978, 0.7650284645717571, 0.015440642163075623], [0.905532, 0.023488, 0.01244, 0.01336, 0.030896, 0.014284], [0.12637797781489135, 0.058511549647507266, 0.01673303349297575, 0.036482519226314444, 0.7464219258941543, 0.015472993924156714], [0.12240890362849985, 0.07395158166129802, 0.013390243850858538, 0.027424030089497516, 0.7473921402407455, 0.015433100529100529], [0.7876333290481238, 0.09469519193298193, 0.014533381341404139, 0.023184678498560957, 0.06352899422003148, 0.016424424958897677], [0.788977958820366, 0.0942103355666965, 0.014553146247288203, 0.02218655075141575, 0.06361793629650977, 0.01645407231772377], [0.8157664782798714, 0.08254057925414199, 0.0139066603180814, 0.021106747016301074, 0.05113608640211601, 0.015543448729488334], [0.6604313900437225, 0.23544141073608219, 0.013888666663512322, 0.021970442435616754, 0.05275163187343138, 0.015516458247634717], [0.6333338027119371, 0.09856153206891824, 0.013787702268430279, 0.024686556114478824, 0.2142653951812237, 0.015365011655011654], [0.11404766566447239, 0.09439896177978714, 0.01295662625792073, 0.02216628857533179, 0.741786331848362, 0.014644125874125873], [0.6122582255124424, 0.2688583192410655, 0.013683226068301906, 0.026775996701890785, 0.06321593512148044, 0.015208297354819093], [0.11429195632142351, 0.10128663081417821, 0.012956626257920732, 0.02262745468090009, 0.7341932060514514, 0.014644125874125873], [0.43471416115834566, 0.36456491048905004, 0.019520779650149277, 0.03426238093896777, 0.1304399355956551, 0.01649783216783217], [0.7311421407491788, 0.13790072688505567, 0.014439898678438975, 0.031838055197056174, 0.06839497752582027, 0.016284200964449925], [0.139285409278741, 0.11767473483231991, 0.013378774850573916, 0.025108448001430986, 0.6891271029266712, 0.015425530110262936], [0.7500501803541022, 0.1200116663682263, 0.014387745192784724, 0.02719054616918145, 0.07215389117973668, 0.01620597073596855], [0.7690146411870595, 0.10889227445000714, 0.014593827412797149, 0.027495285758803722, 0.06348887712534519, 0.01651509406598719], [0.7971789690180832, 0.08944919752584134, 0.014614766247985576, 0.024205587288740213, 0.058004977600579676, 0.016546502318769828], [0.7618053840978202, 0.10841972822406902, 0.014494949579962904, 0.027410116832362247, 0.07150304394904962, 0.01636677731673582], [0.7507577157778894, 0.12065076192376785, 0.014476262576693315, 0.028154368302055678, 0.06962214460776245, 0.016338746811831437], [0.752642749218246, 0.11876572848341115, 0.014476262576693315, 0.028154368302055678, 0.06962214460776243, 0.016338746811831437], [0.7494482054892739, 0.12563637096961333, 0.014457915337119534, 0.028259508976273662, 0.06588677327524871, 0.016311225952470764], [0.7277202245600684, 0.14083978965094834, 0.014439898678438975, 0.03250783433655668, 0.06820805180953776, 0.01628420096444993], [0.7085409677476012, 0.1596542883887614, 0.014553146247288203, 0.030747605822463706, 0.07004991947616185, 0.01645407231772377], [0.5247847005984309, 0.3313903881907154, 0.014439898678438975, 0.03227775906577291, 0.08082305250219195, 0.01628420096444993], [0.7124716027740227, 0.14654653040213805, 0.014439898678438975, 0.03227775906577291, 0.07798000811517754, 0.01628420096444993], [0.5366546927988872, 0.32474791135890657, 0.014457915337119532, 0.03136791780240467, 0.07646033675021102, 0.016311225952470764], [0.14206422724736145, 0.1329693812634785, 0.01334022667420115, 0.030286429419187154, 0.6659396500351231, 0.015400085360648741], [0.724169745723969, 0.08421444564994335, 0.047131703119043994, 0.027002727845279184, 0.10063105531478879, 0.016850322346975734], [0.10054190709813314, 0.0902092398695099, 0.08836401028634616, 0.017647880449338217, 0.687777176717526, 0.015459785579146523], [0.30796866272941514, 0.243381806657465, 0.028056275032745874, 0.038792701031306144, 0.3640894342171176, 0.017711120331950207], [0.5521666107435168, 0.3113878736790923, 0.017745755793647518, 0.03009702357687529, 0.07217831124797056, 0.016424424958897677], [0.7384159636980203, 0.13065173831868113, 0.014370965375661182, 0.02723973926142706, 0.07314079233592691, 0.01618080101028324], [0.7656983793460203, 0.10996502819795058, 0.01457329124751619, 0.02839549277792395, 0.06488351861252323, 0.01648428981806575], [0.7884797219841175, 0.07604926554660402, 0.034095185719485686, 0.023430400825261016, 0.06163419997206092, 0.016311225952470768], [0.9054730673316708, 0.02339285120532003, 0.012601995012468828, 0.01350058187863674, 0.030628428927680793, 0.014403075644222777]], [[0.8948739374498795, 0.026797380379577643, 0.012917241379310343, 0.014073082063619352, 0.03610441058540497, 0.015233948142207965], [0.7826070950549063, 0.06902738905050762, 0.03946877341718997, 0.02206733311462275, 0.06912274673119236, 0.017706662631580865], [0.12495711318168237, 0.1001876759719344, 0.013508693401515889, 0.027152752884186712, 0.7186824782536265, 0.015511286307053942], [0.7679170175265341, 0.10667802635581984, 0.014494949579962904, 0.026802866602531457, 0.06774036261841583, 0.016366777316735824], [0.7810538442188788, 0.10073488364219296, 0.014422203745806283, 0.023922907013176974, 0.0636085028144441, 0.01625765856550089], [0.8168238890209225, 0.05121250823596831, 0.030741835193788945, 0.02260241702425162, 0.062335152184339465, 0.01628419834072931], [0.9029289777777777, 0.0242128, 0.012673777777777779, 0.013634666666666666, 0.03195004444444444, 0.014599733333333333], [0.7931307629170494, 0.06497436812594065, 0.03913279174303272, 0.027652322033719152, 0.05892895416997485, 0.01618080101028324], [0.784588240510752, 0.09689657759534949, 0.014513985873013236, 0.024164149652301577, 0.06344171461227241, 0.016395331756311318], [0.12122365473737692, 0.0733238960982496, 0.013459393764708491, 0.027331703383446815, 0.7491826072463438, 0.015478744769874478], [0.8144208754224511, 0.07887580461949818, 0.013836742117470128, 0.020269086472346834, 0.05715891993966226, 0.015438571428571427], [0.8160678024989465, 0.08186767903682421, 0.0139066603180814, 0.021106747016301067, 0.051507662400358444, 0.015543448729488332], [0.8054288777686177, 0.08363756802774452, 0.01380374334054612, 0.02193552470700937, 0.059805212892896926, 0.015389073263185412], [0.7880004019807957, 0.09573593655509159, 0.013711755599563257, 0.024449480542470814, 0.06285133367036747, 0.01525109165171112], [0.7824258143407227, 0.10373998334821596, 0.013771955527912898, 0.025313705080199513, 0.05940715015871335, 0.01534139154423558], [0.7632118364761912, 0.11800556126341098, 0.013683226068301906, 0.026775996701890785, 0.06311508213538608, 0.015208297354819093], [0.7671695744666703, 0.11632483632687464, 0.013820087074399991, 0.02918370831036289, 0.05808820495772593, 0.015413588863966224], [0.7364292959275051, 0.13339729635933378, 0.014457915337119535, 0.03092821393368795, 0.0684760524898828, 0.016311225952470768], [0.7500501803541022, 0.1200116663682263, 0.014387745192784724, 0.02719054616918145, 0.07215389117973668, 0.01620597073596855], [0.7713386852765354, 0.10753908103661874, 0.014593827412797147, 0.02751402804984788, 0.06249928415821353, 0.01651509406598719], [0.7897887937610978, 0.08909574771983081, 0.014513985873013235, 0.024164149652301577, 0.06604199123744531, 0.016395331756311318], [0.7893262045655123, 0.09064967117254129, 0.014439898678438975, 0.022985075583644297, 0.06631494903541314, 0.01628420096444993], [0.12443923662690483, 0.07999037204783946, 0.013378774850573916, 0.024097962911630695, 0.7426681234527881, 0.015425530110262936], [0.7618053840978202, 0.10841972822406902, 0.014494949579962904, 0.027410116832362247, 0.07150304394904962, 0.01636677731673582], [0.7690146411870595, 0.10889227445000714, 0.014593827412797149, 0.027495285758803722, 0.06348887712534519, 0.01651509406598719], [0.7409591021609137, 0.12470853794547707, 0.014476262576693315, 0.031492852398970456, 0.07202449810611401, 0.016338746811831437], [0.13352686155654003, 0.11502131411777353, 0.01334022667420115, 0.02963721366340278, 0.6930742986274337, 0.015400085360648741], [0.543672147787503, 0.31863316877208187, 0.014439898678438975, 0.03250783433655668, 0.07446274946096945, 0.01628420096444993], [0.29712655915452174, 0.26925791559822215, 0.02129851858897383, 0.03650953131164214, 0.3580963550146898, 0.017711120331950207], [0.14231544523330866, 0.14125132664365236, 0.013358277062831188, 0.030254001757087437, 0.6574089493031202, 0.015411999999999999], [0.7097822662966051, 0.14908654636300275, 0.014439898678438975, 0.03227775906577291, 0.07812932863173028, 0.01628420096444993], [0.333378488762012, 0.40492467343336436, 0.02129851858897383, 0.0614721869133019, 0.1612150119703977, 0.017711120331950207], [0.5427413892672064, 0.32400771800842193, 0.014439898678438975, 0.03250783433655668, 0.07001895874492603, 0.01628420096444993], [0.16162716291263718, 0.11874955700950256, 0.013459393764708491, 0.0350666996090642, 0.6556184419342131, 0.015478744769874478], [0.7245947640877212, 0.13343069396049245, 0.01640579146208175, 0.03250783433655668, 0.07677671518869807, 0.01628420096444993], [0.7417231415091649, 0.1279978244857549, 0.014457915337119534, 0.028259508976273662, 0.07125038373921622, 0.016311225952470764], [0.14544055716517262, 0.3037748660878573, 0.013448187423036384, 0.026080720166052833, 0.49578432143203716, 0.015471347725843639], [0.768208591444167, 0.10189475230460243, 0.014404821997821957, 0.026521523807534392, 0.07273872450234965, 0.0162315859435244], [0.623757386780996, 0.05824913789628058, 0.0348670748015364, 0.020580731338782545, 0.24629457232354807, 0.01625109685885647], [0.9054730673316708, 0.02339285120532003, 0.012601995012468828, 0.01350058187863674, 0.030628428927680793, 0.014403075644222777]], [[0.9055101033537227, 0.02345264712086058, 0.012500189833368487, 0.013412233705969204, 0.030796582999367217, 0.014328242986711663], [0.8129940535001668, 0.058631687546631554, 0.03501937995881111, 0.02059235806682, 0.05654243149541302, 0.016220089432157594], [0.1101978482046774, 0.269062162880955, 0.01295662625792073, 0.020553120010739064, 0.5725861167715818, 0.014644125874125873], [0.7796410762709, 0.10743613895013532, 0.013697365704409506, 0.023958242759586947, 0.060037669505987865, 0.015229506808980494], [0.11338482367482343, 0.0962015483659799, 0.01295662625792073, 0.020648447505685882, 0.7421644283214641, 0.014644125874125873], [0.10960569251225268, 0.07537110103599726, 0.012956626257920732, 0.02523163146912312, 0.7621908228505803, 0.014644125874125873], [0.2766218692843147, 0.056350242148996636, 0.020857379350981517, 0.016463840436626204, 0.6150625429049549, 0.014644125874125873], [0.9124755944055943, 0.02128, 0.012202097902097902, 0.012958041958041958, 0.027366993006993003, 0.013717272727272727], [0.8178129855349962, 0.05632455495927166, 0.03454896087437372, 0.02487485877666544, 0.05123034249987391, 0.015208297354819093], [0.09459235432169616, 0.051682106829804654, 0.02188230841889701, 0.017833304306090075, 0.7993658002493861, 0.014644125874125873], [0.8317351895702484, 0.0700039194967058, 0.013300739889058602, 0.019599720598650117, 0.05068282798281613, 0.014677602462520662], [0.8278993278276712, 0.07344675966246096, 0.013219791851176176, 0.02013722232681465, 0.05074071792618001, 0.014556180405697023], [0.09289001627328387, 0.21918007899650715, 0.01255466800533332, 0.0191184058098833, 0.6422440816702794, 0.014012749244712991], [0.0901198529470881, 0.20605556753809492, 0.01255466800533332, 0.02007006874753422, 0.6571870935172364, 0.014012749244712991], [0.22275414734980079, 0.09008626960105547, 0.01255466800533332, 0.019118405809883297, 0.641473759989214, 0.014012749244712991], [0.11334043236373306, 0.25191268672248673, 0.012956626257920732, 0.021119569603926625, 0.5860265591778069, 0.014644125874125873], [0.7636872384175183, 0.1165905578415817, 0.013683226068301906, 0.026775996701890785, 0.06405468361588823, 0.015208297354819093], [0.13474218960372172, 0.3128446935611832, 0.013508693401515889, 0.024070460283769933, 0.4993226768427553, 0.015511286307053942], [0.31784301032620155, 0.13126030254336532, 0.013508693401515889, 0.024070460283769933, 0.49780624713809335, 0.015511286307053942], [0.7605376189629076, 0.11101684475242644, 0.014404821997821957, 0.027147516328409345, 0.0706616120149102, 0.0162315859435244], [0.11811833353812232, 0.10277862550874306, 0.013498899043081169, 0.022086672672855353, 0.7280126479570651, 0.015504821280133002], [0.12419772138993894, 0.27455880284208284, 0.013508693401515889, 0.02219534069976676, 0.5500281553596416, 0.015511286307053942], [0.7724789658298618, 0.10282067800480565, 0.014387745192784724, 0.022770296365568952, 0.07133634387101029, 0.01620597073596855], [0.787822900977455, 0.09106164050347357, 0.014513985873013235, 0.024164149652301577, 0.06604199123744531, 0.016395331756311318], [0.7690146411870595, 0.10889227445000714, 0.014593827412797149, 0.027495285758803722, 0.06348887712534519, 0.01651509406598719], [0.7532226515754522, 0.11846643472830706, 0.01457329124751619, 0.029002743007754746, 0.06825058962290398, 0.01648428981806575], [0.7417310868756299, 0.1291992592432327, 0.014387745192784726, 0.03199449004415725, 0.06648144790822683, 0.016205970735968554], [0.7444238712171972, 0.12697465627235988, 0.014457915337119535, 0.02825950897627367, 0.06957282224457892, 0.016311225952470768], [0.14220068133611802, 0.31168807499989865, 0.013358277062831188, 0.025127881015903943, 0.4922130855852482, 0.015411999999999999], [0.7235557535375727, 0.14255845117503668, 0.014370965375661182, 0.028590506778624618, 0.07474352212282157, 0.01618080101028324], [0.7224829807536622, 0.14539693797179126, 0.014553146247288203, 0.