{"prediction": [[[0.9054730673316708, 0.02339285120532003, 0.012601995012468828, 0.01350058187863674, 0.030628428927680793, 0.014403075644222777], [0.9054689626556016, 0.023386224066390043, 0.012613278008298756, 0.013510373443983401, 0.030609792531120332, 0.014411369294605809], [0.9054730673316708, 0.02339285120532003, 0.012601995012468828, 0.01350058187863674, 0.030628428927680793, 0.014403075644222777], [0.9054730673316708, 0.02339285120532003, 0.012601995012468828, 0.01350058187863674, 0.030628428927680793, 0.014403075644222777], [0.9054730673316708, 0.02339285120532003, 0.012601995012468828, 0.01350058187863674, 0.030628428927680793, 0.014403075644222777], [0.9054730673316708, 0.02339285120532003, 0.012601995012468828, 0.01350058187863674, 0.030628428927680793, 0.014403075644222777], [0.9054730673316708, 0.02339285120532003, 0.012601995012468828, 0.01350058187863674, 0.030628428927680793, 0.014403075644222777], [0.9054730673316708, 0.02339285120532003, 0.012601995012468828, 0.01350058187863674, 0.030628428927680793, 0.014403075644222777], [0.9054730673316708, 0.02339285120532003, 0.012601995012468828, 0.01350058187863674, 0.030628428927680793, 0.014403075644222777], [0.9054730673316708, 0.02339285120532003, 0.012601995012468828, 0.01350058187863674, 0.030628428927680793, 0.014403075644222777], [0.9054730673316708, 0.02339285120532003, 0.012601995012468828, 0.01350058187863674, 0.030628428927680793, 0.014403075644222777], [0.9054730673316708, 0.02339285120532003, 0.012601995012468828, 0.01350058187863674, 0.030628428927680793, 0.014403075644222777], [0.9054730673316708, 0.02339285120532003, 0.012601995012468828, 0.01350058187863674, 0.030628428927680793, 0.014403075644222777], [0.9054813177648041, 0.023406171809841538, 0.01257931609674729, 0.013480900750625522, 0.030665888240200168, 0.014386405337781485], [0.9055101033537227, 0.02345264712086058, 0.012500189833368487, 0.013412233705969204, 0.030796582999367217, 0.014328242986711663], [0.8948739374498795, 0.026797380379577643, 0.012917241379310343, 0.014073082063619352, 0.03610441058540497, 0.015233948142207965], [0.8947526858383071, 0.026907759088442756, 0.012820510037981552, 0.013993597395550731, 0.036353662506782417, 0.01517178513293543], [0.8947167302452316, 0.026940490463215255, 0.012791825613079018, 0.013970027247956403, 0.036427574931880105, 0.015153351498637602], [0.8947167302452316, 0.026940490463215255, 0.012791825613079018, 0.013970027247956403, 0.036427574931880105, 0.015153351498637602], [0.8947167302452316, 0.026940490463215255, 0.012791825613079018, 0.013970027247956403, 0.036427574931880105, 0.015153351498637602], [0.8947167302452316, 0.026940490463215255, 0.012791825613079018, 0.013970027247956403, 0.036427574931880105, 0.015153351498637602], [0.8947526858383071, 0.026907759088442756, 0.012820510037981552, 0.013993597395550731, 0.036353662506782417, 0.01517178513293543], [0.8948739374498795, 0.026797380379577643, 0.012917241379310343, 0.014073082063619352, 0.03610441058540497, 0.015233948142207965], [0.9055101033537227, 0.02345264712086058, 0.012500189833368487, 0.013412233705969204, 0.030796582999367217, 0.014328242986711663], [0.9054813177648041, 0.023406171809841538, 0.01257931609674729, 0.013480900750625522, 0.030665888240200168, 0.014386405337781485], [0.9054730673316708, 0.02339285120532003, 0.012601995012468828, 0.01350058187863674, 0.030628428927680793, 0.014403075644222777], [0.9054730673316708, 0.02339285120532003, 0.012601995012468828, 0.01350058187863674, 0.030628428927680793, 0.014403075644222777], [0.9054730673316708, 0.02339285120532003, 0.012601995012468828, 0.01350058187863674, 0.030628428927680793, 0.014403075644222777], [0.9054730673316708, 0.02339285120532003, 0.012601995012468828, 0.01350058187863674, 0.030628428927680793, 0.014403075644222777], [0.9054730673316708, 0.02339285120532003, 0.012601995012468828, 0.01350058187863674, 0.030628428927680793, 0.014403075644222777], [0.9054730673316708, 0.02339285120532003, 0.012601995012468828, 0.01350058187863674, 0.030628428927680793, 0.014403075644222777], [0.9054730673316708, 0.02339285120532003, 0.012601995012468828, 0.01350058187863674, 0.030628428927680793, 0.014403075644222777], [0.9054730673316708, 0.02339285120532003, 0.012601995012468828, 0.01350058187863674, 0.030628428927680793, 0.014403075644222777], [0.9054730673316708, 0.02339285120532003, 0.012601995012468828, 0.01350058187863674, 0.030628428927680793, 0.014403075644222777], [0.9054730673316708, 0.02339285120532003, 0.012601995012468828, 0.01350058187863674, 0.030628428927680793, 0.014403075644222777], [0.9054730673316708, 0.02339285120532003, 0.012601995012468828, 0.01350058187863674, 0.030628428927680793, 0.014403075644222777], [0.9054813177648041, 0.023406171809841538, 0.01257931609674729, 0.013480900750625522, 0.030665888240200168, 0.014386405337781485], [0.9055101033537227, 0.02345264712086058, 0.012500189833368487, 0.013412233705969204, 0.030796582999367217, 0.014328242986711663], [0.8948739374498795, 0.026797380379577643, 0.012917241379310343, 0.014073082063619352, 0.03610441058540497, 0.015233948142207965], [0.8947526858383071, 0.026907759088442756, 0.012820510037981552, 0.013993597395550731, 0.036353662506782417, 0.01517178513293543]], [[0.9054689626556016, 0.023386224066390043, 0.012613278008298756, 0.013510373443983401, 0.030609792531120332, 0.014411369294605809], [0.590338142797446, 0.07160220612883574, 0.03803430341479109, 0.22720792409903376, 0.056579362818893586, 0.01623806074099971], [0.7651223574987933, 0.06393618410665063, 0.0474081112654645, 0.03520199227138576, 0.07216297527048804, 0.01616837958721776], [0.7633539850686321, 0.0688287101133952, 0.048759061386461904, 0.030926209083460394, 0.0720300949307178, 0.016101939417332643], [0.7721829825787008, 0.06393618410665063, 0.0474081112654645, 0.028141367191478278, 0.07216297527048804, 0.01616837958721776], [0.7848938717280223, 0.06268697198538581, 0.03533842838428095, 0.029776048859311316, 0.07106661830199967, 0.01623806074099971], [0.7689736075423792, 0.06008493406306473, 0.0474081112654645, 0.03520199227138576, 0.07216297527048804, 0.01616837958721776], [0.7518478705803896, 0.07128518795030316, 0.05203155181878683, 0.03254717572009248, 0.07629947885934987, 0.015988735071078078], [0.13778734549820623, 0.06633191747013822, 0.07331826678221928, 0.0176419673692263, 0.6894740147975268, 0.015446488082682976], [0.7409758480217793, 0.0926358762180795, 0.05343912886615794, 0.02532960841032298, 0.07164333894119598, 0.015976199542464167], [0.13408985480337574, 0.07909922905871608, 0.04313443226099559, 0.0176537538859212, 0.7105497360668346, 0.015472993924156714], [0.2991418609092963, 0.05032934159077845, 0.024899035574827574, 0.01929595448772515, 0.5908225211303184, 0.015511286307053942], [0.11628588554687413, 0.05048411727847209, 0.024926553684459736, 0.01929543382627924, 0.7735161831418129, 0.015491826522101751], [0.827464255923403, 0.054481342633401965, 0.031687995875795315, 0.01882002323336787, 0.05115882810753942, 0.016387554226492414], [0.8427471799901955, 0.05207627236973321, 0.02447171189695295, 0.017267395792178813, 0.04699300736985065, 0.01644443258108873], [0.819762135547887, 0.06092643909919978, 0.025245992955707376, 0.020713493744469083, 0.05524072385844248, 0.01811121479429418], [0.7945944725103539, 0.06674997836811249, 0.03745820691862656, 0.020921551829376283, 0.062480208897041534, 0.017795581476489176], [0.7902552139158946, 0.06884314523011327, 0.039394267231074705, 0.022057430525493943, 0.061736993877892894, 0.017712949219530448], [0.13349104814614032, 0.06232627424183982, 0.018236667264842847, 0.021568528782243933, 0.7477795524096198, 0.01659792915531335], [0.7874256279076136, 0.07217234955610553, 0.039236459281342465, 0.022036456330344033, 0.06140284238714394, 0.017726264537450492], [0.7819142676599621, 0.0764105193886602, 0.03878880144601997, 0.02502594121974297, 0.06006077402414849, 0.017799696261466408], [0.7524357207904273, 0.09459360354872721, 0.040426463847234424, 0.02679499654674041, 0.06805377398049844, 0.01769544128637207], [0.7309782234942065, 0.09806020106024613, 0.04872295544167382, 0.028224149988499467, 0.07653272810050639, 0.017481741914867902], [0.7766591685841642, 0.06788576393858341, 0.04597111628839528, 0.028141367191478285, 0.06517420441016113, 0.01616837958721776], [0.7716143427392083, 0.0695689149090064, 0.047322066409392675, 0.02887220906021458, 0.06652052746484545, 0.016101939417332643], [0.7780255902443192, 0.062459099677353004, 0.03783111989654969, 0.025428035060863087, 0.08008777553369709, 0.016168379587217757], [0.7050379229102038, 0.09475698192286014, 0.03733718364048814, 0.02507240095649877, 0.12174567568418623, 0.016049834885762986], [0.7694509438376199, 0.07122044195472432, 0.04732206640939269, 0.028872209060214586, 0.06703239932071603, 0.016101939417332643], [0.7772486043427731, 0.0678857639385834, 0.04597111628839528, 0.028141367191478278, 0.064584768651552, 0.01616837958721776], [0.7764897155244601, 0.0784160976002244, 0.04104842522492099, 0.02468765664019864, 0.06324431639059089, 0.01611378861960515], [0.7811634473436512, 0.08143853035104222, 0.037683522582884085, 0.025740679849719394, 0.057735759131703396, 0.01623806074099971], [0.735168885350159, 0.07364559259677628, 0.054606138751766904, 0.027064102201312043, 0.09346544621422276, 0.016049834885762986], [0.7877276222226276, 0.07487435547206572, 0.03768352258288409, 0.025740679849719394, 0.0577357591317034, 0.016238060740999715], [0.7931149156242602, 0.07726579253484574, 0.03603192932396635, 0.02191820552781841, 0.05548835597882611, 0.01618080101028324], [0.81569054203055, 0.05844354559217523, 0.034944474675439, 0.020586639919293548, 0.054099458570764, 0.01623533921177819], [0.8183320624761385, 0.0525133159700428, 0.03378878438015902, 0.019504943376350663, 0.059678912739255026, 0.016181981058054143], [0.10878912641937923, 0.041664481453444355, 0.01669161039616452, 0.019293298006560686, 0.7981494837244512, 0.015411999999999999], [0.8410085973931481, 0.048163446901193244, 0.025036536818193865, 0.01713510543174449, 0.05233866991424803, 0.01631764354147222], [0.13751659876830477, 0.043709024099617064, 0.03759077693505376, 0.02850129938136845, 0.7360722085747443, 0.016610092240911555], [0.8947167302452316, 0.026940490463215255, 0.012791825613079018, 0.013970027247956403, 0.036427574931880105, 0.015153351498637602]], [[0.9054730673316708, 0.02339285120532003, 0.012601995012468828, 0.01350058187863674, 0.030628428927680793, 0.014403075644222777], [0.7591000264189063, 0.06223530945397017, 0.054800026671701946, 0.03553328259771574, 0.07216297527048804, 0.01616837958721776], [0.7312459295241994, 0.13378592516069182, 0.017644006376608134, 0.03475590492325093, 0.06614380905635202, 0.016424424958897677], [0.33483548803168434, 0.4175316537020164, 0.021298518588973834, 0.04893377986948042, 0.15968943947589498, 0.017711120331950207], [0.7238175303513861, 0.1394744696189971, 0.014439898678438975, 0.036110090670974135, 0.06987380971575367, 0.01628420096444993], [0.7273527058497495, 0.1322637289940884, 0.014457915337119534, 0.03965953918675536, 0.0699548846798162, 0.016311225952470764], [0.5482757920417353, 0.13252656158775356, 0.014533381341404139, 0.22305897608338426, 0.06518086398682507, 0.016424424958897677], [0.5094504427854459, 0.23272241432955945, 0.02129851858897383, 0.060247265331148034, 0.15857023863292238, 0.017711120331950207], [0.13276594140021827, 0.3109178426780397, 0.013390243850858536, 0.026181565961354895, 0.5013113055804279, 0.015433100529100529], [0.7310533075092115, 0.14081725473228818, 0.014457915337119534, 0.02980776528744531, 0.06755253118146463, 0.016311225952470764], [0.55246527179409, 0.3175965749282386, 0.014387745192784726, 0.02719054616918145, 0.0721538911797367, 0.016205970735968554], [0.7408260024211364, 0.12593637986265327, 0.014336616459049729, 0.02691340542484752, 0.07584301234641692, 0.01614458348589603], [0.12489531361781804, 0.08010955387986238, 0.013485378503500643, 0.02396178470730521, 0.7420520726033237, 0.01549589668818996], [0.7860767299568635, 0.09415283130559719, 0.014439898678438975, 0.022985075583644297, 0.06606126351100604, 0.01628420096444993], [0.1199604443073841, 0.08046569624496529, 0.013450681373414326, 0.023988545648391434, 0.746661638501688, 0.015472993924156714], [0.745703945066583, 0.11469788332402141, 0.015316839958776224, 0.025018694494053657, 0.08157127376185296, 0.017691363394712674], [0.12214610074900192, 0.07595465446730014, 0.01334022667420115, 0.025926500063625034, 0.747232432685223, 0.015400085360648741], [0.7845248191296502, 0.09461340787568548, 0.014513985873013236, 0.024164149652301577, 0.06578830571303819, 0.016395331756311318], [0.7582241781204644, 0.11297178487751236, 0.014494949579962904, 0.027428859123406403, 0.07051345098191796, 0.01636677731673582], [0.7824283437690681, 0.10445350829926373, 0.014614766247985578, 0.024205587288740213, 0.057751292076172564, 0.01654650231876983], [0.746588433242011, 0.12363667907987815, 0.014494949579962904, 0.027410116832362247, 0.07150304394904962, 0.01636677731673582], [0.5538030663613819, 0.31527686743045913, 0.014386705090106323, 0.027173416620174667, 0.07315463656109264, 0.01620530793678531], [0.14220068133611802, 0.11852807499989863, 0.013358277062831188, 0.025127881015903943, 0.6853730855852481, 0.015411999999999999], [0.7789224681260262, 0.10555918963238894, 0.013741313222041234, 0.026153193733404544, 0.06032840720071097, 0.015295428085428086], [0.4282833398363251, 0.19982747019326075, 0.019520779650149277, 0.03797281684452562, 0.29789776130790707, 0.01649783216783217], [0.7730309323812625, 0.11015891287391275, 0.013669330219023747, 0.029327544795010665, 0.05862582614988843, 0.015187453580901856], [0.11340163195671465, 0.2590124154575918, 0.012956626257920732, 0.02630761944522822, 0.5736775810084186, 0.014644125874125873], [0.43635625446065207, 0.18720426279442542, 0.019520779650149277, 0.03852520563220853, 0.30189566529473244, 0.01649783216783217], [0.7777618559610707, 0.10706897114019129, 0.013741313222041234, 0.026153193733404537, 0.05997923785786413, 0.015295428085428085], [0.10948105403692339, 0.09671647519449292, 0.012918097466638512, 0.026348924239659767, 0.7399197614083987, 0.014615687653886739], [0.6041003040366169, 0.27820069111032725, 0.013683226068301906, 0.02566542704072914, 0.06314205438920571, 0.015208297354819093], [0.14070654384544565, 0.11224419895965732, 0.013401669242777057, 0.025086742875950262, 0.6931202029130941, 0.015440642163075623], [0.7450843318290441, 0.12592325909850066, 0.014370965375661184, 0.02723973926142706, 0.07120090342508364, 0.01618080101028324], [0.12932970508356773, 0.30282437562255426, 0.01346808067585264, 0.026058390622986857, 0.5128349691982974, 0.015484478796741174], [0.1287275188987928, 0.11370342594592217, 0.013508693401515889, 0.026263545091454253, 0.7022855303552608, 0.01551128630705394], [0.11059705678914011, 0.08528839553967854, 0.013485378503500643, 0.02220640328533134, 0.7529268691941594, 0.01549589668818996], [0.785729581344517, 0.09677814268646814, 0.014439898678438975, 0.0229850755836443, 0.06378310074248165, 0.01628420096444993], [0.7980972550981847, 0.09289595475941835, 0.014657900248473741, 0.02213515526530844, 0.05560253130911267, 0.016611203319502076], [0.8165159760075308, 0.05548989111650236, 0.024554095858585263, 0.022555010330054602, 0.06295667180096105, 0.017928354886365933], [0.8947167302452316, 0.026940490463215255, 0.012791825613079018, 0.013970027247956403, 0.036427574931880105, 0.015153351498637602]], [[0.9054730673316708, 0.02339285120532003, 0.012601995012468828, 0.01350058187863674, 0.030628428927680793, 0.014403075644222777], [0.5759071115455012, 0.07782396426648984, 0.23753745508709254, 0.0300131806119813, 0.06260449986932985, 0.01611378861960515], [0.7327850600798308, 0.13202487708176144, 0.021518540417027016, 0.02980776528744531, 0.06755253118146463, 0.016311225952470764], [0.12883807847470033, 0.13683593517961848, 0.013508693401515889, 0.02692252688811466, 0.6783834797489965, 0.015511286307053942], [0.1307152594235134, 0.3097072999036774, 0.013508693401515889, 0.027443332344464964, 0.5031141286197742, 0.015511286307053942], [0.14604924312104117, 0.13019094808894918, 0.013508693401515889, 0.020521267544197454, 0.6742185615372424, 0.015511286307053942], [0.7310359647899509, 0.13281557027301438, 0.014370965375661182, 0.04120298039382037, 0.06439371815726978, 0.01618080101028324], [0.7279137437810748, 0.13595309433681316, 0.014533381341404139, 0.03999449159498518, 0.06518086398682507, 0.016424424958897677], [0.7279576026136085, 0.13817212203262486, 0.014457915337119534, 0.03314624938436009, 0.0699548846798162, 0.016311225952470764], [0.5672895420804699, 0.3084888671816518, 0.014476262576693315, 0.02754711807222488, 0.06585946327712863, 0.016338746811831437], [0.1200241567005122, 0.11154102823334129, 0.013498899043081169, 0.02252881264784444, 0.7169022820950879, 0.015504821280133], [0.12197683219413419, 0.07990790288088423, 0.013505024329521815, 0.023946632422622446, 0.7451547437343902, 0.015508864438447165], [0.7860767299568635, 0.09415283130559719, 0.014439898678438975, 0.022985075583644297, 0.06606126351100604, 0.01628420096444993], [0.79067299789082, 0.09016870539547672, 0.014553146247288203, 0.02218655075141575, 0.06596452739727554, 0.016454072317723768], [0.1155500853133412, 0.09412870354550233, 0.013479212300939656, 0.02385284718696341, 0.7374973251311516, 0.015491826522101751], [0.7430131603887198, 0.11677751436307854, 0.015320863910767323, 0.026196953871973995, 0.08102326118908083, 0.017668246276379362], [0.7845248191296502, 0.09461340787568548, 0.014513985873013236, 0.024164149652301577, 0.06578830571303819, 0.016395331756311318], [0.7665690602225558, 0.11230870609059822, 0.014593827412797147, 0.02751402804984788, 0.06249928415821353, 0.01651509406598719], [0.7448660043364239, 0.1277939326434228, 0.01457329124751619, 0.029021485298798902, 0.06726099665577231, 0.01648428981806575], [0.5713209321490403, 0.2998750308489364, 0.014494949579962904, 0.027428859123406403, 0.07051345098191796, 0.01636677731673582], [0.3112943558546955, 0.10333680877574719, 0.013459393764708491, 0.022104658766062754, 0.5343260380689117, 0.015478744769874478], [0.13205051140047822, 0.2975979102400198, 0.013465601294734918, 0.022660422096661074, 0.5187427127528498, 0.015482842215256008], [0.7428573735074465, 0.12454013984064506, 0.014387745192784724, 0.027171803878137286, 0.0748369668450179, 0.01620597073596855], [0.7837628789889338, 0.10287507992548833, 0.013756495091768559, 0.025386509312174663, 0.058900835791615466, 0.015318200890019071], [0.7797848500114748, 0.10536485005256957, 0.013741313222041234, 0.026153193733404544, 0.0596603648950818, 0.015295428085428088], [0.27170112092928056, 0.10071292648502592, 0.012956626257920732, 0.02630761944522822, 0.5736775810084186, 0.014644125874125873], [0.7711388412766741, 0.11469256595836054, 0.013683226068301906, 0.02859106478326829, 0.05668600455857591, 0.015208297354819093], [0.6272623836669428, 0.25821565717793166, 0.013820087074399991, 0.02693490448261169, 0.05835337873414758, 0.015413588863966222], [0.7745406967705614, 0.10935295493522137, 0.01383674211747013, 0.03046405604594951, 0.05636697870222614, 0.015438571428571428], [0.7609156514271278, 0.11682593375352086, 0.013756495091768559, 0.02800583283349485, 0.06517788600406878, 0.015318200890019071], [0.7662956139443184, 0.11577008977603136, 0.013820087074399991, 0.031263498113316114, 0.05743712222796797, 0.015413588863966224], [0.5120928709390483, 0.2529559936866777, 0.021298518588973834, 0.03650953131164215, 0.15943196514170777, 0.017711120331950207], [0.7492081917727174, 0.12344802026458106, 0.014533381341404139, 0.030097023576875284, 0.06628895808552436, 0.016424424958897677], [0.7470242207398875, 0.1239833701876574, 0.014370965375661184, 0.02723973926142706, 0.07120090342508364, 0.01618080101028324], [0.12937565271369664, 0.11321410367924076, 0.013465601294734918, 0.02606117364937055, 0.7024006264477011, 0.015482842215256008], [0.7784410479278956, 0.09958884661812836, 0.014404821997821955, 0.026521523807534392, 0.06481217370509502, 0.016231585943524397], [0.7915678457742891, 0.097592169062567, 0.014614766247985578, 0.024205587288740213, 0.05547312930764818, 0.01654650231876983], [0.8201879830588186, 0.05632740677650563, 0.03328763106397981, 0.01972389429702026, 0.054148161254536815, 0.01632492354913886], [0.8947526858383071, 0.026907759088442756, 0.012820510037981552, 0.013993597395550731, 0.036353662506782417, 0.01517178513293543], [0.8947526858383071, 0.026907759088442756, 0.012820510037981552, 0.013993597395550731, 0.036353662506782417, 0.01517178513293543]], [[0.9054730673316708, 0.02339285120532003, 0.012601995012468828, 0.01350058187863674, 0.030628428927680793, 0.014403075644222777], [0.12041110023742695, 0.0615929885287022, 0.022972141617952843, 0.017627385643875348, 0.7619826876725956, 0.015413696299447043], [0.7383785991865381, 0.1259770551383124, 0.018940381833712425, 0.026564553648306496, 0.07393343945716224, 0.016205970735968554], [0.12872724976798688, 0.31730356673276616, 0.013508693401515889, 0.027443332344464964, 0.497505871446212, 0.015511286307053942], [0.13731806506952685, 0.13917162747761025, 0.013508693401515889, 0.024591265740120237, 0.6698990620041728, 0.015511286307053942], [0.31888005101633643, 0.13163383493947228, 0.013508693401515889, 0.024591265740120237, 0.49587486859550106, 0.01551128630705394], [0.14304299854351724, 0.12520311547565297, 0.013508693401515889, 0.02337333414854218, 0.6793605721237176, 0.01551128630705394], [0.7232658045386905, 0.14208019545493858, 0.014439898678438975, 0.03405609064772832, 0.06987380971575367, 0.01628420096444993], [0.7229714672285439, 0.1449477538416601, 0.014553146247288203, 0.035833401660306755, 0.06524015870447726, 0.01645407231772377], [0.7435454240735061, 0.13223298518861565, 0.014476262576693315, 0.02754711807222488, 0.06585946327712863, 0.016338746811831437], [0.11985714565204662, 0.11138809706614902, 0.013508693401515889, 0.022523619597806525, 0.7172111579754279, 0.015511286307053942], [0.7716246755963806, 0.10318195190069648, 0.014370965375661184, 0.023684796398801958, 0.07095680971817662, 0.01618080101028324], [0.7951473752400493, 0.09264199911578086, 0.014636119713573776, 0.023180620940506665, 0.05781535247293716, 0.01657853251715213], [0.79067299789082, 0.09016870539547672, 0.014553146247288203, 0.02218655075141575, 0.06596452739727554, 0.016454072317723768], [0.12304931595563225, 0.08831169025902921, 0.013479212300939656, 0.02478042498129291, 0.7348875299810042, 0.015491826522101751], [0.1484449143141729, 0.09864083703493244, 0.014132867158601476, 0.027421434182238393, 0.6946768825808606, 0.01668306472919419], [0.7620754281640503, 0.10912053483392645, 0.014494949579962904, 0.027428859123406403, 0.07051345098191796, 0.01636677731673582], [0.7488788244316786, 0.1237811125481681, 0.01457329124751619, 0.029021485298798902, 0.06726099665577231, 0.01648428981806575], [0.5475207545058752, 0.32252838879483586, 0.014553146247288203, 0.031817013051854526, 0.06712662508242237, 0.01645407231772377], [0.7336378536271941, 0.1387414747505504, 0.014476262576693315, 0.028173110593099834, 0.06863255164063077, 0.016338746811831437], [0.13276124017903015, 0.1084273397473176, 0.013428160293439871, 0.022680992583075342, 0.7072441389111224, 0.015458128286014722], [0.776347122066282, 0.09889047783180015, 0.014422203745806283, 0.023922907013176967, 0.07015963077743355, 0.016257658565500887], [0.7552920942954249, 0.10841972822406903, 0.014494949579962904, 0.027410116832362247, 0.0780163337514449, 0.016366777316735824], [0.10652878895772958, 0.09651329399662983, 0.012956626257920732, 0.021119569603926625, 0.7482375953096673, 0.014644125874125873], [0.7790850735227207, 0.10779996249241637, 0.013756495091768559, 0.025386509312174663, 0.05865375869090058, 0.015318200890019071], [0.7750691157030416, 0.10908048367408942, 0.013771955527912898, 0.02529791175103293, 0.061439141799687645, 0.015341391544235581], [0.6234494183141065, 0.2592696001725692, 0.013853717449830077, 0.026012800926115014, 0.06195042871026775, 0.015464034427111348], [0.7763715670586893, 0.11024993812683526, 0.013756495091768559, 0.025386509312174663, 0.05891728952051317, 0.015318200890019071], [0.7698173715779276, 0.11114517920279247, 0.013853717449830077, 0.030341394556819425, 0.05937830278551898, 0.01546403442711135], [0.7689196051279287, 0.11314257712002314, 0.01383674211747013, 0.03046405604594951, 0.058198448160057106, 0.01543857142857143], [0.6108184252876737, 0.2671585290314635, 0.013741313222041234, 0.028966391871014546, 0.06401991250237893, 0.015295428085428086], [0.1333118563287006, 0.11320744314177078, 0.0134569071149658, 0.02944009694991742, 0.6951065930741054, 0.015477103390539974], [0.739717697157645, 0.13312924384252156, 0.014370965375661184, 0.032062425427447014, 0.06453886718644213, 0.01618080101028324], [0.7704421493975485, 0.1084126098108861, 0.014476262576693315, 0.02754711807222488, 0.06278311333081561, 0.016338746811831437], [0.7796047842771229, 0.09806660955154402, 0.014494949579962904, 0.026802866602531457, 0.0646640126721028, 0.016366777316735824], [0.7915678457742891, 0.097592169062567, 0.014614766247985578, 0.024205587288740213, 0.05547312930764818, 0.01654650231876983], [0.7872227590546754, 0.0950373335941889, 0.014533381341404139, 0.02318467849856095, 0.06359742255227287, 0.016424424958897673], [0.10936336063620605, 0.04180750810089689, 0.016674211747745877, 0.019292612554782703, 0.7974759258040515, 0.015386381156316915], [0.8949042343541944, 0.02676980026631158, 0.012941411451398136, 0.014092942743009321, 0.03604213049267643, 0.01524948069241012], [0.8949385839299918, 0.026738530893662155, 0.012968814638027048, 0.01411546009016176, 0.03597151949085123, 0.015267090957305753]], [[0.9054730673316708, 0.02339285120532003, 0.012601995012468828, 0.01350058187863674, 0.030628428927680793, 0.014403075644222777], [0.6045224512590822, 0.06446328502268735, 0.03826325326086111, 0.020333695927526433, 0.2563045335660332, 0.01611278096380951], [0.5726673073098849, 0.2942193477237628, 0.014494949579962904, 0.026802866602531457, 0.07544875146712215, 0.016366777316735824], [0.1357534661756293, 0.32437576503752996, 0.013448187423036382, 0.02323482249726688, 0.48771641114069353, 0.015471347725843637], [0.7531344979462508, 0.12032642966045505, 0.014387745192784726, 0.026564553648306496, 0.06938080281623454, 0.016205970735968554], [0.7473555870874476, 0.12045562667398385, 0.014319170004049791, 0.02980157518943579, 0.07196223990997887, 0.016105801135104132], [0.13688423680585815, 0.3072624465316066, 0.013465601294734918, 0.026096530651494643, 0.5008083425010494, 0.015482842215256008], [0.3207400446305291, 0.4276875101359081, 0.02129851858897383, 0.053992567679716344, 0.15857023863292238, 0.017711120331950207], [0.54587694471355, 0.32537616004174924, 0.014533381341404139, 0.031645279888046926, 0.06614380905635202, 0.016424424958897673], [0.5408403755880914, 0.3287641080574542, 0.014370965375661182, 0.0287879955725987, 0.0710557543959113, 0.01618080101028324], [0.12547511918634316, 0.11753349130846888, 0.013508693401515889, 0.024070460283769933, 0.7039009495128481, 0.015511286307053942], [0.11985714565204662, 0.12123435938461376, 0.013508693401515889, 0.022523619597806525, 0.7073648956569631, 0.015511286307053942], [0.7845248191296502, 0.09461340787568548, 0.014513985873013236, 0.024164149652301577, 0.06578830571303819, 0.016395331756311318], [0.787569907667022, 0.09241202221331793, 0.014533381341404139, 0.02318467849856095, 0.06587558532079725, 0.016424424958897673], [0.12029867577867237, 0.08067108853841062, 0.013430671052198147, 0.024003979058182114, 0.7461357999933902, 0.01545978557914652], [0.7165520235662836, 0.13334590081840847, 0.015340536009748332, 0.031306168105779325, 0.08582603844862675, 0.017629333051153523], [0.7518606466955978, 0.12079929028424888, 0.01457329124751619, 0.029021485298798902, 0.06726099665577231, 0.01648428981806575], [0.7272655422754146, 0.14278360102529639, 0.014553146247288203, 0.031817013051854526, 0.06712662508242237, 0.01645407231772377], [0.715934691199015, 0.15327444360162354, 0.014533381341404139, 0.03276572853428957, 0.06706733036477018, 0.016424424958897677], [0.5409344938498701, 0.3291146494508409, 0.014553146247288203, 0.031817013051854526, 0.06712662508242237, 0.01645407231772377], [0.5558497006235722, 0.31386529437993543, 0.014476262576693315, 0.028154368302055678, 0.07131562730591198, 0.016338746811831437], [0.7480671475787775, 0.12347450756958463, 0.014593827412797147, 0.027495285758803722, 0.06985413761404966, 0.01651509406598719], [0.5948360041306643, 0.09765575648687601, 0.014422203745806283, 0.023922907013176967, 0.2529054700579754, 0.01625765856550089], [0.10366131067330214, 0.09061663479652614, 0.012956626257920732, 0.020648447505685882, 0.7574728548924391, 0.014644125874125873], [0.6233104949353017, 0.2582663411228499, 0.013771955527912898, 0.02529791175103293, 0.064011905118667, 0.01534139154423558], [0.6760889669082455, 0.2203967935231128, 0.013344750472761669, 0.022738259419551952, 0.052687611338252616, 0.014743618338075262], [0.5402856044337604, 0.22180001360121038, 0.013272757851272084, 0.022676248207248645, 0.18732974650066755, 0.014635629405840886], [0.08946259547840445, 0.3633447703367883, 0.01255466800533332, 0.02369210167716839, 0.49693311525759254, 0.014012749244712991], [0.6685774687017239, 0.22676944316506661, 0.01324579334213235, 0.023733748068430136, 0.053078364080515805, 0.014595182642131284], [0.5366252406057562, 0.22922823854331756, 0.013300739889058603, 0.02463257607863125, 0.18153560242071565, 0.014677602462520664], [0.34327796944574146, 0.3289433553810174, 0.018226413836684874, 0.034169865914000994, 0.25976795433494215, 0.015614441087613295], [0.6194794518368011, 0.260881252557313, 0.013629043933301357, 0.027953389376773316, 0.06292983814349291, 0.015127024152318268], [0.28453281723863233, 0.10538316778682703, 0.012956626257920732, 0.025394767831219356, 0.5570884950112746, 0.014644125874125873], [0.11355006019570696, 0.25247315535696513, 0.012956626257920732, 0.024230314046424624, 0.5821457182688566, 0.014644125874125873], [0.8064152203174357, 0.08420997518154584, 0.01378770226843028, 0.024159058920314967, 0.05606303165726145, 0.015365011655011654], [0.8102685964848607, 0.08351234734555979, 0.01380374334054612, 0.021935524707009366, 0.05509071485883856, 0.01538907326318541], [0.8431134263570279, 0.04780391299294498, 0.02788451917650362, 0.019414229719311178, 0.046332669742635474, 0.01545124201157694], [0.8442261576969495, 0.042674846203765694, 0.025953838550486996, 0.019825027744748175, 0.051924970700857595, 0.01539515910319189], [0.9054715264797508, 0.02339036344755971, 0.012606230529595017, 0.013504257528556593, 0.03062143302180686, 0.014406188992731049], [0.9054813177648041, 0.023406171809841538, 0.01257931609674729, 0.013480900750625522, 0.030665888240200168, 0.014386405337781485]], [[0.9054730673316708, 0.02339285120532003, 0.012601995012468828, 0.01350058187863674, 0.030628428927680793, 0.014403075644222777], [0.116878152739489, 0.05987655650104435, 0.024149277752272248, 0.01929488590040562, 0.7643297793809449, 0.015471347725843639], [0.7703633757692786, 0.10687271545086535, 0.014422203745806283, 0.023922907013176967, 0.0681611394553718, 0.01625765856550089], [0.7644621420661332, 0.11013290181622078, 0.014494949579962904, 0.026802866602531457, 0.06774036261841582, 0.016366777316735824], [0.7699096208099546, 0.10468542307239928, 0.014494949579962904, 0.02680286660253145, 0.06774036261841582, 0.01636677731673582], [0.1465543734899406, 0.12434519101777819, 0.013378774850573916, 0.02454910319145416, 0.6757470273399901, 0.015425530110262934], [0.7302839897551995, 0.139320493890346, 0.014370965375661182, 0.0287879955725987, 0.0710557543959113, 0.01618080101028324], [0.729844315633456, 0.14124252195543946, 0.014439898678438975, 0.030717606550813542, 0.06747145621740211, 0.01628420096444993], [0.7302635979823289, 0.1399212676883689, 0.014457915337119532, 0.029807765287445304, 0.06923822775226636, 0.016311225952470764], [0.14355657874863442, 0.12172212061913529, 0.013378774850573916, 0.024549103191454164, 0.6813678924799392, 0.015425530110262936], [0.747031055536716, 0.11992755900872848, 0.014354474865729428, 0.02688690586214578, 0.0756439394812947, 0.016156065245385605], [0.124556134277815, 0.2728147227415937, 0.013508693401515889, 0.023943802568417494, 0.549665360703604, 0.015511286307053942], [0.7831990915374719, 0.09624304522283392, 0.014422203745806283, 0.023922907013176967, 0.06595509391520989, 0.016257658565500887], [0.7919149943866357, 0.09496685768169602, 0.014614766247985578, 0.024205587288740213, 0.057751292076172564, 0.01654650231876983], [0.762965691838069, 0.10858877187726503, 0.014404821997821957, 0.027147516328409345, 0.0706616120149102, 0.0162315859435244], [0.7056845352636197, 0.14634841130090231, 0.015592197482774704, 0.03350379607515708, 0.0809097746607054, 0.017961285216840775], [0.7308445850417418, 0.1392045582589693, 0.014553146247288203, 0.031817013051854526, 0.06712662508242237, 0.01645407231772377], [0.5421809998941367, 0.3270281349065019, 0.01453338134140414, 0.03276572853428957, 0.0670673303647702, 0.016424424958897677], [0.3284240851258653, 0.44883594869028304, 0.02129851858897383, 0.043710297350582454, 0.14002002991234513, 0.017711120331950207], [0.7140771729857966, 0.15496569464843782, 0.014439898678438975, 0.031838055197056174, 0.06839497752582027, 0.016284200964449925], [0.7379255865286679, 0.13738154094409175, 0.014553146247288203, 0.029148308094440245, 0.0645373458677883, 0.01645407231772377], [0.5525341516476848, 0.3114149559257296, 0.014387745192784724, 0.027171803878137286, 0.07828537261969498, 0.01620597073596855], [0.12695932043194333, 0.10723849443050708, 0.013508693401515889, 0.02443800220972984, 0.7123442032192498, 0.015511286307053942], [0.7766097091914006, 0.09903025537339628, 0.013655671905630686, 0.025336230770883667, 0.07020116664787632, 0.015166966110812263], [0.6281900733060218, 0.10182921951923897, 0.013787702268430279, 0.02467076278531224, 0.21615723046598495, 0.015365011655011654], [0.6931148074476099, 0.20771020098821572, 0.013359995969077113, 0.020343040896031395, 0.05070546811651749, 0.014766486582548425], [0.4348840876848068, 0.3375341699546663, 0.013359995969077113, 0.020343040896031395, 0.17911221891287, 0.014766486582548425], [0.6699388163329073, 0.2206600666926098, 0.013272757851272085, 0.023428357449782597, 0.058064372267587476, 0.014635629405840886], [0.6658741317254155, 0.22726602304128354, 0.01332979815906768, 0.02523041754600011, 0.05357843966069876, 0.01472118986753428], [0.6661883898231569, 0.22806720398371205, 0.013245793342132349, 0.02410526059946723, 0.053798169609400176, 0.014595182642131282], [0.6623099729963917, 0.22996428856417214, 0.013232675472821129, 0.023957140204693955, 0.055960416923756806, 0.01457550583816445], [0.1122005390392946, 0.2542488011454825, 0.012956626257920732, 0.02630761944522822, 0.579642288237948, 0.014644125874125873], [0.797392641490867, 0.09076268057803918, 0.013655671905630686, 0.024824526905886386, 0.05819751300876439, 0.015166966110812263], [0.1095385581278028, 0.08975706854325229, 0.012956626257920732, 0.023022184879423258, 0.750081436317475, 0.014644125874125873], [0.8091514623949483, 0.08488557322200306, 0.01372640245713047, 0.021732239825788983, 0.05523126016206714, 0.015273061938061938], [0.10918175391752878, 0.036268302846578136, 0.027406842039006965, 0.023689849676088642, 0.7888241389287246, 0.014629112592072956], [0.9124755944055943, 0.02128, 0.012202097902097902, 0.012958041958041958, 0.027366993006993003, 0.013717272727272727], [0.9124755944055943, 0.02128, 0.012202097902097902, 0.012958041958041958, 0.027366993006993003, 0.013717272727272727], [0.8675657263716835, 0.04150724021724842, 0.016129885904592058, 0.017448707480564027, 0.0407148106683919, 0.016633629357520215], [0.9054689626556016, 0.023386224066390043, 0.012613278008298756, 0.013510373443983401, 0.030609792531120332, 0.014411369294605809]], [[0.9054730673316708, 0.02339285120532003, 0.012601995012468828, 0.01350058187863674, 0.030628428927680793, 0.014403075644222777], [0.10583744638891969, 0.041110179010620015, 0.024899035574827574, 0.01929595448772515, 0.7933460982308534, 0.015511286307053942], [0.3075243224191919, 0.08676276294121224, 0.013508693401515889, 0.027152752884186712, 0.5495401820468392, 0.015511286307053942], [0.7640202676475084, 0.1105747762348455, 0.014494949579962904, 0.026802866602531457, 0.06774036261841583, 0.016366777316735824], [0.7801870416091675, 0.10129777649693385, 0.014513985873013235, 0.024164149652301577, 0.06344171461227241, 0.016395331756311318], [0.7649083447116868, 0.10968669917066709, 0.014494949579962904, 0.026802866602531457, 0.06774036261841582, 0.016366777316735824], [0.5752727602477534, 0.29913246922354675, 0.014476262576693315, 0.02754711807222488, 0.06723264306795028, 0.016338746811831437], [0.1406107304862235, 0.11348864079218922, 0.013319465138181281, 0.027543497148573758, 0.6896512852785153, 0.015386381156316917], [0.7489145453419231, 0.12228087636833132, 0.014476262576693313, 0.027547118072224874, 0.07044245082899585, 0.016338746811831433], [0.7633624957358586, 0.10864815666987847, 0.014494949579962904, 0.026802866602531457, 0.07032475409503268, 0.016366777316735824], [0.7903968204564106, 0.09496685768169602, 0.014614766247985578, 0.024205587288740213, 0.059269466006397736, 0.01654650231876983], [0.7716246755963806, 0.10318195190069648, 0.014370965375661184, 0.023684796398801958, 0.07095680971817662, 0.01618080101028324], [0.13614033940324613, 0.09823309809220637, 0.013454418382601882, 0.02448441596543087, 0.7122122675199988, 0.015475460636515913], [0.7615689718222618, 0.10998549189307218, 0.014404821997821957, 0.027147516328409345, 0.0706616120149102, 0.0162315859435244], [0.1381331047580594, 0.10898179386101936, 0.013421874146380334, 0.0245122464528206, 0.6994970018343519, 0.01545397894736842], [0.7183882844783889, 0.12935221882333695, 0.015526953310056428, 0.031430382901739516, 0.08747362307151214, 0.017828537414965984], [0.7444756169841703, 0.12790371139357423, 0.014476262576693315, 0.028173110593099834, 0.06863255164063077, 0.016338746811831437], [0.7185897701232855, 0.15145937317742558, 0.014553146247288203, 0.031817013051854526, 0.06712662508242237, 0.01645407231772377], [0.5348785232809455, 0.33416434435328907, 0.014439898678438975, 0.03183805519705618, 0.06839497752582029, 0.01628420096444993], [0.1400529215020364, 0.31769783386026906, 0.01334022667420115, 0.025144993763283937, 0.4883639388395608, 0.015400085360648741], [0.7323004708461466, 0.13343711967433808, 0.014387745192784726, 0.027171803878137293, 0.07649688967262486, 0.016205970735968554], [0.319797625206817, 0.10633730900485347, 0.013419355980477377, 0.024514399884350852, 0.5204789931585478, 0.015452316764953664], [0.7483123976649395, 0.11369801674412165, 0.014338266244856332, 0.028199842325612977, 0.07931972470639323, 0.016131752314075962], [0.11510147593979678, 0.416564498315573, 0.012956626257920732, 0.02158073570949493, 0.41915253790308854, 0.014644125874125873], [0.10652878895772958, 0.270576569430873, 0.012956626257920732, 0.021119569603926625, 0.5741743198754241, 0.014644125874125873], [0.5394281178538815, 0.22079609194359853, 0.013272757851272084, 0.022676248207248645, 0.1891911547381583, 0.014635629405840886], [0.40934723413302215, 0.3502382076985005, 0.013272757851272084, 0.023103024610899137, 0.18940314630046517, 0.014635629405840886], [0.7919226965281291, 0.0982692106800399, 0.01332979815906768, 0.025271884035436898, 0.05648522072979206, 0.01472118986753428], [0.5441389302267181, 0.21823048633965997, 0.013272757851272085, 0.15323082503411864, 0.0564913711423904, 0.014635629405840886], [0.07860571234068822, 0.24224377199372382, 0.01255466800533332, 0.01766049993399271, 0.6349225984815489, 0.014012749244712991], [0.667924081824471