{"prediction": [[[0.8948739374498795, 0.026797380379577643, 0.012917241379310343, 0.014073082063619352, 0.03610441058540497, 0.015233948142207965], [0.8947838918918918, 0.026879351351351347, 0.012845405405405406, 0.014014054054054054, 0.03628951351351351, 0.015187783783783784], [0.8947167302452316, 0.026940490463215255, 0.012791825613079018, 0.013970027247956403, 0.036427574931880105, 0.015153351498637602], [0.8947167302452316, 0.026940490463215255, 0.012791825613079018, 0.013970027247956403, 0.036427574931880105, 0.015153351498637602], [0.8947167302452316, 0.026940490463215255, 0.012791825613079018, 0.013970027247956403, 0.036427574931880105, 0.015153351498637602], [0.8947526858383071, 0.026907759088442756, 0.012820510037981552, 0.013993597395550731, 0.036353662506782417, 0.01517178513293543], [0.8948739374498795, 0.026797380379577643, 0.012917241379310343, 0.014073082063619352, 0.03610441058540497, 0.015233948142207965], [0.9055101033537227, 0.02345264712086058, 0.012500189833368487, 0.013412233705969204, 0.030796582999367217, 0.014328242986711663], [0.9054813177648041, 0.023406171809841538, 0.01257931609674729, 0.013480900750625522, 0.030665888240200168, 0.014386405337781485], [0.9054730673316708, 0.02339285120532003, 0.012601995012468828, 0.01350058187863674, 0.030628428927680793, 0.014403075644222777], [0.9054730673316708, 0.02339285120532003, 0.012601995012468828, 0.01350058187863674, 0.030628428927680793, 0.014403075644222777], [0.9054730673316708, 0.02339285120532003, 0.012601995012468828, 0.01350058187863674, 0.030628428927680793, 0.014403075644222777], [0.9054730673316708, 0.02339285120532003, 0.012601995012468828, 0.01350058187863674, 0.030628428927680793, 0.014403075644222777], [0.9054730673316708, 0.02339285120532003, 0.012601995012468828, 0.01350058187863674, 0.030628428927680793, 0.014403075644222777], [0.9054730673316708, 0.02339285120532003, 0.012601995012468828, 0.01350058187863674, 0.030628428927680793, 0.014403075644222777], [0.9054730673316708, 0.02339285120532003, 0.012601995012468828, 0.01350058187863674, 0.030628428927680793, 0.014403075644222777], [0.9054730673316708, 0.02339285120532003, 0.012601995012468828, 0.01350058187863674, 0.030628428927680793, 0.014403075644222777], [0.9054730673316708, 0.02339285120532003, 0.012601995012468828, 0.01350058187863674, 0.030628428927680793, 0.014403075644222777], [0.9054730673316708, 0.02339285120532003, 0.012601995012468828, 0.01350058187863674, 0.030628428927680793, 0.014403075644222777], [0.9054689626556016, 0.023386224066390043, 0.012613278008298756, 0.013510373443983401, 0.030609792531120332, 0.014411369294605809], [0.9054689626556016, 0.023386224066390043, 0.012613278008298756, 0.013510373443983401, 0.030609792531120332, 0.014411369294605809], [0.9054943198490881, 0.023427164116537412, 0.012543575770278767, 0.013449884720184447, 0.030724921400125754, 0.014360134143785369], [0.8948739374498795, 0.026797380379577643, 0.012917241379310343, 0.014073082063619352, 0.03610441058540497, 0.015233948142207965], [0.8948192680301399, 0.026847147470398278, 0.01287362755651238, 0.01403724434876211, 0.03621679224973089, 0.015205920344456404], [0.8949042343541944, 0.02676980026631158, 0.012941411451398136, 0.014092942743009321, 0.03604213049267643, 0.01524948069241012], [0.8950022099447511, 0.026680610365693233, 0.013019573796369376, 0.014157169166008943, 0.03584072612470402, 0.015299710602473031], [0.8950022099447511, 0.026680610365693233, 0.013019573796369376, 0.014157169166008943, 0.03584072612470402, 0.015299710602473031], [0.8950022099447511, 0.026680610365693233, 0.013019573796369376, 0.014157169166008943, 0.03584072612470402, 0.015299710602473031], [0.8950022099447511, 0.026680610365693233, 0.013019573796369376, 0.014157169166008943, 0.03584072612470402, 0.015299710602473031], [0.8949042343541944, 0.02676980026631158, 0.012941411451398136, 0.014092942743009321, 0.03604213049267643, 0.01524948069241012], [0.8947838918918918, 0.026879351351351347, 0.012845405405405406, 0.014014054054054054, 0.03628951351351351, 0.015187783783783784], [0.8947167302452316, 0.026940490463215255, 0.012791825613079018, 0.013970027247956403, 0.036427574931880105, 0.015153351498637602], [0.8947167302452316, 0.026940490463215255, 0.012791825613079018, 0.013970027247956403, 0.036427574931880105, 0.015153351498637602], [0.8947167302452316, 0.026940490463215255, 0.012791825613079018, 0.013970027247956403, 0.036427574931880105, 0.015153351498637602], [0.8947167302452316, 0.026940490463215255, 0.012791825613079018, 0.013970027247956403, 0.036427574931880105, 0.015153351498637602], [0.8947167302452316, 0.026940490463215255, 0.012791825613079018, 0.013970027247956403, 0.036427574931880105, 0.015153351498637602], [0.8947167302452316, 0.026940490463215255, 0.012791825613079018, 0.013970027247956403, 0.036427574931880105, 0.015153351498637602], [0.8947167302452316, 0.026940490463215255, 0.012791825613079018, 0.013970027247956403, 0.036427574931880105, 0.015153351498637602], [0.8947167302452316, 0.026940490463215255, 0.012791825613079018, 0.013970027247956403, 0.036427574931880105, 0.015153351498637602], [0.8947167302452316, 0.026940490463215255, 0.012791825613079018, 0.013970027247956403, 0.036427574931880105, 0.015153351498637602]], [[0.9055101033537227, 0.02345264712086058, 0.012500189833368487, 0.013412233705969204, 0.030796582999367217, 0.014328242986711663], [0.8077357429094505, 0.058485616393527555, 0.03226108812030013, 0.02344509135693736, 0.06184307186116971, 0.01622938935861462], [0.7855895178229678, 0.07699693516986082, 0.03989008791272813, 0.026327851921882237, 0.05488438122009021, 0.016311225952470764], [0.7840415732532974, 0.0717996852159464, 0.04347842477612653, 0.028638130946340615, 0.055804125067289254, 0.01623806074099971], [0.795540347064025, 0.0692885463211545, 0.03989008791272813, 0.026327851921882237, 0.052641940827739285, 0.016311225952470768], [0.8138717048457046, 0.05824913789628058, 0.0348670748015364, 0.020580731338782545, 0.05618025425883949, 0.01625109685885647], [0.1254173770224908, 0.06395852686299316, 0.022950995747909993, 0.017637878921247754, 0.7545979275764364, 0.015437293868921776], [0.7805256466374076, 0.07348458481997068, 0.04640792130809406, 0.02288339780773009, 0.061642808306207206, 0.015055641120590204], [0.8145659394778375, 0.06523742872435917, 0.035187102052333843, 0.023758784311795872, 0.04593254454365443, 0.015318200890019073], [0.6586640542245245, 0.22012062176502517, 0.036819113271494126, 0.022484521840873958, 0.04670339154326323, 0.015208297354819093], [0.11286013480667122, 0.06541640420663596, 0.03811262410622627, 0.016463840436626204, 0.7525028705697144, 0.014644125874125873], [0.7794320657730164, 0.07031716646512116, 0.04646830502752857, 0.02242507034847325, 0.06635138759383992, 0.015006004792020727], [0.7960353965785438, 0.07118756159131054, 0.04540857505069957, 0.022376661714293256, 0.049839976193387675, 0.015151828871765178], [0.6666174833080106, 0.06285927954235146, 0.18945201985624247, 0.02131722587023743, 0.044435790533138946, 0.015318200890019071], [0.7972692079488888, 0.07005171214663757, 0.04531061312502774, 0.022376661714293256, 0.049839976193387675, 0.015151828871765178], [0.14075947118599533, 0.07605545511845165, 0.03455896327300646, 0.01807323587781574, 0.7148239556258119, 0.015728918918918918], [0.7512900680820617, 0.08760948927725763, 0.05398614608541247, 0.022412183240965496, 0.0687259137718385, 0.015976199542464167], [0.790145003849328, 0.07309439319279758, 0.042863736495690655, 0.02165467765791364, 0.05620396026865299, 0.016038228535617295], [0.10668811631836912, 0.05111902690798981, 0.01669161039616452, 0.019293298006560686, 0.7907959483709157, 0.015411999999999999], [0.7946578373916259, 0.09616656263858284, 0.025022919583981288, 0.019729917690540503, 0.0481550256904407, 0.01626773700482868], [0.9054715264797508, 0.02339036344755971, 0.012606230529595017, 0.013504257528556593, 0.03062143302180686, 0.014406188992731049], [0.8439314473277957, 0.05033532963785025, 0.025058010539289424, 0.017456399297549354, 0.04657427905945405, 0.016644534138061107], [0.8435597180193734, 0.05163561724441523, 0.024403317441911057, 0.017296154977553997, 0.04662090249868047, 0.01648428981806575], [0.8246827577593163, 0.05909411046014317, 0.03167148256611354, 0.018445731677141336, 0.04955619744766534, 0.01654972008962034], [0.9054943198490881, 0.023427164116537412, 0.012543575770278767, 0.013449884720184447, 0.030724921400125754, 0.014360134143785369], [0.9054689626556016, 0.023386224066390043, 0.012613278008298756, 0.013510373443983401, 0.030609792531120332, 0.014411369294605809], [0.9054689626556016, 0.023386224066390043, 0.012613278008298756, 0.013510373443983401, 0.030609792531120332, 0.014411369294605809], [0.9054689626556016, 0.023386224066390043, 0.012613278008298756, 0.013510373443983401, 0.030609792531120332, 0.014411369294605809], [0.9054689626556016, 0.023386224066390043, 0.012613278008298756, 0.013510373443983401, 0.030609792531120332, 0.014411369294605809], [0.9054943198490881, 0.023427164116537412, 0.012543575770278767, 0.013449884720184447, 0.030724921400125754, 0.014360134143785369], [0.7892979643342374, 0.058463612741237084, 0.03753421582254864, 0.02664722260455523, 0.07188860491020374, 0.01616837958721776], [0.8016929619491929, 0.08590092822642219, 0.02626929714426087, 0.02192760666522469, 0.04797114527389945, 0.01623806074099971], [0.8264217079661893, 0.06324519653443914, 0.024781604511016173, 0.02112278933904313, 0.048117475696841557, 0.016311225952470764], [0.8130624468316838, 0.06411648901890861, 0.034153644266709506, 0.020002606595043514, 0.05241371642879814, 0.01625109685885647], [0.8200925213511198, 0.06073008604371629, 0.030510521682932598, 0.020593948699094977, 0.05160381344591241, 0.016469108777224087], [0.8130624468316838, 0.06411648901890861, 0.034153644266709506, 0.020002606595043514, 0.05241371642879814, 0.01625109685885647], [0.10936336063620605, 0.04180750810089689, 0.016674211747745877, 0.019292612554782703, 0.7974759258040515, 0.015386381156316915], [0.7897430672969076, 0.06695385340952525, 0.03753596023151624, 0.020928103182785873, 0.06705034255572992, 0.01778867332353542], [0.8138963422670233, 0.062334138652435485, 0.02913613373279974, 0.01915254621639997, 0.05739455723884702, 0.018086281892494425], [0.8947167302452316, 0.026940490463215255, 0.012791825613079018, 0.013970027247956403, 0.036427574931880105, 0.015153351498637602]], [[0.9054813177648041, 0.023406171809841538, 0.01257931609674729, 0.013480900750625522, 0.030665888240200168, 0.014386405337781485], [0.12041110023742695, 0.058586267984253024, 0.025978862162402014, 0.017627385643875348, 0.7619826876725956, 0.015413696299447043], [0.5688227000928865, 0.30113436239434616, 0.014476262576693315, 0.02754711807222488, 0.07168081005201772, 0.016338746811831437], [0.7366766231738525, 0.13259907970127321, 0.014553146247288203, 0.030696564405611887, 0.06902051415425045, 0.01645407231772377], [0.7584170549213217, 0.1176419629429022, 0.01457329124751619, 0.02839549277792395, 0.06448790829227016, 0.01648428981806575], [0.7771188778991939, 0.1051579692983374, 0.014593827412797149, 0.026888035528972926, 0.0597261957947114, 0.01651509406598719], [0.7558303729767609, 0.11763055462994493, 0.014387745192784726, 0.026564553648306496, 0.06938080281623454, 0.016205970735968554], [0.2770745602938352, 0.2546399291764041, 0.012956626257920732, 0.023522884469825506, 0.4171618739278885, 0.014644125874125873], [0.7849185914601704, 0.10334483878124484, 0.013771955527912898, 0.02478620788603565, 0.05783701480040054, 0.01534139154423558], [0.6323441039086062, 0.2554986735920435, 0.013853717449830077, 0.02550109706111773, 0.05733837356129118, 0.01546403442711135], [0.6083591797743965, 0.2737460083357545, 0.013683226068301906, 0.026775996701890778, 0.062227291764837066, 0.015208297354819093], [0.1089772643188654, 0.10532797029893724, 0.012956626257920732, 0.02158073570949493, 0.7365132775406557, 0.014644125874125873], [0.11070324783255837, 0.260002804184665, 0.01295662625792073, 0.021580735709494925, 0.5801124601412351, 0.014644125874125873], [0.7702502236329611, 0.10558954362647946, 0.016516191266334683, 0.028126903217809515, 0.06417574671217964, 0.01534139154423558], [0.7671673346296513, 0.11340439036114898, 0.015477990535403677, 0.027635313139925857, 0.06099677044385105, 0.015318200890019073], [0.7251972916280794, 0.1416293943708422, 0.014354474865729428, 0.03078244124522441, 0.07188033264473893, 0.016156065245385605], [0.12598615738792818, 0.12081002662471309, 0.013496445362849602, 0.02462858392757209, 0.6995755850337354, 0.015503201663201665], [0.12795686715698007, 0.10909307732373165, 0.013465601294734918, 0.02322360253593736, 0.7107780094733599, 0.015482842215256008], [0.7789253361825543, 0.08471910233210413, 0.04270309265661227, 0.021639241068139543, 0.05595198294731158, 0.01606124481327801], [0.9054859828702736, 0.02341370378107374, 0.012566492584081889, 0.013469772299979109, 0.030687069145602673, 0.014376979318988927], [0.11886317749181348, 0.04173099932377049, 0.03094823160614974, 0.026425335649393394, 0.7666321705682241, 0.015400085360648741], [0.794270663706237, 0.08650695334310145, 0.014457915337119534, 0.022030192673574662, 0.0664230489874965, 0.016311225952470764], [0.11389749992335006, 0.07317422272422743, 0.013381327298708475, 0.024564764263911132, 0.7595549708682259, 0.015427214921576938], [0.8033041270259558, 0.07938785685535024, 0.014439898678438975, 0.02170950383801079, 0.06487441263779425, 0.01628420096444993], [0.12418205124858739, 0.036716061210240826, 0.027604939530463307, 0.03843079355754017, 0.7576660690925195, 0.015400085360648741], [0.8986508133971292, 0.02543578947368421, 0.013013397129186604, 0.014047846889952153, 0.03376535885167464, 0.015086794258373205], [0.9054689626556016, 0.023386224066390043, 0.012613278008298756, 0.013510373443983401, 0.030609792531120332, 0.014411369294605809], [0.9054689626556016, 0.023386224066390043, 0.012613278008298756, 0.013510373443983401, 0.030609792531120332, 0.014411369294605809], [0.9054689626556016, 0.023386224066390043, 0.012613278008298756, 0.013510373443983401, 0.030609792531120332, 0.014411369294605809], [0.37066168644633374, 0.04263477178423236, 0.09386991324028666, 0.02505950207468879, 0.4500630061225081, 0.017711120331950207], [0.777160156561241, 0.10410743207628087, 0.014533381341404139, 0.02449989303077925, 0.06327471203139705, 0.016424424958897673], [0.7843013266516539, 0.10195552794815346, 0.014553146247288203, 0.023551177548344203, 0.059184749286836445, 0.01645407231772377], [0.7907353287482572, 0.10435118935583836, 0.014476262576693313, 0.023395000888256613, 0.05070347161912284, 0.016338746811831433], [0.1116274018954745, 0.05332107851948348, 0.01334022667420115, 0.020518852982347346, 0.7857923545678448, 0.015400085360648741], [0.7961410929549483, 0.08799140496216416, 0.014513985873013235, 0.02288857790666807, 0.062069606546894904, 0.016395331756311318], [0.7948577748163738, 0.08465728523318992, 0.014494949579962904, 0.026247706774004467, 0.06337550627973312, 0.016366777316735824], [0.7961410929549483, 0.08799140496216416, 0.014513985873013235, 0.02288857790666807, 0.062069606546894904, 0.016395331756311318], [0.7534845113618476, 0.11861517809436802, 0.015554361447739487, 0.026475734005102655, 0.0678331090891725, 0.018037106001769627], [0.7931043179107348, 0.0652408971619126, 0.034887617507848676, 0.022784850129977538, 0.06600813034670124, 0.01797418694282503], [0.8947167302452316, 0.026940490463215255, 0.012791825613079018, 0.013970027247956403, 0.036427574931880105, 0.015153351498637602]], [[0.9054730673316708, 0.02339285120532003, 0.012601995012468828, 0.01350058187863674, 0.030628428927680793, 0.014403075644222777], [0.7379109154174218, 0.08815127414889921, 0.053206080888443585, 0.02528901150626891, 0.07944307753901296, 0.015999640499953522], [0.5546157713954476, 0.1332951771241431, 0.014553146247288203, 0.03069656440561188, 0.25038526850978526, 0.01645407231772377], [0.7285910396319485, 0.138692548346143, 0.014533381341404139, 0.03164527988804693, 0.07011332583355985, 0.016424424958897677], [0.7377176600067424, 0.1332206847316236, 0.014553146247288203, 0.030696564405611887, 0.06735787229101013, 0.01645407231772377], [0.748938215672786, 0.12294691000626998, 0.01457329124751619, 0.033532330032618816, 0.0635249632227432, 0.01648428981806575], [0.7347079559867739, 0.1317574950889996, 0.014370965375661182, 0.0287879955725987, 0.07419478696568338, 0.01618080101028324], [0.2787783344608446, 0.10111998131822098, 0.012956626257920732, 0.023522884469825506, 0.5689780476190621, 0.014644125874125873], [0.7598656745625718, 0.11515794334141331, 0.013756495091768559, 0.029504356998709028, 0.06639732911551827, 0.015318200890019073], [0.7609605640266809, 0.1165628414845177, 0.01383674211747013, 0.031768705594873874, 0.06143257534788592, 0.01543857142857143], [0.7590545030780507, 0.1211202331207481, 0.013820087074399991, 0.030290266508611628, 0.06030132135422341, 0.015413588863966224], [0.42831493069335574, 0.3676645734938227, 0.019520779650149277, 0.036818383901107914, 0.13118350009373222, 0.01649783216783217], [0.6025612864787062, 0.2762233993033092, 0.013669330219023747, 0.03307708234499818, 0.05928144807306077, 0.015187453580901854], [0.6054952881553483, 0.12058882045106337, 0.014472488252721162, 0.03044851127753586, 0.2136766909733121, 0.015318200890019071], [0.10441392677145704, 0.26219350161653343, 0.012956626257920732, 0.02630761944522822, 0.5794842000347346, 0.014644125874125873], [0.3508223624250739, 0.4338841032513606, 0.02129851858897383, 0.03650953131164214, 0.1397743640909992, 0.017711120331950207], [0.1274584962456245, 0.11881790503283131, 0.013508693401515889, 0.02374311374653755, 0.7009605052664368, 0.015511286307053942], [0.5291105983307381, 0.33120668790748276, 0.014370965375661182, 0.03715167167150505, 0.07197927570432948, 0.01618080101028324], [0.588091639922288, 0.2687966729239237, 0.04402169685674301, 0.029945255585377396, 0.052906673970668026, 0.01623806074099971], [0.9054896234309623, 0.023419581589958157, 0.012556485355648536, 0.013461087866108785, 0.030703598326359827, 0.014369623430962344], [0.817199731847105, 0.060555043582754646, 0.03486707480153639, 0.02058073133878254, 0.050546321570964885, 0.01625109685885647], [0.8004113498714969, 0.08712433895992618, 0.014636119713573776, 0.023180620940506665, 0.058069037997344274, 0.01657853251715213], [0.794270663706237, 0.08650695334310145, 0.014457915337119534, 0.022030192673574662, 0.0664230489874965, 0.016311225952470764], [0.8079003949599122, 0.0754037309452298, 0.014553146247288203, 0.020910979005782242, 0.06477767652406376, 0.016454072317723768], [0.8047973047361142, 0.07764704776307099, 0.014533381341404139, 0.021909106752927447, 0.06468873444758547, 0.016424424958897673], [0.8145307286819736, 0.060350796700436436, 0.034646739863699316, 0.019754316457746456, 0.05461425109178882, 0.016103167204355437], [0.10163853240285518, 0.040580817212925516, 0.023479360598292403, 0.03787253964297332, 0.7801217270566837, 0.016307023086269745], [0.9054689626556016, 0.023386224066390043, 0.012613278008298756, 0.013510373443983401, 0.030609792531120332, 0.014411369294605809], [0.9054689626556016, 0.023386224066390043, 0.012613278008298756, 0.013510373443983401, 0.030609792531120332, 0.014411369294605809], [0.7797267681730404, 0.06894945205153162, 0.04551002545726766, 0.02700071665244299, 0.0628243025946391, 0.015988735071078078], [0.7823753230131649, 0.11007475904308105, 0.014553146247288203, 0.023551177548344203, 0.05299152183039778, 0.01645407231772377], [0.8007068410386324, 0.08884356995650555, 0.01457329124751619, 0.023783115571548125, 0.05560889236773192, 0.01648428981806575], [0.7873256714844383, 0.10088547595819407, 0.014593827412797149, 0.032651059480822545, 0.04802887159776059, 0.01651509406598719], [0.7948153653627699, 0.08962104230931262, 0.014422203745806283, 0.022647335267543464, 0.062236394749066594, 0.016257658565500887], [0.7936940384671466, 0.08617952229977427, 0.014404821997821959, 0.025966363979007402, 0.06352366731272535, 0.0162315859435244], [0.13286264194007377, 0.08700981075347544, 0.013428160293439871, 0.023213748400990164, 0.728027510326006, 0.015458128286014722], [0.7796047842771229, 0.09806660955154402, 0.014494949579962904, 0.026802866602531457, 0.0646640126721028, 0.016366777316735824], [0.7499212725580117, 0.12120878596606945, 0.015541393214079388, 0.027754803363732587, 0.0675723865952085, 0.018001358302898438], [0.7871152465442752, 0.06806803644048975, 0.03715676877091718, 0.024012423764096562, 0.06578493514049778, 0.0178625893397233], [0.8947167302452316, 0.026940490463215255, 0.012791825613079018, 0.013970027247956403, 0.036427574931880105, 0.015153351498637602]], [[0.9054730673316708, 0.02339285120532003, 0.012601995012468828, 0.01350058187863674, 0.030628428927680793, 0.014403075644222777], [0.1337390875951142, 0.06172258542489013, 0.21513721367079647, 0.016446283379792804, 0.5583391422755197, 0.014615687653886739], [0.7644077240885728, 0.11764755490964382, 0.013741313222041234, 0.027457843282328892, 0.0614501364119852, 0.015295428085428085], [0.4316438939860666, 0.35870145650593566, 0.019520779650149277, 0.04695168413108522, 0.12668435355893098, 0.01649783216783217], [0.605376275951944, 0.276323340234775, 0.013820087074399991, 0.03256814766224047, 0.05649856021267428, 0.015413588863966224], [0.7470655911684682, 0.12781361423118312, 0.013756495091768559, 0.029310482382419206, 0.06673561623614188, 0.015318200890019073], [0.2882707031109056, 0.10069586645179843, 0.012956626257920732, 0.03307756108219442, 0.550355117223055, 0.014644125874125873], [0.3891281179949055, 0.305555220500486, 0.018226413836684874, 0.036685187450470565, 0.23479061912983995, 0.015614441087613295], [0.6586471198845413, 0.10172348952758793, 0.013300739889058602, 0.025759856353532652, 0.18589119188275852, 0.014677602462520662], [0.5288585900861672, 0.10132419396286518, 0.013315130651348813, 0.029209736989183527, 0.3125931597044792, 0.014699188605955978], [0.6539381318159567, 0.23267097063796763, 0.013315130651348813, 0.03110149467685104, 0.05427508361191978, 0.014699188605955978], [0.6518738911648897, 0.10816984201623715, 0.013170478678673086, 0.15620082818758085, 0.056102749305676554, 0.014482210646942387], [0.2358150999580851, 0.22382069131169766, 0.01255466800533332, 0.020910731234856275, 0.49288606024531456, 0.014012749244712991], [0.7918401735319437, 0.09785634369451078, 0.01325915190629332, 0.026186977659111245, 0.05624213271976821, 0.014615220488372738], [0.7940824605515814, 0.09588719366965405, 0.013147075817146199, 0.025228542320604484, 0.057207621286361685, 0.014447106354652055], [0.1089772643188654, 0.10404335055277904, 0.012956626257920732, 0.02158073570949493, 0.7377978972868139, 0.014644125874125873], [0.7275751775348415, 0.1304702176071238, 0.014322332346370918, 0.03867137491399971, 0.07285304613131613, 0.016107851466347845], [0.558617601821934, 0.12695046207018926, 0.01457329124751619, 0.21611335838652262, 0.06726099665577231, 0.016484289818065753], [0.7789721779559354, 0.08462854309064385, 0.0404333599933446, 0.029910203276487156, 0.04974448973111806, 0.016311225952470764], [0.9055101033537227, 0.02345264712086058, 0.012500189833368487, 0.013412233705969204, 0.030796582999367217, 0.014328242986711663], [0.8265357120530151, 0.05486273492108824, 0.031223952217759483, 0.021172073442834012, 0.04973641858807916, 0.016469108777224087], [0.7959369725222676, 0.08465104523962204, 0.014553146247288203, 0.02218655075141575, 0.06621821292168265, 0.016454072317723768], [0.1035787132990074, 0.06328175912601794, 0.013430671052198147, 0.019791376385745935, 0.784457694557884, 0.01545978557914652], [0.10386280092034976, 0.06342985196424117, 0.013410525668699975, 0.019792697208815317, 0.7840576361552107, 0.015446488082682976], [0.8062340861438816, 0.07725963904870918, 0.014457915337119532, 0.020754620927941156, 0.0649825125898776, 0.016311225952470764], [0.11222347549774116, 0.07792480471200247, 0.01346808067585264, 0.022676646517392547, 0.7582225138002701, 0.015484478796741174], [0.10236121043319817, 0.0363755361571524, 0.02166750728117202, 0.03106445112728263, 0.7930525502313204, 0.015478744769874478], [0.9054689626556016, 0.023386224066390043, 0.012613278008298756, 0.013510373443983401, 0.030609792531120332, 0.014411369294605809], [0.9054689626556016, 0.023386224066390043, 0.012613278008298756, 0.013510373443983401, 0.030609792531120332, 0.014411369294605809], [0.10955776755880682, 0.04102755901518324, 0.013846625854914786, 0.018824607269851586, 0.8005016537007472, 0.01624178660049628], [0.7644749788317811, 0.13063763752441487, 0.014457915337119532, 0.023122638452585182, 0.0509956039016283, 0.016311225952470764], [0.8007068410386324, 0.08884356995650555, 0.01457329124751619, 0.023783115571548125, 0.05560889236773192, 0.01648428981806575], [0.7936940384671466, 0.08617952229977427, 0.014404821997821959, 0.025966363979007402, 0.06352366731272535, 0.0162315859435244], [0.31638898971283885, 0.089044378215261, 0.013508693401515889, 0.02249009999453846, 0.5430565523687917, 0.015511286307053942], [0.13897478749071024, 0.09038244285772017, 0.013508693401515889, 0.02403694068050187, 0.7175858492624978, 0.015511286307053944], [0.13340598660616834, 0.11269987893582302, 0.013508693401515889, 0.024617736243075054, 0.7002564185063637, 0.015511286307053942], [0.7645778328096381, 0.11164328225314646, 0.014353192360397404, 0.026613943719414522, 0.06662779670629242, 0.016183952151111014], [0.7425961862545581, 0.12323774456656823, 0.01548368791735879, 0.031264801930665644, 0.06946771158169912, 0.01794986774915], [0.7814333070427625, 0.07075019421760141, 0.03930955330254626, 0.025177044904158202, 0.06557318584230475, 0.017756714690626785], [0.8947167302452316, 0.026940490463215255, 0.012791825613079018, 0.013970027247956403, 0.036427574931880105, 0.015153351498637602]], [[0.9054730673316708, 0.02339285120532003, 0.012601995012468828, 0.01350058187863674, 0.030628428927680793, 0.014403075644222777], [0.797209216213677, 0.06949289974691607, 0.04104630037684401, 0.024818220155851698, 0.05228153463494611, 0.015151828871765177], [0.7687887826152431, 0.11610185832329047, 0.013756495091768559, 0.026691158861099018, 0.05934350421857972, 0.015318200890019071], [0.45940422217573545, 0.4256724486596624, 0.013741313222041234, 0.027457843282328892, 0.058428744574803876, 0.015295428085428085], [0.6020449333610504, 0.28036252215614965, 0.01383674211747013, 0.031768705594873874, 0.05654852534188469, 0.01543857142857143], [0.5919027810584659, 0.281711169865486, 0.013756495091768559, 0.03143037323142701, 0.06588097986283331, 0.015318200890019073], [0.13365154611271632, 0.10069586645179843, 0.012956626257920732, 0.18769671808038368, 0.550355117223055, 0.014644125874125873], [0.6494768865998308, 0.23607154947245923, 0.013232675472821127, 0.02849180102352101, 0.058151581593203314, 0.014575505838164448], [0.5322920930911909, 0.3584411548348521, 0.013245793342132349, 0.02442196807937861, 0.05700380801031481, 0.014595182642131282], [0.8039262975762478, 0.09083639867094548, 0.01325915190629332, 0.022775998354701503, 0.05458693300343922, 0.014615220488372738], [0.8015706281827752, 0.09221309050852539, 0.01325915190629332, 0.02403843525783196, 0.054303473656201376, 0.014615220488372738], [0.10268010541553627, 0.08942053733557828, 0.01255466800533332, 0.020910731234856275, 0.7604212087639827, 0.014012749244712991], [0.5333600248691654, 0.3567903221796722, 0.01319470269323601, 0.023451947202323235, 0.05868445638681622, 0.014518546668786771], [0.5463642781854814, 0.34657399466871786, 0.013272757851272084, 0.02268989440707234, 0.05646344548161553, 0.014635629405840886], [0.09407705052540392, 0.21861465539639532, 0.01255466800533332, 0.020244655372775085, 0.6404962214553793, 0.014012749244712991], [0.10556724824797976, 0.10683476402925832, 0.012956626257920732, 0.022756603320145147, 0.73724063227057, 0.014644125874125875], [0.12716859115065346, 0.11063722218302899, 0.013508693401515889, 0.023195837787232425, 0.7099783691705152, 0.015511286307053942], [0.7525862425828426, 0.1123238272641942, 0.014494949579962904, 0.033714752274346484, 0.07051345098191797, 0.016366777316735824], [0.7712193713984229, 0.1045072023424956, 0.014513985873013236, 0.027575802916718864, 0.06578830571303819, 0.016395331756311318], [0.10724885368229868, 0.05132278939348011, 0.016674211747745877, 0.019292612554782703, 0.7900751514653755, 0.015386381156316915], [0.7959369725222676, 0.08465104523962204, 0.014553146247288203, 0.02218655075141575, 0.06621821292168265, 0.016454072317723768], [0.8211858127594346, 0.07204711726729567, 0.01457329124751619, 0.020837305269533216, 0.05487218363815459, 0.016484289818065753], [0.819340458743296, 0.07402221522199888, 0.014476262576693315, 0.020725866005795155, 0.05509645064038516, 0.016338746811831437], [0.8211858127594346, 0.07204711726729567, 0.01457329124751619, 0.020837305269533216, 0.05487218363815459, 0.016484289818065753], [0.8156718007796236, 0.07550566892830045, 0.014657900248473741, 0.020859583519674936, 0.056693843204425276, 0.016611203319502076], [0.8033041270259558, 0.07938785685535024, 0.014439898678438975, 0.02170950383801079, 0.06487441263779425, 0.01628420096444993], [0.8160096595208609, 0.06434025793810248, 0.03422747401283149, 0.02000562214097367, 0.04918164717545323, 0.016235339211778187], [0.9054689626556016, 0.023386224066390043, 0.012613278008298756, 0.013510373443983401, 0.030609792531120332, 0.014411369294605809], [0.9054689626556016, 0.023386224066390043, 0.012613278008298756, 0.013510373443983401, 0.030609792531120332, 0.014411369294605809], [0.8192036075040053, 0.06296939949511086, 0.02903193996001112, 0.023215867225970247, 0.049099140448373914, 0.016480045366528355], [0.7749450695620762, 0.10950985358719927, 0.014533381341404139, 0.024499893030779252, 0.060087377519643506, 0.016424424958897677], [0.7624362602220677, 0.11223923549220766, 0.014457915337119532, 0.027842373332069202, 0.06671298966406508, 0.016311225952470764], [0.13843740534701385, 0.08700981075347544, 0.013428160293439871, 0.023213748400990164, 0.722452746919066, 0.01545812828601472], [0.13997179367090962, 0.090530015503994, 0.013496445362849602, 0.024046580889816843, 0.7164519629092282, 0.015503201663201665], [0.7422168911400266, 0.12398337018765739, 0.014370965375661182, 0.02723973926142706, 0.07600823302494436, 0.01618080101028324], [0.7363657327219604, 0.1259313116733461, 0.014354474865729426, 0.028113736287810123, 0.0790786792057683, 0.016156065245385605], [0.1411695459211916, 0.10960077138995285, 0.013378774850573916, 0.025108448001430986, 0.6953169297265877, 0.015425530110262936], [0.7211449973561624, 0.13619145202575308, 0.015323007373107787, 0.03214135320558567, 0.07747971336212794, 0.017719476677263084], [0.7503418182148776, 0.09610557491406849, 0.041005121299161035, 0.026998510075683407, 0.06790044440876826, 0.017648531087441167], [0.8947167302452316, 0.026940490463215255, 0.012791825613079018, 0.013970027247956403, 0.036427574931880105, 0.015153351498637602]], [[0.9054730673316708, 0.02339285120532003, 0.012601995012468828, 0.01350058187863674, 0.030628428927680793, 0.014403075644222777], [0.8155562841867035, 0.05748621931811822, 0.03709970894690555, 0.022249450390585117, 0.052500784710135064, 0.015107552447552446], [0.29428363837027127, 0.26410885089987907, 0.012956626257920732, 0.024933601725651053, 0.38907315687215194, 0.014644125874125873], [0.29220461632113454, 0.10690650522822669, 0.012956626257920732, 0.027336916591549937, 0.5459512097270423, 0.014644125874125873], [0.45088318315859044, 0.4278862818660822, 0.013756495091768559, 0.031634415189918295, 0.06052142380362135, 0.015318200890019071], [0.6103662822970773, 0.26962948725369423, 0.013820087074399991, 0.0327975764811894, 0.057972978029672786, 0.015413588863966222], [0.5945565175079547, 0.1246361779868576, 0.013756495091768559, 0.18328326292714656, 0.06844934559625344, 0.015318200890019071], [0.6389174351108124, 0.11718953478316686, 0.0131824853641521, 0.027440421560508625, 0.18876990250619918, 0.014500220675160908], [0.37004712980050075, 0.09503294150758125, 0.01255466800533332, 0.017660499933992706, 0.4906920115078788, 0.014012749244712991], [0.23852267665604818, 0.21351840377683398, 0.01255466800533332, 0.01920077337349294, 0.5021907289435785, 0.014012749244712991], [0.8108456693917725, 0.08271444948375908, 0.013272757851272084, 0.02268989440707234, 0.05584159946028304, 0.014635629405840886], [0.6704016454569426, 0.22059987021587144, 0.01325915190629332, 0.023691641274606816, 0.05743247065791324, 0.014615220488372738], [0.5446797690714423, 0.08800283771038941, 0.013272757851272084, 0.02268989440707234, 0.31671911155398286, 0.014635629405840886], [0.8184790776992311, 0.07918622062416363, 0.013286618112979426, 0.02031287029064858, 0.05407879347457531, 0.014656419798401897], [0.08998662266508528, 0.08913996523985253, 0.01255466800533332, 0.019118405809883297, 0.7751875890351323, 0.014012749244712991], [0.7789867064353219, 0.10522624832020677, 0.013697365704409506, 0.024485739953750803, 0.062374432777330575, 0.015229506808980494], [0.75676761560398, 0.11442834739399677, 0.014494949579962904, 0.027428859123406403, 0.07051345098191796, 0.01636677731673582], [0.7690374818854092, 0.10672935197832295, 0.014513985873013236, 0.02584984622310331, 0.06747400228383993, 0.016395331756311318], [0.6003971539320733, 0.28648469813625843, 0.014614766247985578, 0.024205587288740213, 0.057751292076172564, 0.01654650231876983], [0.7775039143360475, 0.10247801554429244, 0.014533381341404139, 0.02318467849856095, 0.06587558532079725, 0.016424424958897673], [0.7921635429927348, 0.08861407405660363, 0.014457915337119534, 0.022030192673574662, 0.0664230489874965, 0.016311225952470764], [0.10361411969787136, 0.06330021622764824, 0.013428160293439871, 0.019791541002522277, 0.7844078344925034, 0.015458128286014722], [0.10386280092034976, 0.06342985196424117, 0.013410525668699975, 0.019792697208815317, 0.7840576361552107, 0.015446488082682976], [0.8079003949599122, 0.0754037309452298, 0.014553146247288203, 0.020910979005782242, 0.06477767652406376, 0.016454072317723768], [0.8033041270259558, 0.07938785685535024, 0.014439898678438975, 0.02170950383801079, 0.06487441263779425, 0.01628420096444993], [0.11195279675227805, 0.0777541429194659, 0.013485378503500643, 0.02266709162231996, 0.7586446935142453, 0.015495896688189962], [0.8100829321872027, 0.06334293613379154, 0.026211008524482264, 0.02216577507059201, 0.06121907363067489, 0.016978274453256427], [0.9054689626556016, 0.023386224066390043, 0.012613278008298756, 0.013510373443983401, 0.030609792531120332, 0.014411369294605809], [0.9054689626556016, 0.023386224066390043, 0.012613278008298756, 0.013510373443983401, 0.030609792531120332, 0.014411369294605809], [0.8023657021131059, 0.08084356009310378, 0.0296132950534179, 0.023424941225562476, 0.047650562097477374, 0.016101939417332643], [0.28107998648229904, 0.24371571373689171, 0.02129851858897383, 0.03480364029950682, 0.4013910205603783, 0.017711120331950207], [0.75714124405123, 0.11420272107342912, 0.01453338134140414, 0.02967988793267083, 0.0680183406423683, 0.016424424958897677], [0.753801827514226, 0.11648856225612406, 0.014457915337119532, 0.031180857428983973, 0.06775961151107546, 0.016311225952470764], [0.7397449704577109, 0.12573386144727602, 0.014457915337119535, 0.031597993073188446, 0.07215403373223436, 0.016311225952470768], [0.7424472296248963, 0.12352942544360308, 0.014439898678438975, 0.0291693502396419, 0.07412989504896972, 0.01628420096444993], [0.32827190818155233, 0.23811689195347327, 0.02129851858897383, 0.04371029735058245, 0.3508912635934677, 0.017711120331950207], [0.7347582570621329, 0.1259313116733461, 0.014354474865729426, 0.028113736287810123, 0.08068615486559565, 0.016156065245385605], [0.6936193272420269, 0.15294698737709342, 0.015416617191106426, 0.034221396689441845, 0.08592985258254769, 0.017865818917783632], [0.7407881549411462, 0.09423624345506151, 0.045603629639039966, 0.02998656453490165, 0.07182494818632945, 0.017560459243521058], [0.8947167302452316, 0.026940490463215255, 0.012791825613079018, 0.013970027247956403, 0.036427574931880105, 0.015153351498637602]], [[0.9054730673316708, 0.02339285120532003, 0.012601995012468828, 0.01350058187863674, 0.030628428927680793, 0.014403075644222777], [0.12586161409661203, 0.0677360653147586, 0.027430805924408087, 0.016463840436626204, 0.7478635483534691, 0.014644125874125873], [0.7657531815313103, 0.11780266937792229, 0.013683226068301906, 0.029895714332192645, 0.057656911335453684, 0.015208297354819093], [0.592939611464651, 0.2862359566703977, 0.013683226068301906, 0.02794162076874484, 0.0639912876730854, 0.015208297354819093], [0.7582591875539207, 0.11719157800303688, 0.013820087074399991, 0.03177158400354798, 0.06354397450112811, 0.01541358886396622], [0.4119955782514713, 0.2201455750253219, 0.019520779650149277, 0.20051315393462, 0.13132708097060533, 0.01649783216783217], [0.7645648825867316, 0.10498752056105397, 0.013741313222041234, 0.03233332975834145, 0.06907752578640368, 0.015295428085428086], [0.1070133379236035, 0.2316970491840478, 0.01255466800533332, 0.0231449351353434, 0.6115772605069589, 0.014012749244712991], [0.08996207618855526, 0.06390536676648423, 0.01255466800533332, 0.019737080150449143, 0.799828059644465, 0.014012749244712991], [0.8146447132834146, 0.08027433041075942, 0.013158677235680896, 0.022809107840131442, 0.0546486627475594, 0.0144645084824541], [0.8014901308200401, 0.09995481851442765, 0.01334475047276167, 0.021050636360146063, 0.04941604549454914, 0.014743618338075264], [0.6776842348428237, 0.08405147630947493, 0.013207136258232907, 0.02248504965301104, 0.18803490592017535, 0.014537197016282116], [0.08957344835495816, 0.0580955464088312, 0.01255466800533332, 0.02146392436527899, 0.8042996636208851, 0.014012749244712991], [0.6949764802656534, 0.20365568908804638, 0.013232675472821127, 0.01945439037963225, 0.05410525895568247, 0.014575505838164448], [0.09084423418059771, 0.19445273554129117, 0.01255466800533332, 0.020152436311143853, 0.6679831767169208, 0.014012749244712991], [0.7872498131284553, 0.09822090629600444, 0.013711755599563257, 0.024449480542470814, 0.06111695278179496, 0.01525109165171112], [0.5909942302467155, 0.2850192375221685, 0.014422203745806283, 0.023922907013176967, 0.06938376290663173, 0.016257658565500887], [0.12149249959919912, 0.07559489203430206, 0.013378774850573916, 0.025884982887647776, 0.7482233205180142, 0.015425530110262936], [0.5665200965654567, 0.30137875308585305, 0.014494949579962904, 0.02742885912340641, 0.07381056432858503, 0.016366777316735824], [0.7751829979807602, 0.10395522902457548, 0.014513985873013235, 0.024164149652301577, 0.06578830571303819, 0.016395331756311318], [0.12178881700691131, 0.07455663714417253, 0.013358277062831188, 0.02411395597686178, 0.7507703128092231, 0.015411999999999999], [0.794270663706237, 0.08650695334310145, 0.014457915337119534, 0.022030192673574662, 0.0664230489874965, 0.016311225952470764], [0.8079003949599122, 0.0754037309452298, 0.014553146247288203, 0.020910979005782242, 0.06477767652406376, 0.016454072317723768], [0.8047973047361142, 0.07764704776307099, 0.014533381341404139, 0.021909106752927447, 0.06468873444758547, 0.016424424958897673], [0.10767941611853254, 0.09141048427040782, 0.013508693401515889, 0.02254108581071832, 0.7493490340917713, 0.015511286307053942], [0.11620841624051868, 0.06536309318130505, 0.014045909616102054, 0.018845255334330596, 0.7691822060105186, 0.01635511961722488], [0.16451269292227555, 0.058011977074243805, 0.013508693401515889, 0.01767078159699209, 0.7307845686979187, 0.015511286307053942], [0.7901852493141049, 0.07736148725222557, 0.03538381815105183, 0.028987843736784008, 0.051157602486845845, 0.01692399905898768], [0.9054689626556016, 0.023386224066390043, 0.012613278008298756, 0.013510373443983401, 0.030609792531120332, 0.014411369294605809], [0.805462