{"prediction": [[[0.9082899458963776, 0.0278127485862754, 0.01288308329512456, 0.014020909980131436, 0.023324654439859385, 0.013668657802231391], [0.9082802617848968, 0.027797347673531654, 0.012895013577421816, 0.014030757284515636, 0.02331746971777269, 0.013679149961861174], [0.9082899458963776, 0.0278127485862754, 0.01288308329512456, 0.014020909980131436, 0.023324654439859385, 0.013668657802231391], [0.9082899458963776, 0.0278127485862754, 0.01288308329512456, 0.014020909980131436, 0.023324654439859385, 0.013668657802231391], [0.9082899458963776, 0.0278127485862754, 0.01288308329512456, 0.014020909980131436, 0.023324654439859385, 0.013668657802231391], [0.9082899458963776, 0.0278127485862754, 0.01288308329512456, 0.014020909980131436, 0.023324654439859385, 0.013668657802231391], [0.9082899458963776, 0.0278127485862754, 0.01288308329512456, 0.014020909980131436, 0.023324654439859385, 0.013668657802231391], [0.9082899458963776, 0.0278127485862754, 0.01288308329512456, 0.014020909980131436, 0.023324654439859385, 0.013668657802231391], [0.9082899458963776, 0.0278127485862754, 0.01288308329512456, 0.014020909980131436, 0.023324654439859385, 0.013668657802231391], [0.9082899458963776, 0.0278127485862754, 0.01288308329512456, 0.014020909980131436, 0.023324654439859385, 0.013668657802231391], [0.9082899458963776, 0.0278127485862754, 0.01288308329512456, 0.014020909980131436, 0.023324654439859385, 0.013668657802231391], [0.9082899458963776, 0.0278127485862754, 0.01288308329512456, 0.014020909980131436, 0.023324654439859385, 0.013668657802231391], [0.9082899458963776, 0.0278127485862754, 0.01288308329512456, 0.014020909980131436, 0.023324654439859385, 0.013668657802231391], [0.9083094210768523, 0.027843720509280565, 0.012859090964871913, 0.014001106611443472, 0.02333910323669274, 0.013647557600859027], [0.9083774747145186, 0.02795194810844403, 0.012775252699448457, 0.01393190616018022, 0.02338959279111318, 0.013573825526295345], [0.897158232756001, 0.033121181808973964, 0.013332910766737566, 0.01484102380228907, 0.02717251372429859, 0.014374137141699585], [0.8970589443757725, 0.033354391017717346, 0.013229792748248866, 0.01476353811289658, 0.027304617634940256, 0.014288716110424392], [0.8970589443757725, 0.033354391017717346, 0.013229792748248866, 0.01476353811289658, 0.027304617634940256, 0.014288716110424392], [0.897158232756001, 0.033121181808973964, 0.013332910766737566, 0.01484102380228907, 0.02717251372429859, 0.014374137141699585], [0.9083774747145186, 0.02795194810844403, 0.012775252699448457, 0.01393190616018022, 0.02338959279111318, 0.013573825526295345], [0.9083094210768523, 0.027843720509280565, 0.012859090964871913, 0.014001106611443472, 0.02333910323669274, 0.013647557600859027], [0.9082899458963776, 0.0278127485862754, 0.01288308329512456, 0.014020909980131436, 0.023324654439859385, 0.013668657802231391], [0.9082899458963776, 0.0278127485862754, 0.01288308329512456, 0.014020909980131436, 0.023324654439859385, 0.013668657802231391], [0.9082802617848968, 0.027797347673531654, 0.012895013577421816, 0.014030757284515636, 0.02331746971777269, 0.013679149961861174], [0.9082802617848968, 0.027797347673531654, 0.012895013577421816, 0.014030757284515636, 0.02331746971777269, 0.013679149961861174], [0.9154050747628082, 0.024757952435167617, 0.012400608981657178, 0.0133423926628716, 0.021043139025932953, 0.013050832131562301], [0.9154050747628082, 0.024757952435167617, 0.012400608981657178, 0.0133423926628716, 0.021043139025932953, 0.013050832131562301], [0.9154050747628082, 0.024757952435167617, 0.012400608981657178, 0.0133423926628716, 0.021043139025932953, 0.013050832131562301], [0.9154050747628082, 0.024757952435167617, 0.012400608981657178, 0.0133423926628716, 0.021043139025932953, 0.013050832131562301], [0.9154050747628082, 0.024757952435167617, 0.012400608981657178, 0.0133423926628716, 0.021043139025932953, 0.013050832131562301], [0.9154050747628082, 0.024757952435167617, 0.012400608981657178, 0.0133423926628716, 0.021043139025932953, 0.013050832131562301], [0.9154050747628082, 0.024757952435167617, 0.012400608981657178, 0.0133423926628716, 0.021043139025932953, 0.013050832131562301], [0.9154050747628082, 0.024757952435167617, 0.012400608981657178, 0.0133423926628716, 0.021043139025932953, 0.013050832131562301], [0.9154050747628082, 0.024757952435167617, 0.012400608981657178, 0.0133423926628716, 0.021043139025932953, 0.013050832131562301], [0.9082802617848968, 0.027797347673531654, 0.012895013577421816, 0.014030757284515636, 0.02331746971777269, 0.013679149961861174], [0.9082802617848968, 0.027797347673531654, 0.012895013577421816, 0.014030757284515636, 0.02331746971777269, 0.013679149961861174], [0.9082899458963776, 0.0278127485862754, 0.01288308329512456, 0.014020909980131436, 0.023324654439859385, 0.013668657802231391], [0.9082899458963776, 0.0278127485862754, 0.01288308329512456, 0.014020909980131436, 0.023324654439859385, 0.013668657802231391], [0.9082802617848968, 0.027797347673531654, 0.012895013577421816, 0.014030757284515636, 0.02331746971777269, 0.013679149961861174], [0.9082899458963776, 0.0278127485862754, 0.01288308329512456, 0.014020909980131436, 0.023324654439859385, 0.013668657802231391]], [[0.9082802617848968, 0.027797347673531654, 0.012895013577421816, 0.014030757284515636, 0.02331746971777269, 0.013679149961861174], [0.06895097891090382, 0.059439020204551905, 0.15237531125249498, 0.01883577025706849, 0.6857649610873102, 0.014633958287670487], [0.4699046411103028, 0.11663415090404844, 0.07397151834066898, 0.04905207558808359, 0.27593915385510037, 0.0144984602017958], [0.47325182030178425, 0.3123588182882588, 0.0762015323671044, 0.05722389668991539, 0.06646211856046283, 0.014501813792474089], [0.45256806843221076, 0.1550842829165418, 0.07457903956931425, 0.24959384117721523, 0.05376786270938838, 0.014406905195329604], [0.12323262067242176, 0.3807446061906332, 0.09289535525848326, 0.04802606121825728, 0.34046739837253387, 0.014633958287670487], [0.10918490269801145, 0.14709088233053877, 0.07428740957801136, 0.03641569807177781, 0.6183693777295395, 0.01465172959212103], [0.7086360057974922, 0.12463566557305877, 0.06909803370950646, 0.02537883911078658, 0.05777775176599755, 0.014473704043158397], [0.07999688160175325, 0.0704648554719702, 0.08382174865033921, 0.01883457989896104, 0.732258031029627, 0.014623903347349117], [0.5020717577145926, 0.12237227990806736, 0.278162064553508, 0.024760992458211607, 0.058053816739202714, 0.014579088626417679], [0.8060589520583592, 0.07537768480370181, 0.04527472076195755, 0.021892173049409387, 0.0366697859952947, 0.014726683331277288], [0.08352133041229526, 0.08979260115477224, 0.052681770656927626, 0.01883271821471491, 0.7405634018379147, 0.014608177723375197], [0.7385950453813311, 0.12118567860299846, 0.050068233654860475, 0.021449708830414433, 0.0541589955925975, 0.014542337937797795], [0.08745960572767356, 0.10631528269427315, 0.0446440840585703, 0.023511221436099072, 0.7234180764912629, 0.01465172959212103], [0.08745960572767356, 0.10631528269427315, 0.0446440840585703, 0.023511221436099072, 0.7234180764912629, 0.01465172959212103], [0.6609186348246995, 0.1669280179874752, 0.06321174657562328, 0.02475725491151379, 0.068708471923961, 0.01547587377672707], [0.689368987356177, 0.14484427048129786, 0.06416908797967326, 0.035387160701931084, 0.05070687200293426, 0.015523621477986634], [0.6504186132509687, 0.1440820564269069, 0.09999776858080874, 0.03975497495521044, 0.05027798147511265, 0.01546860531099243], [0.6540865906140655, 0.135918310457933, 0.10231884524683259, 0.039186685886065886, 0.05304226206285502, 0.015447305732247868], [0.7019129976475286, 0.1093464149506704, 0.08328329859981878, 0.04303140910104944, 0.04816662252969077, 0.014259257171241956], [0.1379976747149994, 0.13630397911817674, 0.3022407098447688, 0.029577810068379742, 0.3792403001602661, 0.014639526093409192], [0.46213558692796486, 0.13421694305391127, 0.2938224200634568, 0.033317432719785885, 0.06206301014433627, 0.014444607090544683], [0.7325829243265195, 0.11153936529633655, 0.06093736733848413, 0.026015384448269917, 0.05437570022053802, 0.014549258369851973], [0.0806574163301136, 0.07102148659796799, 0.07223904158765945, 0.018828416551888105, 0.7426817973020885, 0.014571841630282308], [0.7631798102186435, 0.09592475454351747, 0.04820863472599181, 0.025381004133219483, 0.05264292007421494, 0.014662876304412674], [0.8322018056868383, 0.07054248999804534, 0.030431406753770096, 0.02251068681537966, 0.030332598204327536, 0.013981012541638933], [0.8316798793971393, 0.07164941519469599, 0.03077481030701893, 0.01986125165577211, 0.03211517358623109, 0.013919469859142646], [0.07168363537979903, 0.059131057579397524, 0.060106025711560325, 0.017336986309102048, 0.7778137994452281, 0.013928495574912967], [0.7700795099320037, 0.10169925023574061, 0.04320800310640906, 0.019493183768960122, 0.051750681083193334, 0.013769371873693164], [0.6190933784873582, 0.2560881876104686, 0.04456902175334225, 0.025957620011426583, 0.04047090766698365, 0.013820884470420677], [0.7578778152645064, 0.09147922980418434, 0.06955425793296892, 0.02868817816984079, 0.03862518547245188, 0.013775333356047723], [0.5960149046694982, 0.08255261900848859, 0.2355519254260595, 0.028485653942479275, 0.04366189386559728, 0.013733003087876996], [0.570854764302505, 0.09154377034138392, 0.07356334072404139, 0.029300901487713846, 0.2210436594247599, 0.013693563719595864], [0.40234229145586875, 0.0952042041238576, 0.23609241606378759, 0.0294962780372851, 0.22320808143573193, 0.013656728883469036], [0.6776139745853559, 0.11482960139270262, 0.08529891143811758, 0.03327591552408512, 0.07452734515990579, 0.014454251899832998], [0.4615167862814744, 0.10579055206189536, 0.11154211446763275, 0.03521235653317566, 0.27148706748438534, 0.014451123171436374], [0.6731369103138252, 0.11817850444074193, 0.08637867362367598, 0.03067954850531686, 0.07722861536229263, 0.014397747754147264], [0.4882169695031178, 0.09428846659706787, 0.03826599023363047, 0.02528088778340172, 0.3384978449805009, 0.015449840902280972], [0.13906589102779737, 0.08166984235797468, 0.11319225134485304, 0.022993222711734568, 0.6284448342699698, 0.014633958287670487], [0.9082802617848968, 0.027797347673531654, 0.012895013577421816, 0.014030757284515636, 0.02331746971777269, 0.013679149961861174]], [[0.9082899458963776, 0.0278127485862754, 0.01288308329512456, 0.014020909980131436, 0.023324654439859385, 0.013668657802231391], [0.10952093976074086, 0.1362008365100215, 0.2930565788302331, 0.03647938255578915, 0.4101083040555448, 0.014633958287670487], [0.44919279423411196, 0.20453486307151467, 0.014937844691190916, 0.038185564706320466, 0.2785159699948316, 0.014632963302030403], [0.45075239129293293, 0.4129584226889327, 0.014971788211050776, 0.03737649695922988, 0.06926394968769059, 0.014676951160163439], [0.648364547692158, 0.21996849846036573, 0.014955490806069647, 0.04047598236564061, 0.06157964953913596, 0.014655831136630045], [0.4491593165131197, 0.41928090147940994, 0.014922443040490542, 0.039181987392113454, 0.06284234747650197, 0.014613004098364437], [0.6686785447538268, 0.19976072752031224, 0.014937844691190916, 0.038185564706320466, 0.06380435502631925, 0.014632963302030403], [0.6857073446683113, 0.18582059159358735, 0.014953660608821388, 0.035053338398631666, 0.06381160537093604, 0.014653459359712259], [0.50776361798552, 0.37315005721216543, 0.019689505075595137, 0.028118998097797915, 0.0566670598899617, 0.014610761738959864], [0.08704415160359094, 0.15533594604381026, 0.014666131946262146, 0.029429704032157493, 0.6988568952522762, 0.01466717112190275], [0.7204491416748038, 0.15752110669820302, 0.019424980879880177, 0.0308994621539994, 0.05698691422878558, 0.014718394364328157], [0.7215591709008167, 0.15998613170475265, 0.014936068166170643, 0.031042135432001537, 0.05784583271659273, 0.014630661079665597], [0.7213088095139898, 0.1610444820323638, 0.015023464635080107, 0.03004833070655666, 0.05783099378771926, 0.014743919324290485], [0.7172669561670483, 0.16481586179798052, 0.014986603949494581, 0.03129121410391537, 0.056943212909205766, 0.014696151072355602], [0.5044816758054069, 0.3729049975828553, 0.01486504832816539, 0.029930490363199586, 0.06326764631887294, 0.014550141601499825], [0.14192223911338045, 0.19338140835057466, 0.015766066472151993, 0.04297796009797925, 0.5901848955757334, 0.015767430390180286], [0.6139419525809479, 0.24052360171497553, 0.01600985687903259, 0.04230260709201735, 0.07161752641722238, 0.015604455315804254], [0.5937856841384006, 0.25038563476377773, 0.015971546987734255, 0.04666728742682241, 0.07763206729510569, 0.015557779388159273], [0.5644660179814064, 0.2728036701165832, 0.015969883830467782, 0.04428451929674897, 0.08693413710479306, 0.015541771670000601], [0.11784630346228706, 0.2103216045034813, 0.020836638075166086, 0.038194233248733084, 0.5981773173629832, 0.014623903347349119], [0.6640014465314313, 0.20776803095972993, 0.020070016017086544, 0.03206043354971309, 0.061569598641551364, 0.01453047430048769], [0.34122707103164784, 0.19631742168936617, 0.020836638075166086, 0.038112267027480266, 0.3888826988289904, 0.014623903347349119], [0.4600799775754468, 0.4048845385540613, 0.018872203173524348, 0.03563590895545851, 0.06587391238179671, 0.014653459359712257], [0.5090733252356267, 0.17728567820473767, 0.014969907735390052, 0.029816494864469335, 0.25418007973299306, 0.01467451422678328], [0.7215690065151914, 0.1665473450730737, 0.015041685195681343, 0.027795903958353997, 0.05427852766696925, 0.014767531590730167], [0.7656492620181533, 0.13824938496117758, 0.014196228030863095, 0.024418216469101563, 0.043513412741350545, 0.013973495779353813], [0.43930486191687573, 0.4653874704312392, 0.014196228030863095, 0.024418216469101563, 0.04271972737256665, 0.013973495779353813], [0.7591039685350769, 0.14437336000495088, 0.014093096373086474, 0.025909739642557515, 0.04267998934980475, 0.013839846094523467], [0.2744081468561437, 0.11791563628619897, 0.013927646684754942, 0.029302609657004874, 0.5505174649409844, 0.013928495574912967], [0.5640371588735952, 0.32636379432208756, 0.0141076844137665, 0.03125785998773315, 0.05037475147265776, 0.01385875093015988], [0.7252306353349565, 0.16530374916598348, 0.015468696955053159, 0.032200118682754644, 0.04790057097792136, 0.013896228883330853], [0.7142024884031866, 0.1716112423561444, 0.01648481455009738, 0.03059477630539994, 0.053228447536990665, 0.013878230848181065], [0.7095558732011104, 0.17380585596312487, 0.016819321140176712, 0.03020180513102194, 0.05575642690477998, 0.013860717659786205], [0.38898578654325133, 0.4267802592019344, 0.018845116611730092, 0.03254431574429986, 0.1186300677882239, 0.01421445411056034], [0.4329903371642008, 0.42490327392115496, 0.01759622677611894, 0.03856005533091215, 0.07135654587898445, 0.014593560928628622], [0.12517796324836492, 0.2047128827084948, 0.014570781523378802, 0.040798597060497994, 0.6001679338289813, 0.014571841630282308], [0.6398648181178238, 0.19478887820191007, 0.014907439590764252, 0.02769169449747845, 0.10815360866339482, 0.014593560928628624], [0.04612958852117565, 0.027892573324076214, 0.012821247242150736, 0.01396987024608501, 0.023361893697446574, 0.8758248269690657], [0.7441809243683205, 0.09636335726532712, 0.07020796216841137, 0.028338979276570933, 0.04584987584818414, 0.015058901073186026], [0.9082899458963776, 0.0278127485862754, 0.01288308329512456, 0.014020909980131436, 0.023324654439859385, 0.013668657802231391]], [[0.9082899458963776, 0.0278127485862754, 0.01288308329512456, 0.014020909980131436, 0.023324654439859385, 0.013668657802231391], [0.6746790792335703, 0.11891852553371289, 0.08344589086240693, 0.046459169217059275, 0.0620462119818141, 0.014451123171436374], [0.4485647743462499, 0.41401644581066227, 0.014922443040490542, 0.03541901971831681, 0.07246431298591602, 0.014613004098364437], [0.6447672739539824, 0.22354684805546343, 0.014907439590764252, 0.03576145552619766, 0.06642342194496365, 0.014593560928628624], [0.22004382293181585, 0.5316408359974655, 0.017178426634611665, 0.047179534397644676, 0.16887496055044077, 0.01508241948802128], [0.4553047399490954, 0.4190347004948715, 0.014955490806069647, 0.034405663698267794, 0.06164357391506551, 0.014655831136630045], [0.6332133378066039, 0.24299093231798605, 0.014876965012636568, 0.032834919497714984, 0.06152977684690673, 0.014554068518151482], [0.1257364983736274, 0.1858932116657956, 0.014622854671509268, 0.03752858595290961, 0.6215949459888089, 0.014623903347349119], [0.480333331422928, 0.1854572810531459, 0.014905753674477058, 0.03477624691934301, 0.26993601080278173, 0.014591376127324241], [0.09048924266947928, 0.08707745794624087, 0.07550203287773764, 0.02349594873050874, 0.7087659489160865, 0.01466936885994691], [0.716481241349624, 0.162520705327157, 0.014936068166170643, 0.031042135432001537, 0.060389188645381064, 0.014630661079665597], [0.3316702126744797, 0.15161990107946494, 0.014607125594698622, 0.03559842641612699, 0.45189615651185455, 0.014608177723375197], [0.6981033386309968, 0.18173467823435976, 0.014953660608821388, 0.03442353239125129, 0.056131330774858504, 0.014653459359712259], [0.7173291218774761, 0.16393689087886715, 0.014920712709117007, 0.03140880830105541, 0.05779370449452429, 0.014610761738959862], [0.0967909237467887, 0.17661787141449475, 0.014701060186455738, 0.039601577010560676, 0.6575864759470283, 0.014702091694671739], [0.610877889194776, 0.24354734422607566, 0.015976896373994104, 0.04172147788893959, 0.07232014195601659, 0.01555625036019808], [0.5937856841384006, 0.25038563476377773, 0.015971546987734255, 0.04666728742682241, 0.07763206729510569, 0.015557779388159273], [0.14715202586166962, 0.2878017100648202, 0.015698353425049237, 0.039558727085549354, 0.49408944080521244, 0.015699742757699173], [0.15146938968542606, 0.2820551705976809, 0.015732522470356475, 0.04500069324747209, 0.4900083250206671, 0.015733898978397335], [0.25192208723866355, 0.3100886604681718, 0.017178426634611665, 0.046933846170440295, 0.3587945600000914, 0.015082419488021281], [0.6393474479719107, 0.22112247815509875, 0.014907439590764252, 0.03941645036795061, 0.07061262298564709, 0.014593560928628624], [0.6307991789158934, 0.23356993933554107, 0.017001587475849643, 0.039074014560069766, 0.06494227561428162, 0.014613004098364437], [0.4243515517814857, 0.43503282253255954, 0.014937844691190916, 0.04161003880263175, 0.06943477889010155, 0.014632963302030403], [0.4641596941273868, 0.4047603002722327, 0.014953660608821386, 0.03563590895545851, 0.06583697667638819, 0.014653459359712257], [0.722476395697917, 0.16684016613924965, 0.014969907735390052, 0.029816494864469335, 0.05122252133619065, 0.01467451422678328], [0.7645571019407281, 0.13985879413556127, 0.014180676338733867, 0.024756755274764133, 0.0426933301752048, 0.013953342135007749], [0.7641463429539533, 0.14003263885213807, 0.01414923467488075, 0.02579143182000166, 0.041967755233729365, 0.013912596465296783], [0.6020643270760601, 0.3011589687578411, 0.014196228030863095, 0.025887252983315324, 0.04271972737256664, 0.013973495779353813], [0.7632066898970009, 0.13814908875660678, 0.014135001756981274, 0.028683550613816555, 0.04193151713760721, 0.013894151837987473], [0.7611592470449177, 0.14166161192055832, 0.014165567448823541, 0.026412126678405666, 0.042667684583357485, 0.013933762323937272], [0.5696637150123568, 0.32390619671222043, 0.01415088271477638, 0.03070209857037931, 0.047662374808184624, 0.013914732182082369], [0.721979709320213, 0.1666377805975375, 0.01486877061068859, 0.03471693961030864, 0.04790057097792136, 0.013896228883330851], [0.5434327638186752, 0.3407489425534618, 0.014081798118964643, 0.0326338683952631, 0.055277422576661364, 0.013825204536973926], [0.6898264193161392, 0.19029630891072857, 0.015017962496270507, 0.03368262652677155, 0.05736760091743223, 0.01380908183265789], [0.6494498570154276, 0.21910439025277584, 0.014971788211050774, 0.032499717588421004, 0.06929729577216147, 0.014676951160163437], [0.6358727853550198, 0.22118149712508128, 0.01490743959076425, 0.03856005533091215, 0.07488466166959376, 0.014593560928628622], [0.2831218537946355, 0.2193366138808849, 0.017178426634611665, 0.10219620889275724, 0.3630844773090893, 0.015082419488021281], [0.04582987459954233, 0.027797347673531654, 0.012895013577421816, 0.014030757284515636, 0.02331746971777269, 0.8761295371472158], [0.052286211637347764, 0.03095951538114569, 0.013334833378439331, 0.014678053946774919, 0.02566125647271087, 0.8630801291835813], [0.9011219152815011, 0.03085104807864164, 0.013391745129579982, 0.014722361751563896, 0.02560250473637176, 0.014310425022341375]], [[0.9082899458963776, 0.0278127485862754, 0.01288308329512456, 0.014020909980131436, 0.023324654439859385, 0.013668657802231391], [0.7006138632382892, 0.10846877097169114, 0.07397151834066899, 0.04890652051050536, 0.0535408667370495, 0.014498460201795802], [0.139922183166957, 0.40364837580911117, 0.014650687026021566, 0.03615660724546758, 0.3909704171603217, 0.01465172959212103], [0.34673001281312477, 0.22084145422744764, 0.01463291181956925, 0.044962933517536115, 0.3581987293346517, 0.014633958287670487], [0.6458862120586968, 0.21612413141012035, 0.01490743959076425, 0.04218225448614396, 0.06630640152564589, 0.014593560928628622], [0.4253880117246971, 0.4267864026271258, 0.014922443040490542, 0.04163837531245614, 0.07665176319686615, 0.014613004098364437], [0.12912778294197205, 0.42262800518050436, 0.014604870124390245, 0.04649206612875462, 0.3725413528761925, 0.014605922748186197], [0.6637308980943353, 0.19843922203415884, 0.014891175906591616, 0.03837197361393743, 0.06999424574663801, 0.014572484604338744], [0.699104503207437, 0.10326800355823153, 0.07374275912777269, 0.04931503408582631, 0.060016838055887665, 0.014552861964844739], [0.9083574980264687, 0.027920178623945517, 0.01279986285891185, 0.013952219487655754, 0.02337477192167789, 0.013595469081340454], [0.7441697079148595, 0.12196329236144175, 0.050716021935334296, 0.02601538444826991, 0.04258633497024262, 0.014549258369851971], [0.48883162931130647, 0.3910063875540502, 0.014953660608821388, 0.03442353239125129, 0.056131330774858504, 0.014653459359712259], [0.6745828955974764, 0.19791862542426597, 0.014937844691190916, 0.03755575869894008, 0.06037191228609618, 0.014632963302030403], [0.10976943202265572, 0.4103331114823883, 0.014698892278813965, 0.03999951951248369, 0.4104991204407306, 0.014699924262927645], [0.11129680816348697, 0.4089561955173407, 0.014736544171317742, 0.03238923511293354, 0.4178836491448086, 0.014737567890112435], [0.6433743160176304, 0.20934840249840814, 0.016031797528941447, 0.04295608358445599, 0.07265651187518583, 0.01563288849537791], [0.6168961983080581, 0.2372317935247394, 0.01599301144737561, 0.04241640886638762, 0.0718769923869974, 0.015585595466441792], [0.15711539316864556, 0.25876139899894995, 0.015716655756692996, 0.050940814769399344, 0.5017476990863518, 0.015718038219960238], [0.5700223799661938, 0.26864455288100814, 0.016026182365031873, 0.04387608940676951, 0.08582569856681525, 0.015605096814181433], [0.6399351195780529, 0.2158628598761567, 0.01490743959076425, 0.039242921917668885, 0.07545809810872858, 0.014593560928628622], [0.11907954624649882, 0.20551044385175155, 0.014589022197511459, 0.03938664660970362, 0.6068442627943005, 0.014590078300234028], [0.43899340903086226, 0.44284289570670154, 0.014863107315224248, 0.03397891867533415, 0.054785559127823645, 0.014536110144054145], [0.12293262080922457, 0.21018249356429902, 0.014727991294969862, 0.03327266000461919, 0.6041552174356009, 0.014729016891286414], [0.32987775667217395, 0.2025557609399745, 0.014725848171710673, 0.03216964198180623, 0.40594411799585034, 0.01472687423848425], [0.12088639958935528, 0.1823524007484632, 0.014703226095565462, 0.03545430545571124, 0.6318994109825822, 0.014704257128322502], [0.7642866370259951, 0.13895909822349797, 0.014080363290102718, 0.02621379285655475, 0.04263676348065123, 0.013823345123198216], [0.09826390287821599, 0.11855534821013533, 0.013892111922967635, 0.0293669123171153, 0.7260287583461662, 0.013892966325399415], [0.7666635988319433, 0.13485324906001467, 0.01414923467488075, 0.028453565734134996, 0.041967755233729365, 0.013912596465296783], [0.6048853751618298, 0.13483533978043802, 0.014196228030863095, 0.1893898338749485, 0.04271972737256664, 0.013973495779353813], [0.7642231732682795, 0.13694373579244026, 0.014180676338733867, 0.028005742290333847, 0.0426933301752048, 0.013953342135007749], [0.7465364730382268, 0.14345660725304993, 0.014121156888738998, 0.035118978284670276, 0.04689057444593211, 0.01387621008938196], [0.39908662458362487, 0.3274343917416428, 0.0140679589293102, 0.19798948518966478, 0.04761426940843175, 0.013807270147325794], [0.2759496252729107, 0.1700265729499538, 0.013927646684754942, 0.03224753182148231, 0.49392012769598537, 0.013928495574912967], [0.2837274634119217, 0.34434653938097637, 0.013927646684754942, 0.03381790120219379, 0.31025195374524034, 0.013928495574912967], [0.6597334847675208, 0.20854380894156102, 0.014937844691190916, 0.04099532642197996, 0.061156571875716846, 0.014632963302030403], [0.7150873610433884, 0.16450953489362413, 0.014971788211050774, 0.03688605692104277, 0.05386830777073063, 0.014676951160163437], [0.04582987459954233, 0.027797347673531654, 0.012895013577421816, 0.014030757284515636, 0.02331746971777269, 0.8761295371472158], [0.04866087703703704, 0.029203557860082302, 0.013123755390946502, 0.014349236872427982, 0.024369714238683126, 0.870292858600823], [0.9049863396786156, 0.02921567597857437, 0.013115997362999588, 0.014342993654717758, 0.024375857272352697, 0.013963136052740008], [0.9082802617848968, 0.027797347673531654, 0.012895013577421816, 0.014030757284515636, 0.02331746971777269, 0.013679149961861174]], [[0.9082899458963776, 0.0278127485862754, 0.01288308329512456, 0.014020909980131436, 0.023324654439859385, 0.013668657802231391], [0.7199426103756161, 0.1146898712477368, 0.06488453799461862, 0.04173471243144494, 0.04414047363499592, 0.014607794315587407], [0.4814405682712366, 0.3871569054216964, 0.014905753674477058, 0.04145803760294857, 0.060447358902316915, 0.01459137612732424], [0.6671751144385909, 0.19235846767422932, 0.014937844691190916, 0.045084338774947635, 0.06581127111901078, 0.014632963302030403], [0.448461450148622, 0.2099654107328822, 0.014971788211050774, 0.23544494343570257, 0.07647945631157906, 0.014676951160163435], [0.43985801539398045, 0.21263247089066661, 0.014971788211050774, 0.03713840305816078, 0.28072237128597793, 0.014676951160163435], [0.44433826279672656, 0.21038823187473374, 0.014907439590764252, 0.037237344550567535, 0.2785351602585792, 0.014593560928628624], [0.6631532904410921, 0.2026913959298246, 0.014971788211050774, 0.03405089175629117, 0.07045568250157802, 0.014676951160163435], [0.6797216644497086, 0.12201765012389858, 0.07079666720937886, 0.0497721947784807, 0.06319000964605906, 0.014501813792474089], [0.9082802617848968, 0.027797347673531654, 0.012895013577421816, 0.014030757284515636, 0.02331746971777269, 0.013679149961861174], [0.08277765027105065, 0.12278834459136964, 0.06265208039363779, 0.034919990622274556, 0.682290092491385, 0.014571841630282308], [0.4751892432699278, 0.3973122777518146, 0.014937844691190916, 0.03755575869894008, 0.06037191228609618, 0.014632963302030403], [0.6694208395775857, 0.20397775874395346, 0.014971788211050774, 0.034690454608277986, 0.062262207698968675, 0.014676951160163437], [0.6755828247947928, 0.19834739165764992, 0.014891175906591616, 0.03774216760655706, 0.05886395543006956, 0.014572484604338744], [0.11006222814584879, 0.4115997311446779, 0.014683660733316024, 0.04006626176501198, 0.4089034221500966, 0.014684696061048677], [0.6390419621719788, 0.20615694401094414, 0.016162844313529705, 0.052274335158687145, 0.07058445869560483, 0.0157794556492554], [0.6128094790422374, 0.23416374009481347, 0.016040997201637923, 0.050208584369188035, 0.07113787981816644, 0.015639319473956696], [0.6160711718799934, 0.23437782639925753, 0.015993584264919182, 0.04592027629045604, 0.0720621522328916, 0.015574988932482308], [0.5988321999028501, 0.2481035833997066, 0.016238663306395697, 0.041368275623416606, 0.07958880137512556, 0.01586847639250543], [0.6613139527177396, 0.20550278419001886, 0.014971788211050774, 0.03318258417517775, 0.07035193954584949, 0.014676951160163435], [0.6498667462942515, 0.21839087156849113, 0.014907439590764252, 0.03941645036795061, 0.06282493124991391, 0.014593560928628624], [0.467080026839856, 0.30328183176761153, 0.017178426634611665, 0.061256389859733924, 0.13612090541016553, 0.015082419488021281], [0.12332178517372736, 0.21024065852757587, 0.014666131946262146, 0.03770515558164094, 0.5993990976488909, 0.01466717112190275], [0.6601862574019559, 0.21506888661770807, 0.01487696501263657, 0.036406337512543636, 0.05890748493700431, 0.014554068518151483], [0.6558998077243418, 0.21425944525891116, 0.014891175906591617, 0.03895454417076429, 0.061422542335052344, 0.014572484604338746], [0.562496285690248, 0.32686809233291153, 0.0141076844137665, 0.03125785998773315, 0.05141132664518078, 0.01385875093015988], [0.7629788748545732, 0.14069521739163354, 0.014121156888738998, 0.026432273730119735, 0.04189626704555261, 0.01387621008938196], [0.7635856810309695, 0.13883677607876696, 0.014135001756981274, 0.027616872157687683, 0.04193151713760721, 0.013894151837987473], [0.7665130670785426, 0.13548603166018017, 0.014196228030863095, 0.027111450078493464, 0.04271972737256664, 0.013973495779353813], [0.767083774610916, 0.13489449507832613, 0.01410617142069794, 0.02733439255800093, 0.0427243761097081, 0.013856790222350826], [0.08358064402187383, 0.1266307689716334, 0.013927646684754942, 0.025987832231202657, 0.7359446125156223, 0.013928495574912967], [0.10213698726848246, 0.1434614019692493, 0.013927646684754942, 0.0201336990146406, 0.7064117694879598, 0.013928495574912967], [0.2664471243123905, 0.14541930247844595, 0.013927646684754942, 0.037670172162453955, 0.5226072587870417, 0.013928495574912967], [0.7143614744386463, 0.17514350416874522, 0.014055870723302725, 0.033500012319315306, 0.04914753346935277, 0.013791604880637631], [0.6970864562193159, 0.17652126106950014, 0.014953660608821386, 0.0518908635827327, 0.04489429915991751, 0.014653459359712257], [0.04816647609756097, 0.028946441300813003, 0.013062733983739836, 0.01427327056910569, 0.024171546991869915, 0.8713795310569107], [0.04866087703703704, 0.029203557860082302, 0.013123755390946502, 0.014349236872427982, 0.024369714238683126, 0.870292858600823], [0.8973388527679625, 0.03269694032194739, 0.013520497447978013, 0.014981981546917943, 0.026932197487239892, 0.014529530427954457], [0.703008667839892, 0.10623410516405829, 0.11171352609980456, 0.025280282100222394, 0.03926552321944973, 0.0144978955765729], [0.9082802617848968, 0.027797347673531654, 0.012895013577421816, 0.014030757284515636, 0.02331746971777269, 0.013679149961861174]], [[0.9082899458963776, 0.0278127485862754, 0.01288308329512456, 0.014020909980131436, 0.023324654439859385, 0.013668657802231391], [0.5247281380325226, 0.11026713674768367, 0.0651487376657543, 0.23911221528133977, 0.04619451390284763, 0.014549258369851971], [0.13292589034370947, 0.16512512813448252, 0.014589022197511459, 0.03093373744327483, 0.6418361435807877, 0.014590078300234028], [0.6810080094260742, 0.12848702643639576, 0.07104714726842445, 0.04930710232059682, 0.05569959137707238, 0.014451123171436374], [0.7134231190512275, 0.10740764647996798, 0.07775999500922644, 0.03559068561556494, 0.05212499012441725, 0.013693563719595864], [0.5453364065016588, 0.16934478064978767, 0.014109202053609935, 0.03193473817827077, 0.2254141549568865, 0.013860717659786203], [0.19077724243727326, 0.4239524669511925, 0.01595250937253377, 0.05053877891148156, 0.3045645482169585, 0.01421445411056034], [0.5462663709654917, 0.29447973699896685, 0.0538579598767256, 0.03721261483142076, 0.054526588443926056, 0.013656728883469036], [0.9154050747628082, 0.024757952435167617, 0.012400608981657178, 0.0133423926628716, 0.021043139025932953, 0.013050832131562301], [0.9154050747628082, 0.024757952435167617, 0.012400608981657178, 0.0133423926628716, 0.021043139025932953, 0.013050832131562301], [0.9154050747628082, 0.024757952435167617, 0.012400608981657178, 0.0133423926628716, 0.021043139025932953, 0.013050832131562301], [0.7586613026982925, 0.10076629554727322, 0.057432189093162694, 0.029300901487713846, 0.04014574745396187, 0.013693563719595864], [0.7167213262046552, 0.16933547944259994, 0.014109202053609937, 0.030768053135600118, 0.05520522150374851, 0.013860717659786203], [0.7099906350158771, 0.17297401085597203, 0.014081798118964643, 0.032604879430539475, 0.056523472041672886, 0.013825204536973926], [0.7157056932551709, 0.16767266675823672, 0.01409456950673706, 0.03691581690867636, 0.05176949842319551, 0.013841755147983465], [0.4813056939637131, 0.19239641997678358, 0.014953660608821388, 0.2405594353161112, 0.056131330774858504, 0.014653459359712259], [0.12128464513953321, 0.41898310117935267, 0.014650687026021566, 0.04121451330547105, 0.3892153237575004, 0.01465172959212103], [0.11069608198979551, 0.1937100998080059, 0.014650687026021566, 0.0402107473984192, 0.6260806541856367, 0.01465172959212103], [0.6876388827213604, 0.18717769052631397, 0.014953660608821388, 0.03944497600893356, 0.056131330774858504, 0.014653459359712259], [0.6837805258735966, 0.19061967306176866, 0.01498853680423022, 0.03655001378688945, 0.059362594589040224, 0.014698655884474505], [0.6845753025898843, 0.20520495087292756, 0.014971788211050774, 0.02835614032920667, 0.05221486683676741, 0.014676951160163437], [0.68082967524115, 0.20866088666681493, 0.014955490806069647, 0.02871091227118329, 0.052187203878151844, 0.014655831136630043], [0.6726050619291971, 0.20120290920213277, 0.01492244304049054, 0.03623211102058533, 0.06042447070922978, 0.014613004098364437], [0.6678232017747026, 0.20090735577784985, 0.014937844691190916, 0.03876813526314731, 0.06293049919107896, 0.014632963302030403], [0.11999526283795144, 0.20070117711275448, 0.014710791078844578, 0.03641951009652337, 0.6134614384229846, 0.014711820450941403], [0.09446764144148195, 0.15195986088189414, 0.013927646684754942, 0.03101283327748218, 0.6947035221394738, 0.013928495574912967], [0.593563935396198, 0.30794492795251177, 0.014080363290102718, 0.02621379285655475, 0.04437363538143435, 0.013823345123198216], [0.27416387815836457, 0.11791563628619897, 0.013927646684754942, 0.029302609657004874, 0.5507617336387637, 0.013928495574912967], [0.6002697804029291, 0.30248176328965015, 0.01410617142069794, 0.026561118554663768, 0.0427243761097081, 0.013856790222350826], [0.06628006376903109, 0.11293777019509545, 0.013927646684754942, 0.02319111952566411, 0.7697349042505415, 0.013928495574912967], [0.7502192798153668, 0.13828923467964435, 0.014072411238324645, 0.02955469463400579, 0.05405133967895696, 0.013813039953701221], [0.24957159065775525, 0.1266307689716334, 0.013927646684754942, 0.025987832231202657, 0.5699536658797407, 0.013928495574912967], [0.7452841264884178, 0.14495587697697682, 0.014064068583385374, 0.030183596708890252, 0.05171010264594903, 0.01380222859638069], [0.5689288581016849, 0.32506328681601515, 0.0140679589293102, 0.03051835659723226, 0.04761426940843174, 0.013807270147325794], [0.12071912600476377, 0.1625419079812271, 0.014638480847817416, 0.0332549539671929, 0.6542060051055897, 0.014639526093409192], [0.062780220642978, 0.03611282887760857, 0.0140745209249859, 0.015754114833615343, 0.029487764015792436, 0.8417905507050197], [0.9050081839540113, 0.02932362142797633, 0.01304689061068066, 0.01428738048821128, 0.02443057802216112, 0.013903345496959093], [0.6993256503045285, 0.12779235982935186, 0.07514652736701932, 0.032994162741867436, 0.05023948596475872, 0.014501813792474089], [0.7250889638590726, 0.10629218537435277, 0.07809261928541317, 0.03253700204921303, 0.043436367467103505, 0.014552861964844739], [0.9082899458963776, 0.0278127485862754, 0.01288308329512456, 0.014020909980131436, 0.023324654439859385, 0.013668657802231391]], [[0.9082899458963776, 0.0278127485862754, 0.01288308329512456, 0.014020909980131436, 0.023324654439859385, 0.013668657802231391], [0.7205968190403829, 0.11444959363672055, 0.06363657852877767, 0.042431822101544725, 0.04421811500349241, 0.014667071689081667], [0.7305410057255871, 0.10908390045891025, 0.07574173067222416, 0.027244869316343942, 0.04283923545708253, 0.014549258369851973], [0.9082923724770641, 0.027816607645259936, 0.012880093883792049, 0.01401844250764526, 0.02332645474006116, 0.01366602874617737], [0.9154050747628082, 0.024757952435167617, 0.012400608981657178, 0.0133423926628716, 0.021043139025932953, 0.013050832131562301], [0.717078869109658, 0.11739532125087286, 0.06541056116807839, 0.03612573909261138, 0.05033520658872439, 0.0136543027900551], [0.1264888444784382, 0.08575986169370228, 0.475111500260918, 0.031723355909763946, 0.2670403511284819, 0.013876086528695658], [0.9154050747628082, 0.024757952435167617, 0.012400608981657178, 0.0133423926628716, 0.021043139025932953, 0.013050832131562301], [0.9154050747628082, 0.024757952435167617, 0.012400608981657178, 0.0133423926628716, 0.021043139025932953, 0.013050832131562301], [0.9154050747628082, 0.024757952435167617, 0.012400608981657178, 0.0133423926628716, 0.021043139025932953, 0.013050832131562301], [0.7368933614308084, 0.12161933832306582, 0.0529503559358077, 0.029882513424164495, 0.04496086716655763, 0.013693563719595864], [0.710352183472099, 0.1750829953876748, 0.014109202053609937, 0.030768053135600118, 0.05582684829122976, 0.013860717659786203], [0.19554821081275997, 0.4522165912683703, 0.01595250937253377, 0.04637621018340494, 0.27569202425237055, 0.01421445411056034], [0.09763634088759673, 0.1954974882954311, 0.013927646684754942, 0.03197727761940879, 0.6470327509378955, 0.013928495574912967], [0.366362513386744, 0.5170496216480306, 0.01404408673723374, 0.034112100849052154, 0.054655343522331826, 0.013776333856607585], [0.45199054102947744, 0.40964258798695724, 0.014988536804230223, 0.04408377936907563, 0.06459589892578482, 0.014698655884474505], [0.6325375371127878, 0.22659963133176822, 0.014876965012636568, 0.049097126194587656, 0.06233467183006817, 0.014554068518151483], [0.4551772861335104, 0.2084221075811206, 0.014891175906591617, 0.24807299034436905, 0.058863955430069566, 0.014572484604338746], [0.46075689311310236, 0.3996406668906, 0.01500575558509646, 0.04794794214223765, 0.061927772337710844, 0.014720969931252652], [0.04621647364755049, 0.027920178623945517, 0.012799862858911848, 0.013952219487655754, 0.02337477192167789, 0.8757364934602585], [0.048378514004914, 0.029016808190008188, 0.013016021949221948, 0.014235481408681408, 0.024206718099918097, 0.8711464563472564], [0.04865888166708012, 0.029109850988174972, 0.01295425684280162, 0.014185514595220374, 0.02425322318696766, 0.8708382727197551], [0.6818811128837534, 0.20284248893308135, 0.014988536804230224, 0.030879095156588675, 0.054710110337871785, 0.014698655884474505], [0.6614148423361628, 0.2053854355377387, 0.014937844691190916, 0.038768135263147305, 0.06486077886972977, 0.014632963302030401], [0.45260300710268997, 0.4138804882429024, 0.014922443040490542, 0.036232111020585336, 0.06774894649496742, 0.014613004098364437], [0.37718232926843354, 0.34091628051272704, 0.01409456950673706, 0.03385517098670849, 0.22010989457741034, 0.013841755147983465], [0.7188505505538137, 0.16859194816109446, 0.01415088271477638, 0.02992341433642387, 0.05456847205180904, 0.013914732182082369], [0.5976813416156104, 0.30432857163153326, 0.014121156888738998, 0.026432273730119735, 0.04356044604461561, 0.01387621008938196], [0.7606637701386194, 0.14281355840140833, 0.014093096373086474, 0.025909739642557515, 0.04267998934980475, 0.013839846094523467], [0.09930654703090878, 0.3081527146160503, 0.013927646684754942, 0.027004174803522463, 0.5376804212898506, 0.013928495574912967], [0.08194733438910069, 0.13079215519841944, 0.013