{"prediction": [[[0.9082899458963776, 0.0278127485862754, 0.01288308329512456, 0.014020909980131436, 0.023324654439859385, 0.013668657802231391], [0.9082802617848968, 0.027797347673531654, 0.012895013577421816, 0.014030757284515636, 0.02331746971777269, 0.013679149961861174], [0.9082899458963776, 0.0278127485862754, 0.01288308329512456, 0.014020909980131436, 0.023324654439859385, 0.013668657802231391], [0.9082802617848968, 0.027797347673531654, 0.012895013577421816, 0.014030757284515636, 0.02331746971777269, 0.013679149961861174], [0.9082802617848968, 0.027797347673531654, 0.012895013577421816, 0.014030757284515636, 0.02331746971777269, 0.013679149961861174], [0.9082802617848968, 0.027797347673531654, 0.012895013577421816, 0.014030757284515636, 0.02331746971777269, 0.013679149961861174], [0.9082899458963776, 0.0278127485862754, 0.01288308329512456, 0.014020909980131436, 0.023324654439859385, 0.013668657802231391], [0.9082899458963776, 0.0278127485862754, 0.01288308329512456, 0.014020909980131436, 0.023324654439859385, 0.013668657802231391], [0.9082899458963776, 0.0278127485862754, 0.01288308329512456, 0.014020909980131436, 0.023324654439859385, 0.013668657802231391], [0.9082899458963776, 0.0278127485862754, 0.01288308329512456, 0.014020909980131436, 0.023324654439859385, 0.013668657802231391], [0.9082899458963776, 0.0278127485862754, 0.01288308329512456, 0.014020909980131436, 0.023324654439859385, 0.013668657802231391], [0.9082899458963776, 0.0278127485862754, 0.01288308329512456, 0.014020909980131436, 0.023324654439859385, 0.013668657802231391], [0.9082899458963776, 0.0278127485862754, 0.01288308329512456, 0.014020909980131436, 0.023324654439859385, 0.013668657802231391], [0.9082899458963776, 0.0278127485862754, 0.01288308329512456, 0.014020909980131436, 0.023324654439859385, 0.013668657802231391], [0.9082899458963776, 0.0278127485862754, 0.01288308329512456, 0.014020909980131436, 0.023324654439859385, 0.013668657802231391], [0.9082899458963776, 0.0278127485862754, 0.01288308329512456, 0.014020909980131436, 0.023324654439859385, 0.013668657802231391], [0.9082899458963776, 0.0278127485862754, 0.01288308329512456, 0.014020909980131436, 0.023324654439859385, 0.013668657802231391], [0.9082899458963776, 0.0278127485862754, 0.01288308329512456, 0.014020909980131436, 0.023324654439859385, 0.013668657802231391], [0.9082899458963776, 0.0278127485862754, 0.01288308329512456, 0.014020909980131436, 0.023324654439859385, 0.013668657802231391], [0.9082899458963776, 0.0278127485862754, 0.01288308329512456, 0.014020909980131436, 0.023324654439859385, 0.013668657802231391], [0.9082899458963776, 0.0278127485862754, 0.01288308329512456, 0.014020909980131436, 0.023324654439859385, 0.013668657802231391], [0.9082899458963776, 0.0278127485862754, 0.01288308329512456, 0.014020909980131436, 0.023324654439859385, 0.013668657802231391], [0.9082899458963776, 0.0278127485862754, 0.01288308329512456, 0.014020909980131436, 0.023324654439859385, 0.013668657802231391], [0.9082899458963776, 0.0278127485862754, 0.01288308329512456, 0.014020909980131436, 0.023324654439859385, 0.013668657802231391], [0.9082899458963776, 0.0278127485862754, 0.01288308329512456, 0.014020909980131436, 0.023324654439859385, 0.013668657802231391], [0.9082899458963776, 0.0278127485862754, 0.01288308329512456, 0.014020909980131436, 0.023324654439859385, 0.013668657802231391], [0.9082899458963776, 0.0278127485862754, 0.01288308329512456, 0.014020909980131436, 0.023324654439859385, 0.013668657802231391], [0.9082899458963776, 0.0278127485862754, 0.01288308329512456, 0.014020909980131436, 0.023324654439859385, 0.013668657802231391], [0.9083094210768523, 0.027843720509280565, 0.012859090964871913, 0.014001106611443472, 0.02333910323669274, 0.013647557600859027], [0.9083774747145186, 0.02795194810844403, 0.012775252699448457, 0.01393190616018022, 0.02338959279111318, 0.013573825526295345], [0.897158232756001, 0.033121181808973964, 0.013332910766737566, 0.01484102380228907, 0.02717251372429859, 0.014374137141699585], [0.8970589443757725, 0.033354391017717346, 0.013229792748248866, 0.01476353811289658, 0.027304617634940256, 0.014288716110424392], [0.8970294236024844, 0.033423729606625256, 0.013199133333333331, 0.014740499792960663, 0.02734389523809523, 0.014263318426501035], [0.8970294236024844, 0.033423729606625256, 0.013199133333333331, 0.014740499792960663, 0.02734389523809523, 0.014263318426501035], [0.8970294236024844, 0.033423729606625256, 0.013199133333333331, 0.014740499792960663, 0.02734389523809523, 0.014263318426501035], [0.8970294236024844, 0.033423729606625256, 0.013199133333333331, 0.014740499792960663, 0.02734389523809523, 0.014263318426501035], [0.8970294236024844, 0.033423729606625256, 0.013199133333333331, 0.014740499792960663, 0.02734389523809523, 0.014263318426501035], [0.8970294236024844, 0.033423729606625256, 0.013199133333333331, 0.014740499792960663, 0.02734389523809523, 0.014263318426501035], [0.8970294236024844, 0.033423729606625256, 0.013199133333333331, 0.014740499792960663, 0.02734389523809523, 0.014263318426501035], [0.8970294236024844, 0.033423729606625256, 0.013199133333333331, 0.014740499792960663, 0.02734389523809523, 0.014263318426501035]], [[0.9082802617848968, 0.027797347673531654, 0.012895013577421816, 0.014030757284515636, 0.02331746971777269, 0.013679149961861174], [0.8417375457344802, 0.06511640180755836, 0.029505985533526922, 0.017668749551819206, 0.03134848552286517, 0.014622831849750117], [0.785649249780001, 0.09774470936903328, 0.03587555428532197, 0.017633249508449314, 0.04849229975437356, 0.01460493730282077], [0.05987439479077526, 0.11645321246059903, 0.02637469089591933, 0.030586416123371103, 0.752087382381986, 0.014623903347349119], [0.9049838874074072, 0.029203557860082302, 0.013123755390946502, 0.014349236872427982, 0.024369714238683123, 0.013969848230452674], [0.06016104064623401, 0.09347042910534674, 0.014589022197511459, 0.01883057550731062, 0.7983588542433631, 0.014590078300234026], [0.8162802974615091, 0.0753776848037018, 0.035053375358807724, 0.021892173049409384, 0.03666978599529469, 0.014726683331277288], [0.8130216295182525, 0.07793087351592067, 0.03463924796164037, 0.025087258470721012, 0.03452008982535609, 0.014800900708109195], [0.8130216295182525, 0.07793087351592067, 0.03463924796164037, 0.025087258470721012, 0.03452008982535609, 0.014800900708109195], [0.8162802974615091, 0.0753776848037018, 0.035053375358807724, 0.021892173049409384, 0.03666978599529469, 0.014726683331277288], [0.08019640096732818, 0.08979260115477224, 0.052681770656927626, 0.01883271821471491, 0.7438883312828819, 0.014608177723375197], [0.7269020361084938, 0.12151303892931183, 0.0501668679923675, 0.021456301048109312, 0.06543504106429435, 0.014526714857423151], [0.08745960572767356, 0.10631528269427315, 0.0446440840585703, 0.023511221436099072, 0.7234180764912629, 0.01465172959212103], [0.7458939146646839, 0.11726560331251937, 0.05368950423443243, 0.026015384448269917, 0.042586334970242626, 0.014549258369851973], [0.5101024413946684, 0.3175436808461672, 0.08493468924774626, 0.03253700204921303, 0.040329324497360305, 0.014552861964844739], [0.5053046496213993, 0.11847373273639396, 0.2867505121946488, 0.03229276802674274, 0.042676523628341005, 0.014501813792474089], [0.6999187920463182, 0.13315929259189174, 0.07498852389156095, 0.03327591552408512, 0.044203224046310996, 0.014454251899832998], [0.47622719229187005, 0.35366931938002333, 0.07814157415599136, 0.030890039647347628, 0.046706366692530255, 0.014365507832237565], [0.09140412417669107, 0.15638029561885222, 0.04649210322760148, 0.031343768594471216, 0.6593377581490611, 0.015041950233322795], [0.7225470589611439, 0.116183719766477, 0.0657999118415224, 0.029127776171905817, 0.05126846341657648, 0.015073069842374371], [0.47075743133610715, 0.1133108698003208, 0.29978177599320405, 0.034049364590139373, 0.06773505044799102, 0.014365507832237563], [0.13096138435387714, 0.13570188638247155, 0.08387648903151268, 0.27268703887054074, 0.3621650236382228, 0.014608177723375197], [0.45478747732629043, 0.11910882238452977, 0.09581529033574851, 0.259820119496432, 0.05606429787736922, 0.014403992579629866], [0.10908312102091032, 0.1127375769688418, 0.07020421976007787, 0.028490478974215284, 0.6655561077010418, 0.013928495574912967], [0.736007829223289, 0.08381898168295947, 0.07623140917557225, 0.039625822756652065, 0.050698245736999936, 0.013617711424527144], [0.7309590944218994, 0.09822750702088552, 0.07038705742023281, 0.04080399399100403, 0.04588934405810121, 0.013733003087876998], [0.5640569431691422, 0.09975031478174472, 0.07084779683653962, 0.20602430396539592, 0.04554530789112983, 0.013775333356047723], [0.550141641396846, 0.10438049254062225, 0.24360530844982772, 0.03973996240720236, 0.048441625896360044, 0.013690969309141737], [0.7355336605746589, 0.08135330471008302, 0.0821427116618273, 0.04043507058364742, 0.04691754104525607, 0.013617711424527144], [0.2747109670371116, 0.3233045567146224, 0.0644415573750246, 0.033881292544221994, 0.2897331307541066, 0.013928495574912967], [0.7115198484797856, 0.09352021961941222, 0.09268202469210182, 0.0417415168593783, 0.04616809176140269, 0.014368298587919458], [0.10955528304501581, 0.15698502285250554, 0.07600199688710496, 0.045869306353460045, 0.5969190220019666, 0.014669368859946907], [0.671090997335881, 0.1241448779927386, 0.09682313236915709, 0.03089003964734762, 0.06268544482263812, 0.014365507832237563], [0.4903446473360777, 0.11365454872367517, 0.28808833433991005, 0.03327591552408512, 0.06018230217641888, 0.014454251899832998], [0.6884338084900062, 0.12203957922264011, 0.09700173098579824, 0.029681137180446, 0.04839262094967279, 0.014451123171436372], [0.6956251728630171, 0.12062472093675293, 0.09116227234241339, 0.0296999930028769, 0.0484457940279849, 0.014442046826954828], [0.10692308867248729, 0.14333990489491027, 0.07642568434918387, 0.046067439172947935, 0.6126099246228, 0.014633958287670487], [0.6828360433975749, 0.12033445557501765, 0.08816092978043363, 0.031058108488253793, 0.06331859620964211, 0.014291866549077816], [0.6039163435623153, 0.1639855631857908, 0.0936678497750603, 0.04123444651901569, 0.08177550019464995, 0.015420296763167989], [0.8970294236024844, 0.033423729606625256, 0.013199133333333331, 0.014740499792960663, 0.02734389523809523, 0.014263318426501035]], [[0.9082899458963776, 0.0278127485862754, 0.01288308329512456, 0.014020909980131436, 0.023324654439859385, 0.013668657802231391], [0.07664336447516101, 0.1551876068568704, 0.03206066929068326, 0.018842937147567622, 0.7025709253059783, 0.014694496923739338], [0.0794056816669526, 0.14388052519825908, 0.014998698902738292, 0.026978699362024502, 0.7197365981387882, 0.014999796731237136], [0.5081641502680285, 0.3310259227487936, 0.06341602915934577, 0.024760992458211607, 0.058053816739202714, 0.014579088626417679], [0.9082802617848968, 0.027797347673531654, 0.012895013577421816, 0.014030757284515636, 0.02331746971777269, 0.013679149961861174], [0.9082802617848968, 0.027797347673531654, 0.012895013577421816, 0.014030757284515636, 0.02331746971777269, 0.013679149961861174], [0.7335757291516459, 0.09563966216650319, 0.06725843695073949, 0.03447948614802095, 0.054315454747946856, 0.014731230835143438], [0.8130216295182525, 0.07793087351592067, 0.03463924796164037, 0.025087258470721012, 0.03452008982535609, 0.014800900708109195], [0.7613519929836307, 0.13179640263202105, 0.015401098982889237, 0.027374705230275305, 0.04895422073465322, 0.015121579436530384], [0.7337944862632065, 0.16041221488809787, 0.015060439753466479, 0.02595362336967931, 0.049987399854338345, 0.014791835871211578], [0.7157581123337436, 0.15775191296067892, 0.014936068166170643, 0.031042135432001537, 0.0658811100277394, 0.014630661079665597], [0.5146099244424441, 0.15812151727342083, 0.014969907735390052, 0.03167228523553767, 0.26595185108642405, 0.01467451422678328], [0.09736618729148029, 0.15705628532512517, 0.014666131946262146, 0.039751739720046836, 0.6764924845951827, 0.01466717112190275], [0.6937409063667693, 0.1832765056500318, 0.014905753674477058, 0.03414644091196263, 0.05933901726943493, 0.014591376127324241], [0.6805134804858958, 0.19100380768679043, 0.018419477918574217, 0.036174561321734466, 0.05919001670253047, 0.014698655884474505], [0.6619258827997327, 0.2071870681428252, 0.020668931550511326, 0.03469045460827798, 0.06085071173848928, 0.014676951160163435], [0.4420818413926619, 0.4234978414601944, 0.01816836362924771, 0.03353735611715437, 0.06805876626411154, 0.014655831136630045], [0.22081445692461796, 0.5724325539332401, 0.017178426634611665, 0.0482360912072391, 0.1262560518122697, 0.01508241948802128], [0.33689217651617637, 0.20639238136069815, 0.014710791078844578, 0.03604233710604073, 0.39125049348729857, 0.014711820450941403], [0.13360595400227146, 0.22188613996983436, 0.014716179735384635, 0.03902558448513618, 0.5760489338828063, 0.014717207924567075], [0.2430215148871511, 0.3169221084839417, 0.025552540940806695, 0.05482662287237032, 0.34459479332770887, 0.015082419488021281], [0.6439310505331192, 0.21317550582988867, 0.01867040726456089, 0.04033751450226281, 0.06929196094153989, 0.014593560928628622], [0.4385573362025676, 0.4209632795623065, 0.014971788211050774, 0.038950088379295984, 0.07188055648461585, 0.014676951160163435], [0.5216553341951221, 0.20140361495612158, 0.01404408673723374, 0.03269450610928424, 0.21642612414563067, 0.013776333856607587], [0.09482392775434122, 0.17245873140582257, 0.013927646684754942, 0.033779058968458314, 0.67108213961171, 0.013928495574912967], [0.5401831854794977, 0.3378371142162277, 0.014081798118964643, 0.03655400023238102, 0.05751869741595513, 0.013825204536973926], [0.355527661165494, 0.18041609381855522, 0.01596116656597997, 0.21425747621280594, 0.22004599735652722, 0.013791604880637631], [0.10078526751418632, 0.17848655586130455, 0.013927646684754942, 0.03274794967342775, 0.6601240846914135, 0.013928495574912967], [0.09688719961476995, 0.18312883211779993, 0.013927646684754942, 0.029277142872893527, 0.6628506831348686, 0.013928495574912967], [0.10726930510816594, 0.34337003443089315, 0.013927646684754942, 0.02960710413425674, 0.4918974140670162, 0.013928495574912967], [0.639639873079557, 0.23101543714078304, 0.014876965012636568, 0.03735931447541507, 0.06255434177345678, 0.014554068518151483], [0.12272382915737803, 0.42890154628164445, 0.014668330166858264, 0.03900583685524989, 0.38003108867892244, 0.014669368859946911], [0.47755633133836045, 0.31007334933522623, 0.021096969199314624, 0.05230810610687352, 0.12388282453220384, 0.015082419488021281], [0.44795926045701606, 0.4166141156428454, 0.021574600141499863, 0.03571815179142771, 0.06354031103858235, 0.014593560928628624], [0.13025114976748706, 0.20271466597042845, 0.014622854671509268, 0.040567857382864864, 0.5972195688603611, 0.014623903347349119], [0.44147971486216403, 0.44526678174527, 0.01485875837949188, 0.03244988379674847, 0.051414386915837856, 0.01453047430048769], [0.1285237519511287, 0.20806594765911654, 0.014683660733316024, 0.03894231412533239, 0.5950996294700577, 0.014684696061048677], [0.4887203359393671, 0.30377294756452733, 0.017178426634611665, 0.05230810610687352, 0.12293776426659901, 0.015082419488021281], [0.6059846593443344, 0.15228896556569743, 0.11073832820519566, 0.036992645654845294, 0.0786555903672949, 0.01533981086263213], [0.8970294236024844, 0.033423729606625256, 0.013199133333333331, 0.014740499792960663, 0.02734389523809523, 0.014263318426501035]], [[0.9082899458963776, 0.0278127485862754, 0.01288308329512456, 0.014020909980131436, 0.023324654439859385, 0.013668657802231391], [0.07814032555418829, 0.337272784597038, 0.02864058026217388, 0.023497851610290624, 0.5177812868544063, 0.01466717112190275], [0.7194682701200427, 0.1755230638645722, 0.014951836015349692, 0.0273758048505426, 0.04802993030468993, 0.01465109484480294], [0.7209161045092785, 0.17432595426878028, 0.01498660394949458, 0.028001403900657855, 0.04707378229943325, 0.014696151072355602], [0.06895097891090382, 0.059439020204551905, 0.35957110072617915, 0.01883577025706849, 0.47856917161362594, 0.014633958287670487], [0.9082802617848968, 0.027797347673531654, 0.012895013577421816, 0.014030757284515636, 0.02331746971777269, 0.013679149961861174], [0.9082802617848968, 0.027797347673531654, 0.012895013577421816, 0.014030757284515636, 0.02331746971777269, 0.013679149961861174], [0.9082802617848968, 0.027797347673531654, 0.012895013577421816, 0.014030757284515636, 0.02331746971777269, 0.013679149961861174], [0.7467536461016415, 0.10053520540184609, 0.06264135045641181, 0.028989183065824486, 0.04641773866986326, 0.014662876304412674], [0.7324291414284415, 0.16227540199015802, 0.014936068166170643, 0.02775232522874404, 0.04797640210682022, 0.014630661079665598], [0.10677763244400847, 0.16077483454367106, 0.014736544171317744, 0.03944902505601868, 0.6635243958948717, 0.014737567890112435], [0.6912167170846241, 0.17891881607376733, 0.014905753674477058, 0.03414644091196263, 0.06622089612784468, 0.014591376127324241], [0.7154463057905164, 0.16146201738956253, 0.014920712709117007, 0.03140880830105541, 0.0621513940707888, 0.014610761738959864], [0.11457761426713865, 0.153995193692173, 0.014640704817528851, 0.035484939075518904, 0.6666597985727243, 0.014641749574916239], [0.6900753845783467, 0.18334183332706366, 0.014953660608821388, 0.03442353239125129, 0.0625521297348048, 0.014653459359712259], [0.6613829572055351, 0.20505364291456593, 0.016593273283108577, 0.034666690888634236, 0.06760477982368175, 0.014698655884474505], [0.6439430433964332, 0.2235838438626117, 0.014971788211050774, 0.03473794414701369, 0.0680864292227271, 0.014676951160163435], [0.44458107610900943, 0.42421147956702493, 0.014955490806069647, 0.03353735611715437, 0.06805876626411154, 0.014655831136630045], [0.6351475032747325, 0.2410090878863243, 0.014876965012636568, 0.036152585612465676, 0.05825978969568947, 0.014554068518151483], [0.6546971851517135, 0.22532722989760698, 0.01485875837949188, 0.03313275038350522, 0.05745360188719472, 0.01453047430048769], [0.12006389647704334, 0.4209901525443674, 0.014656214624920517, 0.03900838937704268, 0.39062409099902096, 0.01465725597760506], [0.6371034666713817, 0.22804648839611621, 0.014922443040490542, 0.039074014560069766, 0.0662405832335774, 0.014613004098364437], [0.4413558850361509, 0.42346705405303814, 0.014971788211050774, 0.03711259591769652, 0.0684157256219003, 0.014676951160163437], [0.5426050513009965, 0.3396717711296014, 0.014109202053609935, 0.034091819807746955, 0.05566143804825893, 0.013860717659786203], [0.3783697070834841, 0.24971833914689023, 0.01595250937253377, 0.04336194950709492, 0.2983830407794365, 0.01421445411056034], [0.5192373800413149, 0.3519576382255485, 0.014032595629512328, 0.04411175421441115, 0.056899189511695716, 0.013761442377517384], [0.2544960116319478, 0.35638199385648245, 0.013927646684754942, 0.03025294294460791, 0.33101290930729393, 0.013928495574912967], [0.6848026665012523, 0.1816452873580236, 0.01503658385798896, 0.04838118113007947, 0.056372838775138275, 0.013761442377517384], [0.3845788608159083, 0.24701503202381048, 0.01595250937253377, 0.22193431657392249, 0.11630482710326455, 0.01421445411056034], [0.5469886831995177, 0.16963665067594333, 0.01406935692820489, 0.202671799020476, 0.0528244283432001, 0.01380908183265789], [0.6486150995993504, 0.20973655702791072, 0.014971788211050774, 0.03908502609302915, 0.07291457790849551, 0.014676951160163435], [0.43948510729566415, 0.21960992854410508, 0.014922443040490542, 0.04008548831137933, 0.2712840287099965, 0.014613004098364437], [0.6581617159904121, 0.21144928656231896, 0.014955490806069647, 0.03436235996349786, 0.06641531554107133, 0.014655831136630045], [0.6541700192483533, 0.21475318357554088, 0.016737699096104685, 0.034007588021521235, 0.06565455889831658, 0.014676951160163437], [0.44831125225334995, 0.41961894061729305, 0.014891175906591617, 0.038339831790112515, 0.06426631482831413, 0.014572484604338746], [0.3348389158481797, 0.19063571683334576, 0.014656214624920517, 0.04265223243082825, 0.40255966428512074, 0.01465725597760506], [0.649521599579587, 0.21924673907361597, 0.014876965012636568, 0.03554994247550517, 0.06625068534050371, 0.014554068518151483], [0.6574152202205177, 0.20532315756262765, 0.014907439590764252, 0.03571815179142771, 0.07204246990603418, 0.014593560928628624], [0.1476578990199112, 0.13223182547861057, 0.10716833272111549, 0.04463227262390304, 0.5526099273987605, 0.015699742757699173], [0.8970294236024844, 0.033423729606625256, 0.013199133333333331, 0.014740499792960663, 0.02734389523809523, 0.014263318426501035]], [[0.9082899458963776, 0.0278127485862754, 0.01288308329512456, 0.014020909980131436, 0.023324654439859385, 0.013668657802231391], [0.7313757271029925, 0.11347701842051112, 0.06507745643639581, 0.028989183065824486, 0.04641773866986326, 0.014662876304412674], [0.522310334199779, 0.3719913738755425, 0.015041685195681345, 0.02636188412616483, 0.049527191012102185, 0.014767531590730168], [0.7187864019388157, 0.17468490644852083, 0.01496990773539005, 0.02985299718747051, 0.04703127246301958, 0.014674514226783278], [0.1170071888105855, 0.1655511722520062, 0.02590950358215883, 0.03499295090729917, 0.6418392601850226, 0.014699924262927645], [0.724978341318135, 0.09575513857021907, 0.045654148898976094, 0.025410612054305087, 0.09375423459926527, 0.014447524559099395], [0.9082802617848968, 0.027797347673531654, 0.012895013577421816, 0.014030757284515636, 0.02331746971777269, 0.013679149961861174], [0.9082802617848968, 0.027797347673531654, 0.012895013577421816, 0.014030757284515636, 0.02331746971777269, 0.013679149961861174], [0.09754992067340351, 0.1176469559344258, 0.0781348868659991, 0.018848036121045263, 0.6730826325150139, 0.014737567890112435], [0.11722988275788879, 0.3785234867926756, 0.014736544171317742, 0.02222073084831944, 0.4525517875396859, 0.014737567890112435], [0.3326234193623591, 0.2031094434581417, 0.014736544171317742, 0.032774744859344326, 0.40201828025872455, 0.014737567890112435], [0.12284874085293734, 0.19932319765743226, 0.014736544171317744, 0.03663453655719929, 0.6117194128710008, 0.014737567890112435], [0.6920603141326309, 0.18556790167984383, 0.014953660608821386, 0.03442353239125129, 0.058341131827740166, 0.014653459359712257], [0.6863191912284093, 0.1853421949629793, 0.014905753674477058, 0.03414644091196263, 0.06469504309484732, 0.014591376127324241], [0.4678876129159934, 0.19940072522350588, 0.014937844691190916, 0.03755575869894008, 0.2655850951683393, 0.014632963302030403], [0.4448440536288633, 0.41676570330254503, 0.014971788211050774, 0.0358199336926387, 0.07292157000473885, 0.014676951160163437], [0.6372618526801254, 0.224720469343136, 0.014955490806069647, 0.0388128892284575, 0.06959346680558154, 0.014655831136630045], [0.6290436069526724, 0.242637898921431, 0.014876965012636568, 0.040627670899418995, 0.05825978969568947, 0.014554068518151483], [0.13738014288209272, 0.197624173230726, 0.014716179735384635, 0.258107134367805, 0.37745516185942457, 0.014717207924567075], [0.3266221467570803, 0.2024455418302492, 0.014736544171317744, 0.04635553638117395, 0.3951026629700664, 0.014737567890112435], [0.671363680546517, 0.20790850288642324, 0.014858758379491882, 0.03206043354971309, 0.05927815033736714, 0.01453047430048769], [0.665495548231076, 0.20562186316233969, 0.014988536804230224, 0.039276627571349865, 0.05991876834652979, 0.014698655884474505], [0.46059310226261674, 0.4076777024794833, 0.014988536804230223, 0.04212323422266529, 0.05991876834652978, 0.014698655884474505], [0.5393073667005547, 0.17886197130095105, 0.014081798118964643, 0.19834961807284524, 0.05557404126971057, 0.013825204536973926], [0.11186969891633965, 0.5072922373788853, 0.013927646684754942, 0.02960710413425674, 0.3233748173108503, 0.013928495574912967], [0.10932930445943666, 0.18265959475460913, 0.013927646684754942, 0.02960710413425674, 0.6505478543920296, 0.013928495574912967], [0.10110939406889966, 0.3261854127221097, 0.013927646684754942, 0.03614907137793153, 0.5086999795713911, 0.013928495574912967], [0.5327815943597805, 0.18308941364055767, 0.014081798118964643, 0.03654952092468207, 0.2196724684190412, 0.013825204536973926], [0.7030505737031658, 0.17661918014086678, 0.014109202053609937, 0.03369202090608734, 0.05866830553648392, 0.013860717659786203], [0.7139558673193244, 0.16854966095129417, 0.014081798118964643, 0.03682038500960924, 0.05276708406383376, 0.013825204536973926], [0.679752893272029, 0.19267517651959556, 0.014988536804230224, 0.03947539123174276, 0.0584093462879278, 0.014698655884474505], [0.6670280820060023, 0.20055083818611324, 0.014937844691190916, 0.03815342288249553, 0.06469684893216766, 0.014632963302030403], [0.46559565827869664, 0.4035585286694029, 0.014971788211050774, 0.034007588021521235, 0.06718948565916513, 0.014676951160163437], [0.6693875399328568, 0.20293057966552908, 0.014988536804230223, 0.03677222550528991, 0.061222462207619295, 0.014698655884474505], [0.47531091657141805, 0.2007282697608944, 0.01500575558509646, 0.03341192229965802, 0.2608221658516804, 0.014720969931252652], [0.6736586618026169, 0.19763006838603317, 0.014905753674477058, 0.03474410509551808, 0.06447003491403054, 0.014591376127324241], [0.678979487522516, 0.18979179974471252, 0.014988536804230223, 0.03677222550528991, 0.06476929453877657, 0.014698655884474505], [0.46931990272885477, 0.19930146333131912, 0.014971788211050774, 0.034007588021521235, 0.2677223065470906, 0.014676951160163435], [0.6246558054397136, 0.13918640188782938, 0.11111872036932477, 0.03533213055164102, 0.0742360947627783, 0.015470846988712907], [0.8970294236024844, 0.033423729606625256, 0.013199133333333331, 0.014740499792960663, 0.02734389523809523, 0.014263318426501035]], [[0.9082899458963776, 0.0278127485862754, 0.01288308329512456, 0.014020909980131436, 0.023324654439859385, 0.013668657802231391], [0.7165449647943385, 0.1172481067719539, 0.07147280808120442, 0.03253785075045308, 0.04752919791296849, 0.014667071689081667], [0.5890449940031853, 0.3108591518844975, 0.01589289609740456, 0.025623862728166844, 0.044645332962808516, 0.01393376232393727], [0.7257235509159802, 0.16043113132578662, 0.014150882714776382, 0.03232570067790544, 0.05345400218346898, 0.013914732182082369], [0.5472932615453875, 0.33607345518770587, 0.014055870723302725, 0.03542048318399499, 0.0533653244789713, 0.013791604880637631], [0.10633193242206045, 0.14247914439690818, 0.013927646684754942, 0.030621146524315343, 0.6927116343970481, 0.013928495574912967], [0.29170886291865916, 0.09667066938194341, 0.051070184914468075, 0.027844217664642366, 0.5187775695453739, 0.013928495574912967], [0.913168635151515, 0.025712001885521883, 0.012555799865319864, 0.013558466531986531, 0.021757038922558918, 0.013248057643097642], [0.06900166388258827, 0.055749463661000476, 0.0864761775340448, 0.017336986309102048, 0.7575072130383514, 0.013928495574912967], [0.44533444291000357, 0.16220944571199794, 0.013927646684754942, 0.024767013307753293, 0.33983295581057743, 0.013928495574912967], [0.10993726655860657, 0.1700136187944408, 0.013927646684754942, 0.028885319741050235, 0.6633076526462345, 0.013928495574912967], [0.10206521221106195, 0.18351450095881125, 0.013927646684754942, 0.028506470818874557, 0.6580576737515844, 0.013928495574912967], [0.5582142735621839, 0.3361553906105233, 0.014040389359819109, 0.029404771553137594, 0.0484136325382187, 0.013771542376117331], [0.26821428399742625, 0.3336532846943039, 0.013927646684754942, 0.032085943976273415, 0.3381903450723286, 0.013928495574912967], [0.10641157350101887, 0.18617147656456087, 0.013927646684754942, 0.033997897171694026, 0.6455629105030583, 0.013928495574912967], [0.5153527541257927, 0.35929035193059655, 0.01406935692820489, 0.03887729149287673, 0.05860116368987127, 0.013809081832657891], [0.18575008017530573, 0.46019481747346347, 0.01595250937253377, 0.21489161634586992, 0.10899652252226678, 0.01421445411056034], [0.11698039510053339, 0.21322156949543877, 0.014689111888270583, 0.05028719216690351, 0.5901315853294846, 0.014690146019369242], [0.4511792541261955, 0.20926348859688845, 0.014858758379491882, 0.2398514135572768, 0.07031661103965978, 0.01453047430048769], [0.12415304437089361, 0.2019421528865451, 0.014736544171317744, 0.04623248575049072, 0.5981982049306404, 0.014737567890112435], [0.11944246059116723, 0.21589801246310927, 0.014736544171317742, 0.04372177372312477, 0.5914636411611686, 0.014737567890112435], [0.6752196946854733, 0.200350854969479, 0.01490575367447706, 0.03535881747616987, 0.059573503067076664, 0.014591376127324241], [0.47403871286843335, 0.3964937566863461, 0.014953660608821386, 0.03840320087615203, 0.061457209600534794, 0.014653459359712257], [0.6887766990183234, 0.18038645836190495, 0.01409456950673706, 0.04402394270413495, 0.05887657526091598, 0.013841755147983463], [0.44392176090408914, 0.1879240794118546, 0.013927646684754942, 0.034768569225712996, 0.3055294481986752, 0.013928495574912967], [0.6853696746521205, 0.2042543802530431, 0.014032595629512328, 0.035444735666821894, 0.0471371714209847, 0.013761442377517384], [0.3778382231317983, 0.42197501112216107, 0.01595250937253377, 0.05397024904841939, 0.1160495532145268, 0.01421445411056034], [0.5359434613103072, 0.3452491380715279, 0.014109202053609937, 0.03196930307805642, 0.058868177826712276, 0.013860717659786203], [0.6932580256248142, 0.18461538678685988, 0.014081798118964643, 0.03631242356716005, 0.05790716136522742, 0.013825204536973926], [0.10934771406519068, 0.35271512558066953, 0.013927646684754942, 0.03385075064896277, 0.4762302674455091, 0.013928495574912967], [0.687547677786826, 0.1912674182464459, 0.014905753674477058, 0.036326858882904954, 0.05536091528202181, 0.014591376127324241], [0.12476917966082753, 0.17677729099892692, 0.014607125594698622, 0.03619490937380949, 0.6330433166483623, 0.014608177723375197], [0.6640005995008302, 0.2020645794386992, 0.014937844691190916, 0.03984191387488528, 0.0645220991923639, 0.014632963302030403], [0.6795217022424758, 0.1952695115632981, 0.01500575558509646, 0.03341192229965802, 0.06207013837821904, 0.014720969931252652], [0.49796193477426715, 0.3740727863174758, 0.014969907735390049, 0.03764068592214645, 0.06068017102393722, 0.014674514226783276], [0.11270250032109934, 0.15293559858080846, 0.014622854671509268, 0.025128866733475926, 0.6799862763457578, 0.014623903347349119], [0.6822681680469544, 0.19197819193800392, 0.014905753674477058, 0.03474410509551808, 0.06151240511772217, 0.014591376127324241], [0.6791030325298603, 0.18979179974471252, 0.014988536804230223, 0.03677222550528991, 0.06464574953143234, 0.014698655884474505], [0.6568136239141071, 0.12888080227212648, 0.09846497949186976, 0.03905643060431541, 0.0611806403554886, 0.01560352336209236], [0.8970294236024844, 0.033423729606625256, 0.013199133333333331, 0.014740499792960663, 0.02734389523809523, 0.014263318426501035]], [[0.9082899458963776, 0.0278127485862754, 0.01288308329512456, 0.014020909980131436, 0.023324654439859385, 0.013668657802231391], [0.5087076180083211, 0.11548463566071206, 0.276123895200795, 0.03467385806774881, 0.05040219874683544, 0.014607794315587406], [0.3929531068142703, 0.32298797372267146, 0.018955171795816093, 0.03391138914133008, 0.21733360759575218, 0.013858750930159881], [0.5541893510709344, 0.16507634778138508, 0.01486877061068859, 0.19733411873856724, 0.05463518291509389, 0.013896228883330853], [0.5480297091663406, 0.3390844896385954, 0.014122716220548746, 0.03274135404363262, 0.05214350008270173, 0.013878230848181065], [0.5525748779154532, 0.3372496764315592, 0.014040389359819109, 0.031103624305820372, 0.05125988961123099, 0.013771542376117333], [0.27637855436046316, 0.3294681048639628, 0.013927646684754942, 0.027967637542976466, 0.33832956097292965, 0.013928495574912967], [0.10020837148202417, 0.30558251665913255, 0.0653396346298381, 0.027844217664642366, 0.48709676398944984, 0.013928495574912967], [0.2821398940351178, 0.16373024279889586, 0.013927646684754942, 0.024767013307753286, 0.501506707598565, 0.013928495574912967], [0.11709901022008037, 0.32507749317448936, 0.013927646684754942, 0.024767013307753286, 0.5052003410380089, 0.013928495574912967], [0.10154817421504475, 0.3511947829997573, 0.013927646684754942, 0.028506470818874557, 0.49089442970665553, 0.013928495574912967], [0.5360254411211854, 0.3565586333323084, 0.01401786819721082, 0.028419637236710586, 0.0512360632101569, 0.013742356902427668], [0.26430437736795476, 0.1875856881098275, 0.013927646684754942, 0.028506470818874557, 0.49174732144367533, 0.013928495574912967], [0.11397697212591147, 0.1635981723734402, 0.013927646684754942, 0.032415905237636634, 0.6621528080033438, 0.013928495574912967], [0.5152676914710167, 0.3537983539448299, 0.01404408673723374, 0.04356579483228722, 0.059547739158024846, 0.013776333856607587], [0.5171668229167039, 0.3579585990095396, 0.01406935692820489, 0.03875887861464904, 0.058237260698244704, 0.013809081832657891], [0.09819481699141092, 0.35042173516900343, 0.013906799624506389, 0.2111146653931475, 0.3124543310733999, 0.013907651748531683], [0.5191721880034197, 0.36209197899594303, 0.01404408673723374, 0.033153226843169785, 0.057762185563626105, 0.013776333856607587], [0.5487989913519643, 0.16099979827738525, 0.01409456950673706, 0.03652672836751884, 0.22573815734841088, 0.013841755147983463], [0.5644764543326631, 0.15459876754990662, 0.0140679589293102, 0.03221351858681672, 0.22083603045397754, 0.013807270147325794], [0.09127798226037581, 0.32475519400081493, 0.013927646684754942, 0.20952886836952278, 0.34658181310961855, 0.013928495574912967], [0.08594048693780679, 0.2992564133442643, 0.013927646684754942, 0.21059665717436202, 0.3763503002838991, 0.013928495574912967], [0.08679333728050738, 0.3051758429151893, 0.013927646684754942, 0.04156027324307241, 0.5386144043015629, 0.013928495574912967], [0.6152033194610161, 0.13817433424096884, 0.013508508405275439, 0.03463724832015457, 0.1851807034458519, 0.013295886126732992], [0.3110002437232354, 0.15721208773266213, 0.013497306531686274, 0.4540701414026969, 0.05093885113972374, 0.013281369469995601], [0.6031077423353252, 0.29102106510262876, 0.013521347566011652, 0.03495117380373316, 0.04408614662667513, 0.013312524565626292], [0.4588422878513964, 0.43481982235622985, 0.01347577163883951, 0.03337413888888371, 0.046234517148263606, 0.013253462116386885], [0.5997713323550392, 0.15555376227120266, 0.013486398069196704, 0.16950313211668688, 0.04841814213927621, 0.013267233048598476], [0.4499632316693652, 0.30750024495794936, 0.013464252627521128, 0.03090648329871072, 0.18492725296979876, 0.013238534476654833], [0.23312290064266936, 0.4391718161285337, 0.013354732257481124, 0.02864583320575212, 0.27234926044306923, 0.013355457322494544], [0.5639005423893065, 0.32555523261865926, 0.014107684413766503, 0.033876224603182375, 0.04870156504492539, 0.013858750930159881], [0.7403144453064706, 0.14637480792711444, 0.014121156888738998, 0.03507678506712328, 0.05023659472117081, 0.01387621008938196], [0.4818758545679496, 0.19159751457683621, 0.01500575558509646, 0.03851321762012912, 0.2582866877187359, 0.014720969931252652], [0.6984828678901279, 0.1690437415702407, 0.01496990773539005, 0.04236185546091135, 0.06046711311654681, 0.014674514226783278], [0.6668957986262097, 0.20072826976089442, 0.01500575558509646, 0.03990773059324856, 0.06274147550329826, 0.014720969931252652], [0.48809582554388353, 0.37603689718147154, 0.014920712709117007, 0.03958774242237747, 0.06674806040419047, 0.014610761738959864], [0.10909412765649762, 0.3708072111088152, 0.014638480847817416, 0.025110127449768295, 0.46571052684369224, 0.014639526093409192], [0.68265460648927, 0.18890193854851908, 0.014905753674477058, 0.03474410509551808, 0.06420222006489153, 0.014591376127324241], [0.6817168685016644, 0.13833141565130314, 0.07945070329974553, 0.03497599318009624, 0.04990170282887997, 0.015623316538310731], [0.8970294236024844, 0.033423729606625256, 0.013199133333333331, 0.014740499792960663, 0.02734389523809523, 0.014263318426501035]], [[0.9082899458963776, 0.0278127485862754, 0.01288308329512456, 0.014020909980131436, 0.023324654439859385, 0.013668657802231391], [0.48286268453048425, 0.10966741017472113, 0.287450301925099, 0.04607859328898546, 0.0594425498789143, 0.0144984602017958], [0.2836780655290986, 0.32776245995522685, 0.013875229507405851, 0.03259474093392958, 0.3282134175456435, 0.013876086528695658], [0.3767408884161759, 0.5052805503858241, 0.014901680926571476, 0.03389635780941121, 0.05535531792504339, 0.013825204536973926], [0.7010651162051031, 0.18445604458350418, 0.01406935692820489, 0.03281403901171671, 0.05378636143881328, 0.013809081832657891], [0.11059132504418086, 0.34487341791804604, 0.013927646684754942, 0.03964312733343588, 0.4770359874446693, 0.013928495574912967], [0.3591520213088598, 0.5278648928886448, 0.014044086737233738, 0.02893521787571432, 0.05622744733293951, 0.013776333856607585], [0.5456235607104309, 0.1646532688050664, 0.01409456950673706, 0.033372090657802736, 0.2284147551719794, 0.013841755147983465], [0.5460657452440115, 0.16209656968094138, 0.01409456950673706, 0.033372090657802736, 0.230529269762524, 0.013841755147983465], [0.36711883001380835, 0.34644513551378286, 0.01404408673723374, 0.031222483100360958, 0.22739313077820628, 0.013776333856607585], [0.5300250314614995, 0.3481838896853991, 0.01406935692820489, 0.03189230556217573, 0.062020334530063025, 0.013809081832657891], [0.1971667834918707, 0.6090915249231409, 0.01595250937253377, 0.051707914497404736, 0.11186681360448948, 0.01421445411056034], [0.10591558684626252, 0.35089894568595226, 0.013927646684754942, 0.033997897171694026, 0.48133142803642337, 0.013928495574912967], [0.5115225968649708, 0.35571662753696764, 0.01404408673723374, 0.04258881363071006, 0.06235154137350997, 0.013776333856607585], [0.5269259609347192, 0.18031844827054366, 0.014109202053609935, 0.039395094037548935, 0.22539057704379192, 0.013860717659786203], [0.18730811217807725, 0.45086134363392816, 0.01595250937253377, 0.21804525975203434, 0.11361832095286593, 0.01421445411056034], [0.5173801612432635, 0.3543117512572485, 0.01406935692820489, 0.040347581316455196, 0.06008206742217001, 0.013809081832657891], [0.5209383900708441, 0.1888251346481125, 0.014081798118964643, 0.03645608122815628, 0.22587339139694856, 0.013825204536973926], [0.09867123110847105, 0.3376597217490403, 0.01387522950740585, 0.0367524947468558, 0.49916523635953114, 0.013876086528695658], [0.728484384524244, 0.1573987123072748, 0.0141076844137665, 0.03025253065460496, 0.05589793716994978, 0.01385875093015988], [0.5952303596417804, 0.30681906173082546, 0.014121156888738998, 0.026432273730119735, 0.04352093791915337, 0.01387621008938196], [0.7604672291990113, 0.14345581890853776, 0.014135001756981274, 0.02611628115987505, 0.04193151713760721, 0.013894151837987473], [0.7625713765712661, 0.1398945507296005, 0.014135001756981274, 0.02611628115987505, 0.04338863794428969, 0.013894151837987471], [0.7859483334141435, 0.12045217433369701, 0.013520015689409162, 0.02764966993680907, 0.03911900805689054, 0.013310798569050718], [0.6105635658239956, 0.2811012495936299, 0.013508508405275439, 0.035978784584134914, 0.04555200546623115, 0.013295886126732994], [0.3138245171586299, 0.4381772223840249, 0.013464252627521128, 0.1748746451515195, 0.046420828201649715, 0.013238534476654833], [0.08723324993674196, 0.29540998841748195, 0.013354732257481124, 0.16775307353096755, 0.4228934985348329, 0.013355457322494544], [0.372210013213048, 0.15190223854715185, 0.013354732257481124, 0.024967159637289245, 0.4242103990225352, 0.013355457322494544], [0.23287536434256598, 0.4328145387676141, 0.013354732257481124, 0.02628556062931431, 0.2813143466805299, 0.013355457322494544], [0.6055048836058348, 0.29422060976584075, 0.013441292401682257, 0.029256023669500426, 0.0443684105420476, 0.0132087800150942], [0.5544607534780867, 0.17057978488868067, 0.014136604522672881, 0.19826307188341175, 0