{"prediction": [[[0.9128845962732918, 0.019414596273291923, 0.01152871635610766, 0.012330538302277433, 0.030165238095238092, 0.013676314699792962], [0.9128845962732918, 0.019414596273291923, 0.01152871635610766, 0.012330538302277433, 0.030165238095238092, 0.013676314699792962], [0.9128845962732918, 0.019414596273291923, 0.01152871635610766, 0.012330538302277433, 0.030165238095238092, 0.013676314699792962], [0.9128845962732918, 0.019414596273291923, 0.01152871635610766, 0.012330538302277433, 0.030165238095238092, 0.013676314699792962], [0.9128845962732918, 0.019414596273291923, 0.01152871635610766, 0.012330538302277433, 0.030165238095238092, 0.013676314699792962], [0.9128845962732918, 0.019414596273291923, 0.01152871635610766, 0.012330538302277433, 0.030165238095238092, 0.013676314699792962], [0.9128845962732918, 0.019414596273291923, 0.01152871635610766, 0.012330538302277433, 0.030165238095238092, 0.013676314699792962], [0.9128845962732918, 0.019414596273291923, 0.01152871635610766, 0.012330538302277433, 0.030165238095238092, 0.013676314699792962], [0.9128845962732918, 0.019414596273291923, 0.01152871635610766, 0.012330538302277433, 0.030165238095238092, 0.013676314699792962], [0.9128845962732918, 0.019414596273291923, 0.01152871635610766, 0.012330538302277433, 0.030165238095238092, 0.013676314699792962], [0.9128845962732918, 0.019414596273291923, 0.01152871635610766, 0.012330538302277433, 0.030165238095238092, 0.013676314699792962], [0.9128845962732918, 0.019414596273291923, 0.01152871635610766, 0.012330538302277433, 0.030165238095238092, 0.013676314699792962], [0.9128845962732918, 0.019414596273291923, 0.01152871635610766, 0.012330538302277433, 0.030165238095238092, 0.013676314699792962], [0.9128845962732918, 0.019414596273291923, 0.01152871635610766, 0.012330538302277433, 0.030165238095238092, 0.013676314699792962], [0.9128845962732918, 0.019414596273291923, 0.01152871635610766, 0.012330538302277433, 0.030165238095238092, 0.013676314699792962], [0.9128357231149568, 0.01941452410383189, 0.011567634940255459, 0.012365492377420684, 0.030112010712814177, 0.013704614750721055], [0.9126713460954117, 0.019414281373442723, 0.01169853134812114, 0.012483054795908033, 0.029932988959789325, 0.013799797427327055], [0.9202753204381263, 0.017439384758797485, 0.011521758719801134, 0.012123452186747456, 0.025506750563194285, 0.013133333333333334], [0.9200566958122411, 0.017464196962724346, 0.01162146034667894, 0.01221553919312778, 0.025429467709771437, 0.01321263997545636], [0.9199941311325079, 0.01747129756992205, 0.011649992358245454, 0.0122418920984258, 0.025407351367874066, 0.013235335473024606], [0.9199941311325079, 0.01747129756992205, 0.011649992358245454, 0.0122418920984258, 0.025407351367874066, 0.013235335473024606], [0.9199941311325079, 0.01747129756992205, 0.011649992358245454, 0.0122418920984258, 0.025407351367874066, 0.013235335473024606], [0.9199630205949656, 0.01747482837528604, 0.011664180015255531, 0.012254996186117468, 0.02539635392829901, 0.013246620900076278], [0.9199630205949656, 0.01747482837528604, 0.011664180015255531, 0.012254996186117468, 0.02539635392829901, 0.013246620900076278], [0.9199630205949656, 0.01747482837528604, 0.011664180015255531, 0.012254996186117468, 0.02539635392829901, 0.013246620900076278], [0.9250926755218215, 0.016198292220113854, 0.011379974699557243, 0.01186989247311828, 0.022766995572422517, 0.012692169512966476], [0.9250926755218215, 0.016198292220113854, 0.011379974699557243, 0.01186989247311828, 0.022766995572422517, 0.012692169512966476], [0.9250926755218215, 0.016198292220113854, 0.011379974699557243, 0.01186989247311828, 0.022766995572422517, 0.012692169512966476], [0.9250926755218215, 0.016198292220113854, 0.011379974699557243, 0.01186989247311828, 0.022766995572422517, 0.012692169512966476], [0.9250926755218215, 0.016198292220113854, 0.011379974699557243, 0.01186989247311828, 0.022766995572422517, 0.012692169512966476], [0.9250926755218215, 0.016198292220113854, 0.011379974699557243, 0.01186989247311828, 0.022766995572422517, 0.012692169512966476], [0.9250926755218215, 0.016198292220113854, 0.011379974699557243, 0.01186989247311828, 0.022766995572422517, 0.012692169512966476], [0.9199630205949656, 0.01747482837528604, 0.011664180015255531, 0.012254996186117468, 0.02539635392829901, 0.013246620900076278], [0.9199630205949656, 0.01747482837528604, 0.011664180015255531, 0.012254996186117468, 0.02539635392829901, 0.013246620900076278], [0.9199941311325079, 0.01747129756992205, 0.011649992358245454, 0.0122418920984258, 0.025407351367874066, 0.013235335473024606], [0.9199941311325079, 0.01747129756992205, 0.011649992358245454, 0.0122418920984258, 0.025407351367874066, 0.013235335473024606], [0.9199941311325079, 0.01747129756992205, 0.011649992358245454, 0.0122418920984258, 0.025407351367874066, 0.013235335473024606], [0.9199941311325079, 0.01747129756992205, 0.011649992358245454, 0.0122418920984258, 0.025407351367874066, 0.013235335473024606], [0.9199630205949656, 0.01747482837528604, 0.011664180015255531, 0.012254996186117468, 0.02539635392829901, 0.013246620900076278], [0.9199941311325079, 0.01747129756992205, 0.011649992358245454, 0.0122418920984258, 0.025407351367874066, 0.013235335473024606]], [[0.9128845962732918, 0.019414596273291923, 0.01152871635610766, 0.012330538302277433, 0.030165238095238092, 0.013676314699792962], [0.08527170999688337, 0.050055167532920435, 0.024198666992552555, 0.020664763207226818, 0.8061319459688745, 0.013677746301542336], [0.8282121590816648, 0.045585672055747754, 0.04504680269868637, 0.018053753635165093, 0.04901923601542665, 0.014082376513309042], [0.0902690818488615, 0.046360422681757635, 0.014993654339724303, 0.020648552073132792, 0.813977197624845, 0.013751091431678707], [0.8779068093255472, 0.03506773041790304, 0.021674164126191553, 0.01627742031175391, 0.03481266832130981, 0.014261207497294606], [0.8813663086290698, 0.03739798257364076, 0.018714064635500037, 0.015937412698213534, 0.03220279313715861, 0.01438143832641725], [0.8825033080093905, 0.032893505544873684, 0.019887199329499207, 0.015308004565106365, 0.03506324837070435, 0.01434473418042612], [0.8801473400766899, 0.03400791989189443, 0.020803120783511604, 0.015804885467212242, 0.034934811792875414, 0.014301921987816473], [0.07105287835138203, 0.06723712156881521, 0.012110734796915358, 0.014812859411534686, 0.8209960949865266, 0.013790310884826044], [0.08325184520521692, 0.058016096077387405, 0.015073311389418073, 0.020625980994465172, 0.8091795550444201, 0.013853211289092296], [0.09503362178104384, 0.30695547137592794, 0.015073311389418073, 0.020625980994465172, 0.5484584031700527, 0.013853211289092296], [0.8264451534389898, 0.05758660633154961, 0.028465235122106435, 0.019870291692945387, 0.05348249936222967, 0.014150214052178976], [0.831015576527953, 0.051895803878282167, 0.030200923629522404, 0.024958575079563318, 0.047750171839117256, 0.014178949045561787], [0.8329819724331495, 0.050967567301916164, 0.02945589164059706, 0.02455552498719387, 0.04782345367409351, 0.014215589963049918], [0.7942461395739812, 0.03888258277281193, 0.05442032141503085, 0.0182317898012217, 0.08003368270547101, 0.014185483731483236], [0.12056424440411373, 0.04442688552799624, 0.02659007434294549, 0.022042387578140754, 0.772646458829065, 0.013729949317738792], [0.7822967578056208, 0.058808959804675834, 0.0611608035805788, 0.020419423102807296, 0.06226757624518635, 0.015046479461130885], [0.8244762682149429, 0.04252415031395821, 0.05552286069090829, 0.02266580599348222, 0.04082027896675236, 0.013990635819955934], [0.06473762487177463, 0.05170959324354444, 0.023060828809971748, 0.025732655002138817, 0.820906086783478, 0.013853211289092296], [0.08250247525108757, 0.07662503046384204, 0.015038378494061587, 0.02063587934159465, 0.7913898089215402, 0.013808427527873895], [0.8329536812848805, 0.04550141569886877, 0.04334396306692778, 0.01805808538628155, 0.046043367792592986, 0.014099486770448475], [0.8153208860788198, 0.050967567301916164, 0.02945589164059706, 0.03632958255674704, 0.0537104824588701, 0.014215589963049918], [0.8426630771330411, 0.04682762821961726, 0.0405152005682967, 0.018414548496911036, 0.03732552733976696, 0.014254018242366738], [0.9199630205949656, 0.01747482837528604, 0.011664180015255531, 0.012254996186117468, 0.02539635392829901, 0.013246620900076278], [0.9199630205949656, 0.01747482837528604, 0.011664180015255531, 0.012254996186117468, 0.02539635392829901, 0.013246620900076278], [0.9250926755218215, 0.016198292220113854, 0.011379974699557243, 0.01186989247311828, 0.022766995572422517, 0.012692169512966476], [0.9250926755218215, 0.016198292220113854, 0.011379974699557243, 0.01186989247311828, 0.022766995572422517, 0.012692169512966476], [0.9250926755218215, 0.016198292220113854, 0.011379974699557243, 0.01186989247311828, 0.022766995572422517, 0.012692169512966476], [0.9250926755218215, 0.016198292220113854, 0.011379974699557243, 0.01186989247311828, 0.022766995572422517, 0.012692169512966476], [0.8355407645298857, 0.05107341303931465, 0.027965509137592666, 0.016825981296269225, 0.055123636758497255, 0.013470695238440559], [0.109133803572597, 0.028874750594342295, 0.023627242469846675, 0.019938179676765033, 0.8052308560710157, 0.013195167615433271], [0.08979360297622944, 0.02919326509691752, 0.02601610123916085, 0.0318506220730784, 0.8099512409991805, 0.013195167615433271], [0.8406802924505788, 0.04759527171531483, 0.03240882634474124, 0.017802870537872422, 0.047290298729955875, 0.01422244022153683], [0.8779068093255472, 0.03506773041790304, 0.021674164126191553, 0.01627742031175391, 0.03481266832130981, 0.014261207497294606], [0.8813663086290698, 0.03739798257364076, 0.018714064635500037, 0.015937412698213534, 0.03220279313715861, 0.01438143832641725], [0.8789700124045187, 0.038529153462248715, 0.019621978111882737, 0.016428579005109092, 0.0321134901722685, 0.014336786843972197], [0.8406802924505788, 0.04759527171531483, 0.03240882634474124, 0.017802870537872422, 0.047290298729955875, 0.01422244022153683], [0.819717503819096, 0.05435889487143155, 0.036542786061921566, 0.0182317898012217, 0.056963541714845765, 0.014185483731483236], [0.8350285829692222, 0.05630899319589696, 0.027753849326465886, 0.01796280883005147, 0.04867959267358018, 0.014266173004783219], [0.9199630205949656, 0.01747482837528604, 0.011664180015255531, 0.012254996186117468, 0.02539635392829901, 0.013246620900076278]], [[0.9128845962732918, 0.019414596273291923, 0.01152871635610766, 0.012330538302277433, 0.030165238095238092, 0.013676314699792962], [0.8262862398246078, 0.04714253700622154, 0.041538726122451575, 0.018231789801221695, 0.052615223514014084, 0.014185483731483234], [0.7932597563125492, 0.09423495795572388, 0.012711066353457574, 0.023444191598999426, 0.06205565984362031, 0.014294367935649397], [0.11822650287261324, 0.08073144716391847, 0.012032300598238892, 0.024321229954932584, 0.750958570092558, 0.013729949317738792], [0.8429378768413521, 0.06197933993979462, 0.012731490272279662, 0.02165957944829186, 0.04636670968439911, 0.01432500381388253], [0.8580421476030327, 0.0553886414410778, 0.012741988548309708, 0.019643511520723068, 0.03984295965892919, 0.0143407512279276], [0.08825241034620535, 0.061295465674013457, 0.012032300598238892, 0.01705793243729013, 0.8076319416265135, 0.013729949317738792], [0.8580421476030327, 0.0553886414410778, 0.012741988548309708, 0.019643511520723068, 0.03984295965892919, 0.0143407512279276], [0.8459634872885506, 0.059723632671703705, 0.012681786045057767, 0.022774448406667924, 0.04460619811497034, 0.014250447473049689], [0.10551449868939436, 0.2945397773619393, 0.012192467976538047, 0.024318578566122823, 0.5495814661169129, 0.013853211289092294], [0.12891374209756717, 0.10077908217460398, 0.012192467976538047, 0.019237140329140458, 0.725024356133058, 0.013853211289092296], [0.7736062036601334, 0.1146340864728356, 0.012654020235368293, 0.021749083817247432, 0.06314780705589959, 0.014208798758515478], [0.6320248235660274, 0.16343025367834943, 0.016213607932875664, 0.029258694299565575, 0.14400622845605743, 0.015066392067124332], [0.7703846239023506, 0.1083427909389716, 0.012752684905019565, 0.02880594048056033, 0.06535716401010541, 0.014356795762992387], [0.7732784132393721, 0.1123397138450113, 0.012711066353457574, 0.024696858573586798, 0.06267958005292282, 0.014294367935649399], [0.14176606240392128, 0.30250158010979133, 0.012087040877053926, 0.01901354610107925, 0.5108596940434843, 0.013772076464669918], [0.7251181296668634, 0.14049139507326583, 0.013092065711814482, 0.026899665272104793, 0.07925789527772067, 0.015140848998230889], [0.11171231150264059, 0.08421385984677525, 0.012160994037570965, 0.02119899959699517, 0.7568848455116896, 0.013828989504328508], [0.08486282430774288, 0.0744404248879291, 0.012192467976538047, 0.01864808850204008, 0.7960029830366576, 0.013853211289092296], [0.7975711803601571, 0.09182629546271072, 0.012593683572113278, 0.024582899475859312, 0.05927015224046801, 0.014155788888691817], [0.13409747133321726, 0.09908358973551426, 0.012110734796915358, 0.019014798208134304, 0.7219030950413927, 0.013790310884826044], [0.7844848077382965, 0.09963327229609564, 0.01270113039294953, 0.026459520456582675, 0.062441805121188056, 0.014279463994887335], [0.7822046518611574, 0.10234564245533471, 0.012711066353457574, 0.02595775445092651, 0.06248651694347424, 0.014294367935649397], [0.8292726906845737, 0.04862115863385947, 0.040889292698433014, 0.022903654058546698, 0.04405918568222046, 0.014254018242366738], [0.8408766500396849, 0.05446521078870381, 0.031090637811747562, 0.017970701870801756, 0.04130243155341229, 0.014294367935649397], [0.9250926755218215, 0.016198292220113854, 0.011379974699557243, 0.01186989247311828, 0.022766995572422517, 0.012692169512966476], [0.26818451543930594, 0.042365064834182155, 0.014206901474716694, 0.01881129733317131, 0.6432370533031906, 0.01319516761543327], [0.10835377919556945, 0.04475993751368482, 0.014206901474716694, 0.01881129733317131, 0.8006729168674245, 0.013195167615433271], [0.635589174443815, 0.047537797252974676, 0.02987800331757213, 0.027947970830572814, 0.2456056053110384, 0.01344144884402697], [0.7952933066175127, 0.08683701231699846, 0.012291625513874022, 0.02661804981927872, 0.06533369688621705, 0.013626308846119093], [0.8153739466736227, 0.08168556888375335, 0.012239836777455304, 0.022834862456034888, 0.05431715946764281, 0.013548625741491016], [0.820247094713039, 0.08075042908637445, 0.012248075894612827, 0.02241878703957996, 0.05077462884916627, 0.0135609844172273], [0.8113451402645533, 0.08562078367098588, 0.012721184625167598, 0.02306504908061721, 0.05293829701546147, 0.014309545343214436], [0.09665826615163117, 0.06331368658065145, 0.011964467671735427, 0.020672679374607702, 0.7937131539198319, 0.013677746301542336], [0.8587704962805911, 0.05466029276351939, 0.012741988548309708, 0.019643511520723068, 0.03984295965892919, 0.0143407512279276], [0.8322819398663386, 0.06977194185044766, 0.012681786045057767, 0.022774448406667928, 0.048239436358438616, 0.014250447473049689], [0.11521303362885753, 0.0814199460696127, 0.012083643451212838, 0.021218222356916606, 0.7562956926273531, 0.013769461866047232], [0.11990792880681597, 0.09967404229393162, 0.012083643451212838, 0.024289792051081463, 0.730275131530911, 0.013769461866047232], [0.821855379819144, 0.05274928604383952, 0.03994652384272274, 0.01805808538628155, 0.053291238137563736, 0.014099486770448475], [0.9199941311325079, 0.01747129756992205, 0.011649992358245454, 0.0122418920984258, 0.025407351367874066, 0.013235335473024606]], [[0.9128845962732918, 0.019414596273291923, 0.01152871635610766, 0.012330538302277433, 0.030165238095238092, 0.013676314699792962], [0.8124754260684472, 0.05758660633154962, 0.032939376998536635, 0.01987029169294539, 0.06297808485634215, 0.014150214052178978], [0.7890395776874914, 0.09205777426008879, 0.012752684905019565, 0.026081175685985197, 0.06571199169842261, 0.014356795762992387], [0.792023012657519, 0.09423495795572386, 0.012711066353457572, 0.023444191598999423, 0.06329240349865045, 0.014294367935649397], [0.8244424382842628, 0.07214739647153946, 0.012774694715941773, 0.02515653496469334, 0.05108912508418696, 0.014389810479375697], [0.8429378768413521, 0.06197933993979462, 0.012731490272279662, 0.02165957944829186, 0.04636670968439911, 0.01432500381388253], [0.08799567798415936, 0.061139248603217775, 0.01205977279363115, 0.017066665385554715, 0.8079875438017582, 0.013751091431678707], [0.8597214756064802, 0.054174604954508966, 0.012752684905019565, 0.019103345506875265, 0.03989109326412355, 0.014356795762992387], [0.8580421476030327, 0.0553886414410778, 0.012741988548309708, 0.019643511520723068, 0.03984295965892919, 0.0143407512279276], [0.0938778031733073, 0.08628079650165359, 0.012192467976538047, 0.021671157337465895, 0.7721245637219428, 0.013853211289092296], [0.12917722369976892, 0.11345545391233988, 0.012192467976538047, 0.018648088502040083, 0.7126735546202209, 0.013853211289092296], [0.170908532611518, 0.09796958667463744, 0.012192467976538047, 0.024333426194305043, 0.6807427752539092, 0.013853211289092296], [0.37285117120563993, 0.08616965205548081, 0.012192467976538047, 0.01658971910048353, 0.49834377837276533, 0.013853211289092294], [0.7750851656093649, 0.11355982125990434, 0.012663114544049192, 0.021267085457159746, 0.063202372907985, 0.014222440221536828], [0.7717184674396094, 0.11346744536267415, 0.012701130392949532, 0.02519862457924297, 0.06263486823063662, 0.014279463994887335], [0.6480356621771566, 0.18512511149974342, 0.01618936284682192, 0.03647955020535318, 0.09913689539374405, 0.015033417877180847], [0.7251412792075386, 0.14127282153636259, 0.013301431586177578, 0.031532535678453204, 0.07337408913475106, 0.01537784285671704], [0.5639069599612784, 0.3227601244557921, 0.012614982843395937, 0.023199005921876133, 0.06333347768925995, 0.014185449128397313], [0.13132506687067197, 0.3006423556446773, 0.012192467976538047, 0.026391795595861592, 0.5155951026231588, 0.013853211289092296], [0.7545495534812187, 0.1312871445500137, 0.012663114544049194, 0.021267085457159746, 0.06601066174602215, 0.01422244022153683], [0.13447029803362703, 0.10262507342631927, 0.012087040877053926, 0.01901354610107925, 0.7180319650972504, 0.013772076464669917], [0.5999923915500616, 0.17842562319789568, 0.016213607932875667, 0.044920684814605545, 0.14538130043743724, 0.015066392067124332], [0.13358364366369088, 0.09364554327017331, 0.012016756928614925, 0.021523678623922543, 0.7255123903281006, 0.013717987185497734], [0.5726005099676587, 0.309810929420636, 0.012663114544049192, 0.02492985209502041, 0.06577315375109886, 0.014222440221536828], [0.7926257463938962, 0.0972772466266596, 0.012721184625167598, 0.024662956893627998, 0.05840332011743408, 0.014309545343214436], [0.09136187322847299, 0.033949748335374196, 0.014206901474716694, 0.01881129733317131, 0.8284750120128316, 0.013195167615433271], [0.6469516851329357, 0.08075615293386317, 0.012193359706310301, 0.02276668415616552, 0.22385320793595165, 0.013478910134773512], [0.28492485320603583, 0.08467449147039857, 0.011818042705402517, 0.01747885067501866, 0.5879085943277111, 0.013195167615433271], [0.6261418258484605, 0.2606968238255804, 0.012239836777455304, 0.024060636882639548, 0.06331225092437343, 0.013548625741491016], [0.6292390490612843, 0.09032543695381372, 0.012282586913650001, 0.027051902630031745, 0.22748827349543718, 0.013612750945783061], [0.482232747407672, 0.12030451660505953, 0.01996440281603918, 0.020989846455181302, 0.342230465289663, 0.014278021426385065], [0.8054604886881946, 0.08970219340861367, 0.012239836777455304, 0.023246902679231116, 0.05580195270501434, 0.013548625741491016], [0.7959824558740705, 0.09195752393283316, 0.012763585001857229, 0.02709021140641779, 0.057833077876572374, 0.014373145908248883], [0.8082340574201975, 0.08656466344680043, 0.012672368402005196, 0.02205766497439922, 0.05623492474812698, 0.014236321008470833], [0.8276954688206295, 0.07202764911853857, 0.012731490272279662, 0.02165957944829186, 0.05156080852637756, 0.01432500381388253], [0.11723390163444146, 0.07621890132178677, 0.01198896118999324, 0.02364816171634252, 0.7572134780590046, 0.013696596078431374], [0.7885580379603321, 0.09621002357944854, 0.012663114544049192, 0.02394852961173381, 0.06439785408289954, 0.014222440221536828], [0.7914367655873652, 0.09728428879237982, 0.012654020235368293, 0.024430527971821502, 0.059985598654549645, 0.014208798758515478], [0.14102816621269199, 0.05588885880421134, 0.019572154467304165, 0.014736227180527384, 0.7550779972568339, 0.013696596078431374], [0.9199941311325079, 0.01747129756992205, 0.011649992358245454, 0.0122418920984258, 0.025407351367874066, 0.013235335473024606]], [[0.9128845962732918, 0.019414596273291923, 0.01152871635610766, 0.012330538302277433, 0.030165238095238092, 0.013676314699792962], [0.14317981457702655, 0.06901818981730076, 0.01957337831422813, 0.014703072397450563, 0.7398694943410714, 0.013656050552922593], [0.3919913342351705, 0.16088812761219592, 0.016213607932875667, 0.029258694299565575, 0.3865818438530679, 0.015066392067124332], [0.7896451191385887, 0.0920577742600888, 0.012752684905019566, 0.026081175685985197, 0.0651064502473252, 0.014356795762992387], [0.7955280373502222, 0.0908710262168881, 0.012763585001857229, 0.02555797103777731, 0.06090623448500632, 0.014373145908248883], [0.8244424382842628, 0.07214739647153946, 0.012774694715941773, 0.02515653496469334, 0.05108912508418696, 0.014389810479375697], [0.8459634872885506, 0.059723632671703705, 0.012681786045057767, 0.022774448406667924, 0.04460619811497034, 0.014250447473049689], [0.8589214828290804, 0.05714973673564283, 0.012797567656704065, 0.019234778420340104, 0.0374723144677135, 0.014424119890519137], [0.8429378768413521, 0.06197933993979462, 0.012731490272279662, 0.02165957944829186, 0.04636670968439911, 0.01432500381388253], [0.11983507696272266, 0.298486265595483, 0.012192467976538047, 0.02452598022919733, 0.5311069979469666, 0.013853211289092296], [0.34116377833802475, 0.09727884728238594, 0.012192467976538047, 0.019444541992214966, 0.5160671531217439, 0.013853211289092296], [0.7587742697678449, 0.12238343871607862, 0.012576123968502053, 0.021634125523528037, 0.07050259254077125, 0.014129449483274978], [0.16593011940596744, 0.11363501711731085, 0.012192467976538047, 0.016589719100483534, 0.6777994651106078, 0.013853211289092296], [0.34568216514996697, 0.07666547931061961, 0.012192467976538047, 0.018648088502040076, 0.5329585877717429, 0.013853211289092294], [0.14169313509105946, 0.08807286731663512, 0.012192467976538047, 0.019444541992214966, 0.7247437763344601, 0.013853211289092296], [0.13396778965197512, 0.09120770136839747, 0.012192467976538047, 0.019444541992214966, 0.7293342877217821, 0.013853211289092296], [0.7232338000193781, 0.14581157154730623, 0.013227447240597205, 0.028147643384942106, 0.07429591585271303, 0.015283621955063262], [0.7793709265973932, 0.11784356077572557, 0.0127211846251676, 0.02381073939335558, 0.05194404326514364, 0.014309545343214436], [0.11575753653779071, 0.08745482885989928, 0.01205977279363115, 0.021108370389687818, 0.7498683999873121, 0.013751091431678707], [0.5449924518035526, 0.33317204002705925, 0.012711066353457574, 0.024696858573586798, 0.07013321530669425, 0.014294367935649399], [0.5476807094800583, 0.32921433977589226, 0.012701130392949532, 0.0269564202223136, 0.06916793613389897, 0.014279463994887337], [0.5519258095246264, 0.322292477362732, 0.012752684905019565, 0.03056373612363096, 0.06810849632099858, 0.014356795762992387], [0.5554050614006181, 0.3287307975146874, 0.012663114544049192, 0.02302488110023037, 0.06595370521887815, 0.014222440221536828], [0.12814018153115828, 0.0865693258952195, 0.012164320022391744, 0.02280232124727386, 0.7364923021807465, 0.013831549123210047], [0.8199755324516256, 0.07971093370019464, 0.012681786045057767, 0.02437235621967871, 0.04900894411039367, 0.014250447473049689], [0.09839203229698901, 0.07327629518441944, 0.011818042705402517, 0.02060499134523399, 0.7827134708525219, 0.013195167615433271], [0.8045190144267976, 0.08947552145053027, 0.012248075894612827, 0.023232521242988396, 0.05696388256784341, 0.013560984417227301], [0.6364638396372129, 0.2571255627294076, 0.012200771997829115, 0.022779845633552637, 0.057939951429946096, 0.013490028572051734], [0.5240141869408906, 0.3059274079510033, 0.01515246046805819, 0.02406713992835577, 0.11663764089132521, 0.014201163820366857], [0.7960264256512682, 0.049185314310437205, 0.030475777400107804, 0.028272259036820922, 0.08262671603881705, 0.013413507562548672], [0.9250926755218215, 0.016198292220113854, 0.011379974699557243, 0.01186989247311828, 0.022766995572422517, 0.012692169512966476], [0.09721802699138632, 0.03016890472583074, 0.01188394732658081, 0.01425902471872282, 0.8331098575610485, 0.013360238676430703], [0.8458080517538955, 0.046704321838418446, 0.028057256511206496, 0.01806391979764554, 0.047243917618691685, 0.014122532480142176], [0.09942319290075144, 0.06776779126530662, 0.01211410711484415, 0.02090886939766113, 0.7859931331605915, 0.013792906160845093], [0.8041980812680064, 0.08562078367098588, 0.0127211846251676, 0.02306504908061721, 0.06008535601200839, 0.014309545343214436], [0.5902283629347893, 0.09532145567166896, 0.012711066353457574, 0.02497643196763991, 0.26246831513679475, 0.014294367935649399], [0.7898829510506111, 0.09314427197603387, 0.012752684905019565, 0.02761341605462568, 0.06224988025071738, 0.014356795762992387], [0.6519904086303975, 0.16131833356185268, 0.016213607932875667, 0.026964262568062912, 0.1284469952396869, 0.015066392067124332], [0.80861178639024, 0.06645325672981585, 0.029186120571754723, 0.020261366943958553, 0.06137095109085985, 0.014116518273371053], [0.9199941311325079, 0.01747129756992205, 0.011649992358245454, 0.0122418920984258, 0.025407351367874066, 0.013235335473024606]], [[0.9128845962732918, 0.019414596273291923, 0.01152871635610766, 0.012330538302277433, 0.030165238095238092, 0.013676314699792962], [0.8122313281148098, 0.05758660633154961, 0.032939376998536635, 0.019870291692945387, 0.06322218280997947, 0.014150214052178976], [0.7867813261339536, 0.09536268947338676, 0.012701130392949532, 0.023945957604655597, 0.06692943240016717, 0.014279463994887337], [0.7937699017152436, 0.0908710262168881, 0.012763585001857229, 0.02555797103777731, 0.06266437011998481, 0.014373145908248883], [0.8124957337737523, 0.06965413154698806, 0.01277469471594177, 0.020561999235355483, 0.07012363024858664, 0.014389810479375697], [0.8459634872885506, 0.059723632671703705, 0.012681786045057767, 0.022774448406667924, 0.04460619811497034, 0.014250447473049689], [0.08402020786178835, 0.05597466724616188, 0.012016756928614925, 0.01678769071593166, 0.8174826900620055, 0.013717987185497734], [0.8429378768413521, 0.06197933993979462, 0.012731490272279662, 0.02165957944829186, 0.04636670968439911, 0.01432500381388253], [0.8244424382842628, 0.07214739647153946, 0.012774694715941773, 0.02515653496469334, 0.05108912508418696, 0.014389810479375697], [0.7924978437996948, 0.09512352586350346, 0.012663114544049192, 0.022416289243093333, 0.06307678632812255, 0.01422244022153683], [0.7848274082197355, 0.10379979976862064, 0.012701130392949532, 0.02470172481351205, 0.0596904728102949, 0.014279463994887335], [0.6298564933103847, 0.16559858393399204, 0.016213607932875664, 0.029258694299565575, 0.14400622845605743, 0.015066392067124332], [0.15077612376155725, 0.085347351430889, 0.012110734796915358, 0.019014798208134304, 0.7189606809176781, 0.013790310884826044], [0.7833599311835212, 0.10356063615873737, 0.012663114544049192, 0.023172056451949787, 0.06302182144020572, 0.01422244022153683], [0.7969765305950876, 0.09979517323650038, 0.012672368402005196, 0.020898384292347548, 0.05542122246558845, 0.014236321008470833], [0.13108853577360774, 0.08823037389304941, 0.012175936939786988, 0.01944464415274757, 0.7352200199441721, 0.013840489296636085], [0.748975050873012, 0.1306864014051373, 0.013244246157404934, 0.027637282788525064, 0.06415125306465033, 0.015305765711270297], [0.5661720523451989, 0.3144265068634344, 0.012774694715941773, 0.027871222863150386, 0.06436571273289905, 0.014389810479375697], [0.5411534006742552, 0.3300967370062173, 0.012711066353457574, 0.024696858573586798, 0.07704756945683366, 0.014294367935649399], [0.5409610833120277, 0.13373910360742544, 0.012701130392949532, 0.02519862457924297, 0.2731205941134671, 0.014279463994887337], [0.5914249774873257, 0.19811755151593513, 0.016213607932875667, 0.026964262568062912, 0.15221320842867617, 0.015066392067124332], [0.7577519583051756, 0.114700417697129, 0.012752684905019565, 0.03056373612363096, 0.0698744072060525, 0.014356795762992387], [0.7635848885304745, 0.11752411059994501, 0.012711066353457574, 0.02645465421665743, 0.06543091236381596, 0.014294367935649397], [0.3246428250779916, 0.09040820337321635, 0.012175936939786986, 0.02310930732422905, 0.5358232379881397, 0.013840489296636085], [0.8240193073680501, 0.07566715878377026, 0.012681786045057767, 0.02437235621967871, 0.04900894411039368, 0.014250447473049689], [0.8432633508809851, 0.06672333926767789, 0.01222379601838756, 0.02191787413282656, 0.04234707509723347, 0.013524564602889401], [0.6579655873640021, 0.24498358388224026, 0.012256466188231955, 0.022158846608188683, 0.049061946099680856, 0.013573569857655994], [0.11210882613983793, 0.25396892393996073, 0.011818042705402517, 0.019513778559706565, 0.589395261039659, 0.013195167615433271], [0.7970148340694417, 0.09278192607430573, 0.012178908852256812, 0.02420422050911432, 0.06036287664118799, 0.013457233853693278], [0.13620697597493903, 0.26686267644318507, 0.011818042705402517, 0.01546434012696642, 0.5564527971340736, 0.01319516761543327], [0.5977265622101249, 0.05898354008969578, 0.01900951060274851, 0.018713772666297243, 0.2919026880860785, 0.013663926345054976], [0.9250926755218215, 0.016198292220113854, 0.011379974699557243, 0.01186989247311828, 0.022766995572422517, 0.012692169512966476], [0.9199630205949656, 0.01747482837528604, 0.011664180015255531, 0.012254996186117468, 0.02539635392829901, 0.013246620900076278], [0.10815655852274365, 0.0334515805990071, 0.029534936498333962, 0.036727433526344604, 0.7783995415358319, 0.013729949317738792], [0.8275282454075981, 0.07202764911853855, 0.01273149027227966, 0.02165957944829186, 0.05172803193940912, 0.01432500381388253], [0.8044119583452098, 0.08562078367098588, 0.0127211846251676, 0.02306504908061721, 0.05987147893480499, 0.014309545343214436], [0.7941877854521455, 0.09195752393283316, 0.012763585001857229, 0.02709021140641779, 0.059627748298497305, 0.014373145908248883], [0.7943832045728111, 0.09644918718933186, 0.012701130392949532, 0.02547819797329608, 0.05670881587672426, 0.014279463994887338], [0.8104660753088818, 0.06557614539660356, 0.028465235122106435, 0.019870291692945387, 0.061472038427283604, 0.014150214052178976], [0.9199941311325079, 0.01747129756992205, 0.011649992358245454, 0.0122418920984258, 0.025407351367874066, 0.013235335473024606]], [[0.9128845962732918, 0.019414596273291923, 0.01152871635610766, 0.012330538302277433, 0.030165238095238092, 0.013676314699792962], [0.8262862398246078, 0.04714253700622154, 0.041538726122451575, 0.018231789801221695, 0.052615223514014084, 0.014185483731483234], [0.12613531033804934, 0.11517942100646744, 0.012032300598238892, 0.019126870868239502, 0.7137961478712661, 0.013729949317738792], [0.8226807143006285, 0.06685865931057072, 0.0127211846251676, 0.026333432954439677, 0.05709646346597904, 0.014309545343214438], [0.0552491943127962, 0.017406398104265402, 0.011389210110584518, 0.012001026856240127, 0.02560949447077409, 0.8783446761453396], [0.09100351054129353, 0.060923998271442265, 0.012016756928614925, 0.01475371906170684, 0.8075840280114446, 0.013717987185497734], [0.8750489613247919, 0.04371706538409577, 0.012701130392949532, 0.017142403471507934, 0.037110975431767494, 0.014279463994887335], [0.8626014827229858, 0.048243937534403106, 0.012797567656704065, 0.017978193090713895, 0.043954699104674096, 0.014424119890519137], [0.8429378768413521, 0.06197933993979462, 0.012731490272279662, 0.02165957944829186, 0.04636670968439911, 0.01432500381388253], [0.11717442716510568, 0.08335036718948195, 0.012110734796915358, 0.024268840096583384, 0.7493053198670875, 0.013790310884826044], [0.7790022416072567, 0.10791832573500183, 0.012663114544049192, 0.023172056451949783, 0.06302182144020571, 0.014222440221536828], [0.7780119753859096, 0.10888038253432135, 0.012752684905019565, 0.026836942894841648, 0.05916121851691522, 0.014356795762992387], [0.7828851000413457, 0.1061743222291103, 0.012711066353457574, 0.02419995880785588, 0.059735184632581095, 0.014294367935649399], [0.8101156648288852, 0.08542703033881635, 0.012774694715941773, 0.02590222527743171, 0.05139057435954928, 0.014389810479375697], [0.8286111033859743, 0.07525897380707149, 0.01273149027227966, 0.022405269761030227, 0.04666815895976142, 0.01432500381388253], [0.113003091901186, 0.07564784530256795, 0.01205977279363115, 0.02122415456689023, 0.764314044004046, 0.013751091431678707], [0.7490347354399268, 0.12684236488993145, 0.013298609600230323, 0.027564536693836884, 0.06791783016446207, 0.01534192321161233], [0.7581710581375335, 0.11913135183944283, 0.012763585001857229, 0.026313738246633765, 0.06924712086628382, 0.014373145908248883], [0.5452246904404597, 0.12998102411601964, 0.012701130392949532, 0.02519862457924297, 0.2726150664764409, 0.014279463994887337], [0.15926913606822046, 0.08559245192401195, 0.012083643451212838, 0.019013366563843982, 0.7102719401266637, 0.013769461866047234], [0.37701806870041604, 0.11531370903876008, 0.01215266568280517, 0.024360670149358728, 0.4573323062783302, 0.013822580150329805], [0.7730142536457342, 0.10809474548468528, 0.012711066353457574, 0.02645465421665743, 0.06543091236381597, 0.014294367935649399], [0.8009993938628226, 0.09126157928996256, 0.0127211846251676, 0.024662956893627998, 0.05604533998520467, 0.014309545343214436], [0.11117591998931284, 0.0676298467509596, 0.012192467976538047, 0.02171052720749938, 0.7734380267865978, 0.013853211289092296], [0.08267116062400416, 0.038977300960503725, 0.012192467976538047, 0.016328825061153636, 0.835977034088708, 0.013853211289092296], [0.06702234696693399, 0.038529894559361684, 0.011818042705402517, 0.01589481236611296, 0.8535397357867555, 0.01319516761543327], [0.8382083607148415, 0.0711399087710699, 0.012265011857658846, 0.02099340025273104, 0.0438069300419021, 0.01358638836179633], [0.6500264726648446, 0.24752745437517804, 0.012193359706310301, 0.02276668415616552, 0.05400711896272797, 0.013478910134773512], [0.11654282193358927, 0.09553304717155521, 0.011818042705402517, 0.01747885067501866, 0.7454320698990011, 0.013195167615433271], [0.2974799387124262, 0.2691143236579016, 0.011818042705402517, 0.02188559249888293, 0.38650693480995346, 0.01319516761543327], [0.467100728741241, 0.26022897781964854, 0.012239836777455304, 0.023246902679231116, 0.22363492824093298, 0.013548625741491016], [0.47336705805048174, 0.36405550700505535, 0.01996440281603918, 0.020989846455181302, 0.10734516424685743, 0.014278021426385065], [0.9199630205949656, 0.01747482837528604, 0.011664180015255531, 0.012254996186117468, 0.02539635392829901, 0.013246620900076278], [0.7936242484736503, 0.08104131319293352, 0.020205280888696824, 0.019870291692945387, 0.07110865169959481, 0.014150214052178976], [0.8113451402645533, 0.08562078367098588, 0.012721184625167598, 0.02306504908061721, 0.05293829701546147, 0.014309545343214436], [0.10001996339080599, 0.06812849257513878, 0.01205977279363115, 0.020920121744602442, 0.7851205580641429, 0.013751091431678707], [0.8082340574201975, 0.08656466344680043, 0.012672368402005196, 0.02205766497439922, 0.05623492474812698, 0.014236321008470833], [0.12023585027111228, 0.09993594781528213, 0.01205977279363115, 0.024305745695620065, 0.7297115919926757, 0.013751091431678707], [0.10815655852274365, 0.0334515805990071, 0.029534936498333962, 0.036727433526344604, 0.7783995415358319, 0.013729949317738792], [0.9199941311325079, 0.01747129756992205, 0.011649992358245454, 0.0122418920984258, 0.025407351367874066, 0.013235335473024606]], [[0.9128845962732918, 0.019414596273291923, 0.01152871635610766, 0.012330538302277433, 0.030165238095238092, 0.013676314699792962], [0.8472490284560904, 0.040378913850104815, 0.037404766405271246, 0.01780287053787242, 0.042941980529124193, 0.014222440221536828], [0.11822650287261324, 0.08073144716391847, 0.012032300598238892, 0.024321229954932584, 0.750958570092558, 0.013729949317738792], [0.8429378768413521, 0.06197933993979462, 0.012731490272279662, 0.02165957944829186, 0.04636670968439911, 0.01432500381388253], [0.8626014827229858, 0.048243937534403106, 0.012797567656704065, 0.017978193090713895, 0.043954699104674096, 0.014424119890519137], [0.8750489613247919, 0.04371706538409577, 0.012701130392949532, 0.017142403471507934, 0.037110975431767494, 0.014279463994887335], [0.05454137049941928, 0.01744576074332172, 0.01154737901664731, 0.012147115756871855, 0.025486891211769263, 0.8788314827719705], [0.054098073394495405, 0.017470412844036696, 0.011646437308868501, 0.012238608562691131, 0.02541010703363914, 0.879136360856269], [0.8382166404259811, 0.05681687368903602, 0.012726909203082693, 0.01982781738924784, 0.05809024185123554, 0.014321517441416683], [0.11044711476104696, 0.08392647291249063, 0.012125885694566112, 0.02457333339528691, 0.7551252224898811, 0.013801970746728252], [0.11269869160232038, 0.07546492548044578, 0.012083643451212838, 0.021218222356916606, 0.7647650552430573, 0.013769461866047232], [0.5740054060309782, 0.3150540162394776, 0.012711066353457572, 0.024199958807855877, 0.059735184632581075, 0.014294367935649397], [0.8010125251632141, 0.09453017000448752, 0.01277469471594177, 0.025902225277431704, 0.051390574359549274, 0.014389810479375697], [0.827785928040634, 0.07869048575717974, 0.012786020152629897, 0.02202065391669002, 0.04431011349845843, 0.014406798634407884], [0.8293906645195124, 0.07708574927830136, 0.012786020152629897, 0.022020653916690017, 0.044310113498458426, 0.014406798634407884], [0.8032756671560233, 0.09139546428830715, 0.0127211846251676, 0.02381073939335558, 0.054487399193931974, 0.014309545343214436], [0.7234668215639085, 0.1370872991187639, 0.013449497815213237, 0.030603081152314464, 0.07990620660152414, 0.015487093748275671], [0.5627871482338735, 0.31305975487351223, 0.012752684905019565, 0.026836942894841648, 0.07020667332976047, 0.014356795762992387], [0.6224635403658966, 0.20030922072019172, 0.016213607932875667, 0.026964262568062912, 0.1189829763458488, 0.015066392067124332], [0.7489369837475559, 0.1323414406432134, 0.012654020235368293, 0.021749083817247432, 0.0701096727980994, 0.014208798758515478], [0.37586975380091925, 0.12290949070698423, 0.012175936939786986, 0.024344741391998402, 0.45085958786367497, 0.013840489296636085], [0.7899803424505382, 0.09883933551617452, 0.0127211846251676, 0.025159856659358923, 0.058989735405546376, 0.014309545343214436], [0.8241175687365767, 0.07740533084090352, 0.012786020152629897, 0.02287287141696244, 0.04841141021851945, 0.014406798634407884], [0.8538363958934998, 0.059594393150610644, 0.012741988548309708, 0.019643511520723068, 0.03984295965892919, 0.0143407512279276], [0.8583596515798795, 0.05624518911721513, 0.012701130392949532, 0.020263292980352877, 0.038151271934715805, 0.014279463994887337], [0.8716515585255521, 0.05011805666449009, 0.01228258691365, 0.01754869447154552, 0.03478635247897911, 0.01361275094578306], [0.8690438130277107, 0.05295342811007098, 0.01223174478738988, 0.018939423922071312, 0.0332951023963642, 0.013536487756392879], [0.08222332369093169, 0.2322552514339541, 0.011818042705402517, 0.0201426806401699, 0.6403655339141084, 0.01319516761543327], [0.6528746171809323, 0.2455327429417929, 0.012215986701473, 0.021323501533393123, 0.05454030101489115, 0.01351285062751756], [0.649036329