{"prediction": [[[0.9128845962732918, 0.019414596273291923, 0.01152871635610766, 0.012330538302277433, 0.030165238095238092, 0.013676314699792962], [0.9128845962732918, 0.019414596273291923, 0.01152871635610766, 0.012330538302277433, 0.030165238095238092, 0.013676314699792962], [0.9128845962732918, 0.019414596273291923, 0.01152871635610766, 0.012330538302277433, 0.030165238095238092, 0.013676314699792962], [0.9128845962732918, 0.019414596273291923, 0.01152871635610766, 0.012330538302277433, 0.030165238095238092, 0.013676314699792962], [0.9128845962732918, 0.019414596273291923, 0.01152871635610766, 0.012330538302277433, 0.030165238095238092, 0.013676314699792962], [0.9128845962732918, 0.019414596273291923, 0.01152871635610766, 0.012330538302277433, 0.030165238095238092, 0.013676314699792962], [0.9128845962732918, 0.019414596273291923, 0.01152871635610766, 0.012330538302277433, 0.030165238095238092, 0.013676314699792962], [0.9128845962732918, 0.019414596273291923, 0.01152871635610766, 0.012330538302277433, 0.030165238095238092, 0.013676314699792962], [0.9128845962732918, 0.019414596273291923, 0.01152871635610766, 0.012330538302277433, 0.030165238095238092, 0.013676314699792962], [0.9128845962732918, 0.019414596273291923, 0.01152871635610766, 0.012330538302277433, 0.030165238095238092, 0.013676314699792962], [0.9128845962732918, 0.019414596273291923, 0.01152871635610766, 0.012330538302277433, 0.030165238095238092, 0.013676314699792962], [0.9128845962732918, 0.019414596273291923, 0.01152871635610766, 0.012330538302277433, 0.030165238095238092, 0.013676314699792962], [0.9128845962732918, 0.019414596273291923, 0.01152871635610766, 0.012330538302277433, 0.030165238095238092, 0.013676314699792962], [0.9128845962732918, 0.019414596273291923, 0.01152871635610766, 0.012330538302277433, 0.030165238095238092, 0.013676314699792962], [0.9128845962732918, 0.019414596273291923, 0.01152871635610766, 0.012330538302277433, 0.030165238095238092, 0.013676314699792962], [0.9128845962732918, 0.019414596273291923, 0.01152871635610766, 0.012330538302277433, 0.030165238095238092, 0.013676314699792962], [0.9128845962732918, 0.019414596273291923, 0.01152871635610766, 0.012330538302277433, 0.030165238095238092, 0.013676314699792962], [0.9128845962732918, 0.019414596273291923, 0.01152871635610766, 0.012330538302277433, 0.030165238095238092, 0.013676314699792962], [0.9128845962732918, 0.019414596273291923, 0.01152871635610766, 0.012330538302277433, 0.030165238095238092, 0.013676314699792962], [0.9128845962732918, 0.019414596273291923, 0.01152871635610766, 0.012330538302277433, 0.030165238095238092, 0.013676314699792962], [0.9128845962732918, 0.019414596273291923, 0.01152871635610766, 0.012330538302277433, 0.030165238095238092, 0.013676314699792962], [0.9128845962732918, 0.019414596273291923, 0.01152871635610766, 0.012330538302277433, 0.030165238095238092, 0.013676314699792962], [0.9128845962732918, 0.019414596273291923, 0.01152871635610766, 0.012330538302277433, 0.030165238095238092, 0.013676314699792962], [0.9087891034482757, 0.02045344827586207, 0.011697402298850575, 0.012587701149425288, 0.032390367816091954, 0.014081977011494252], [0.9127933538461536, 0.019414461538461537, 0.011601374358974358, 0.012395794871794872, 0.030065866666666663, 0.013729148717948718], [0.9036560600375234, 0.021675046904315196, 0.012146891807379611, 0.013115697310819262, 0.03466456535334584, 0.014741738586616634], [0.9124981796478663, 0.0194140256639809, 0.011836426937232667, 0.01260690341191684, 0.02974439470804735, 0.013900069630955934], [0.912630378214826, 0.019414220877458394, 0.011731154815935452, 0.012512355017650025, 0.029888371154815935, 0.013823519919314171], [0.9127933538461536, 0.019414461538461537, 0.011601374358974358, 0.012395794871794872, 0.030065866666666663, 0.013729148717948718], [0.9128845962732918, 0.019414596273291923, 0.01152871635610766, 0.012330538302277433, 0.030165238095238092, 0.013676314699792962], [0.9128845962732918, 0.019414596273291923, 0.01152871635610766, 0.012330538302277433, 0.030165238095238092, 0.013676314699792962], [0.9128845962732918, 0.019414596273291923, 0.01152871635610766, 0.012330538302277433, 0.030165238095238092, 0.013676314699792962], [0.9128845962732918, 0.019414596273291923, 0.01152871635610766, 0.012330538302277433, 0.030165238095238092, 0.013676314699792962], [0.9128845962732918, 0.019414596273291923, 0.01152871635610766, 0.012330538302277433, 0.030165238095238092, 0.013676314699792962], [0.9128845962732918, 0.019414596273291923, 0.01152871635610766, 0.012330538302277433, 0.030165238095238092, 0.013676314699792962], [0.9128845962732918, 0.019414596273291923, 0.01152871635610766, 0.012330538302277433, 0.030165238095238092, 0.013676314699792962], [0.9128845962732918, 0.019414596273291923, 0.01152871635610766, 0.012330538302277433, 0.030165238095238092, 0.013676314699792962], [0.9128845962732918, 0.019414596273291923, 0.01152871635610766, 0.012330538302277433, 0.030165238095238092, 0.013676314699792962], [0.9128845962732918, 0.019414596273291923, 0.01152871635610766, 0.012330538302277433, 0.030165238095238092, 0.013676314699792962], [0.9128845962732918, 0.019414596273291923, 0.01152871635610766, 0.012330538302277433, 0.030165238095238092, 0.013676314699792962]], [[0.9128845962732918, 0.019414596273291923, 0.01152871635610766, 0.012330538302277433, 0.030165238095238092, 0.013676314699792962], [0.06634915182219317, 0.062107753137649185, 0.021233617930371308, 0.014703072397450563, 0.8219503541594133, 0.013656050552922593], [0.6121921229071943, 0.043759103454550724, 0.24987301431974346, 0.01672735566373055, 0.06322596343324442, 0.01422244022153683], [0.6006612082645725, 0.04720616667825416, 0.05273583329245719, 0.018229110420031835, 0.2669941575128994, 0.014173523831784801], [0.1295590425249422, 0.1410873878077463, 0.012348288380562195, 0.01523835780129737, 0.687622237016805, 0.014144686468646864], [0.12409122074276394, 0.36580322939190474, 0.012348288380562195, 0.01523835780129737, 0.4683742172148249, 0.014144686468646864], [0.8007249143934468, 0.058679439989647864, 0.03373901217178282, 0.02026612368732142, 0.07250316855793185, 0.01408734119986919], [0.813969463346194, 0.055807151841126675, 0.036240223699648064, 0.019689990746426106, 0.0602067707699683, 0.014086399596636733], [0.1153874939437844, 0.06347205208152226, 0.02253433934125374, 0.02066059692842654, 0.7642489216265816, 0.013696596078431373], [0.8472490284560904, 0.040378913850104815, 0.037404766405271246, 0.01780287053787242, 0.042941980529124193, 0.014222440221536828], [0.8789700124045187, 0.038529153462248715, 0.019621978111882737, 0.016428579005109092, 0.0321134901722685, 0.014336786843972197], [0.8436622055817536, 0.04390582530299378, 0.04276067258246883, 0.017970701870801756, 0.03740622672633228, 0.014294367935649397], [0.8188058380529152, 0.04714253700622154, 0.05188716755852257, 0.0182317898012217, 0.04974718384963576, 0.014185483731483236], [0.08314952929700876, 0.07721181707311939, 0.014993654339724303, 0.020648552073132792, 0.790245355785336, 0.013751091431678707], [0.6080133899373987, 0.044837929612618635, 0.2701208756944172, 0.022589751945674585, 0.04032144378675651, 0.014116609023134271], [0.0661718179154049, 0.042520853548674194, 0.016225090901197184, 0.014720813389339324, 0.8466836779438419, 0.013677746301542336], [0.8484456210489807, 0.0488851118852816, 0.027973332683958727, 0.01723627260272083, 0.04218338631300077, 0.015276275466057292], [0.8798881916535837, 0.03417357323017326, 0.020819032127735643, 0.01576411698489181, 0.03511097605528016, 0.014244109948335568], [0.06634915182219316, 0.04260851555265022, 0.016213053331154328, 0.014703072397450563, 0.8464701563436291, 0.01365605055292259], [0.876001271287059, 0.039385494262603814, 0.01957161520243312, 0.015804885467212242, 0.034934811792875414, 0.014301921987816473], [0.8772202398394389, 0.042775556944350146, 0.017482559054421552, 0.015937412698213534, 0.032202793137158604, 0.014381438326417249], [0.8737607405359162, 0.04044530478861242, 0.020442658545113065, 0.01627742031175391, 0.03481266832130981, 0.014261207497294606], [0.41457216015169546, 0.041182406354113306, 0.02332182952844907, 0.015166045207061541, 0.491704188490906, 0.0140533702677747], [0.8560429421622935, 0.04490072114944405, 0.02413689545883601, 0.017156274927079822, 0.04357768257086338, 0.014185483731483236], [0.8012790589238301, 0.044615965963248856, 0.024752729081129556, 0.037039394409983245, 0.07809726165875824, 0.014215589963049917], [0.9200920913073553, 0.017460179847821077, 0.01160531857658904, 0.012200630235954192, 0.025441979863192687, 0.013199800169087695], [0.9148092225201072, 0.0187573726541555, 0.011949722966934764, 0.012641912421805183, 0.02803808757819482, 0.013803681858802503], [0.9201553806989123, 0.017452996991437167, 0.011576456067268379, 0.012173972074365502, 0.02546435238756461, 0.013176841780452057], [0.8801326419151658, 0.03917544817720507, 0.015260430802015862, 0.0160596580660867, 0.03530670991975198, 0.014065111119774511], [0.08507463340100285, 0.03825278546322407, 0.023060828809971748, 0.0360297140749416, 0.8037288269617675, 0.013853211289092296], [0.08486511751642975, 0.04401447228898412, 0.025941672222851778, 0.25343691905902016, 0.5778886076236219, 0.013853211289092296], [0.8181842208551502, 0.0550025100415185, 0.03685839550002266, 0.01821028231911881, 0.05765511006615613, 0.014089481218033498], [0.8077996605171041, 0.059240646715862565, 0.039160535893046654, 0.019847971028896363, 0.05883739953098552, 0.015113786314104672], [0.08355696294709786, 0.052443458270864565, 0.017850647533376167, 0.015871728421503535, 0.8157776583137001, 0.014499544513457557], [0.8666614351989484, 0.03932866482295871, 0.016977454344809385, 0.01689231052878149, 0.04518518686433634, 0.01495494824016563], [0.08355696294709787, 0.05902320442263342, 0.024430393685145005, 0.015871728421503535, 0.8026181660101627, 0.014499544513457557], [0.9128845962732918, 0.019414596273291923, 0.01152871635610766, 0.012330538302277433, 0.030165238095238092, 0.013676314699792962], [0.8488389675927237, 0.054752467271535564, 0.018688994978089145, 0.017994686413766073, 0.04456905812023385, 0.01515582562365171], [0.8705260484891721, 0.038516072293391775, 0.01725898246528926, 0.0171482451837632, 0.041442142535228876, 0.015108509033154655], [0.9128845962732918, 0.019414596273291923, 0.01152871635610766, 0.012330538302277433, 0.030165238095238092, 0.013676314699792962]], [[0.9128845962732918, 0.019414596273291923, 0.01152871635610766, 0.012330538302277433, 0.030165238095238092, 0.013676314699792962], [0.8292285056016399, 0.04375910345455072, 0.0431336906981005, 0.016727355663730546, 0.05292890436044162, 0.014222440221536828], [0.816637322788423, 0.07319702604708775, 0.020874281251726988, 0.020204196100054785, 0.0547776284694928, 0.014309545343214436], [0.78018651749293, 0.09717208428146161, 0.017965478084399, 0.021178658231162956, 0.06927482168850962, 0.01422244022153683], [0.3550963132287804, 0.14725739269013222, 0.012192467976538047, 0.024333426194305043, 0.44726718862115195, 0.013853211289092296], [0.15405043615189312, 0.352303435202607, 0.012192467976538047, 0.024333426194305043, 0.4432670231855645, 0.013853211289092296], [0.37671444147823485, 0.16718347072938686, 0.016213607932875667, 0.044920684814605545, 0.3799014029777727, 0.015066392067124332], [0.127138495984366, 0.11271436652380669, 0.012016756928614925, 0.021523678623922543, 0.7128887147537919, 0.013717987185497734], [0.7903581951611903, 0.09512352586350349, 0.012663114544049194, 0.022416289243093336, 0.06521643496662703, 0.01422244022153683], [0.8244424382842628, 0.07214739647153946, 0.012774694715941773, 0.02515653496469334, 0.05108912508418696, 0.014389810479375697], [0.8277333137298512, 0.07874310006796263, 0.012786020152629897, 0.02202065391669002, 0.04431011349845843, 0.014406798634407884], [0.8101156648288852, 0.08542703033881635, 0.012774694715941773, 0.02590222527743171, 0.05139057435954928, 0.014389810479375697], [0.7790022416072567, 0.10791832573500183, 0.012663114544049192, 0.023172056451949783, 0.06302182144020571, 0.014222440221536828], [0.11269869160232038, 0.07546492548044578, 0.012083643451212838, 0.021218222356916606, 0.7647650552430573, 0.013769461866047232], [0.7831618985315072, 0.10589949221505206, 0.02087428125172698, 0.02381073939335558, 0.05194404326514363, 0.014309545343214436], [0.6040528570647293, 0.2947957765106342, 0.01775293388996193, 0.022405269761030227, 0.04666815895976142, 0.01432500381388253], [0.8053102757697286, 0.09362485850784012, 0.013440727837462526, 0.021661245381907144, 0.05044500707887434, 0.015517885424187207], [0.8496812005775654, 0.059447528969977584, 0.012741988548309708, 0.01964351152072307, 0.04414501915549671, 0.0143407512279276], [0.8351595139464666, 0.07288352536191733, 0.012731490272279662, 0.019544416780467803, 0.04535604982498598, 0.01432500381388253], [0.853892614353083, 0.05244222745895814, 0.012797567656704065, 0.026502360666469257, 0.03994110997426644, 0.014424119890519135], [0.8534096855699969, 0.05539738047762836, 0.012797567656704065, 0.026502360666469257, 0.0374688857386824, 0.014424119890519137], [0.7995413341758612, 0.10825309036655864, 0.012681786045057767, 0.01839061373027134, 0.046882728209201356, 0.014250447473049689], [0.09483721968635601, 0.28115681831192113, 0.012175936939786988, 0.016455463912866633, 0.5815340718524331, 0.013840489296636085], [0.5572452599442309, 0.1051026278185354, 0.016776685582787453, 0.027424890283012954, 0.27915616843578384, 0.014294367935649399], [0.5612349314395484, 0.305496149935145, 0.020069016351484698, 0.02601609859337669, 0.07282700791745271, 0.014356795762992387], [0.8085182871246717, 0.05028334378975753, 0.030034619722993906, 0.04167886154735303, 0.05454597946709309, 0.014938908348130869], [0.9176077626699628, 0.01806378244746601, 0.011786271116604862, 0.012424557066337043, 0.026621771734651835, 0.013495854964977337], [0.8632211636475248, 0.04901558327891689, 0.023346250550416725, 0.01672735566373055, 0.033467206637874336, 0.01422244022153683], [0.10502084729274007, 0.06603605122395997, 0.012110734796915358, 0.024048292619910455, 0.7789937631816479, 0.013790310884826042], [0.10872256007012471, 0.0804192623958432, 0.012192467976538047, 0.02884618423867228, 0.7559663140297295, 0.013853211289092296], [0.10591411603513604, 0.07460868853034942, 0.012192467976538047, 0.03174070178113195, 0.7616908143877522, 0.013853211289092296], [0.7920989339917504, 0.09574071819723733, 0.012674127925588956, 0.025007226805933366, 0.060212820074706776, 0.014266173004783219], [0.7725142794509431, 0.10422075972765771, 0.013255297124037644, 0.02947977744998797, 0.06515823053676739, 0.015371655710606235], [0.7975850142514317, 0.09003825274612363, 0.012941843330315957, 0.026571303936075034, 0.05780337082343714, 0.015060214912616544], [0.09679612454164699, 0.04879719224955129, 0.01224567858927679, 0.01856642502924362, 0.8090950350768237, 0.014499544513457557], [0.7881555695371585, 0.05785086478288656, 0.05275888459428571, 0.026323588257264184, 0.059999933408115144, 0.014911159420289855], [0.9128845962732918, 0.019414596273291923, 0.01152871635610766, 0.012330538302277433, 0.030165238095238092, 0.013676314699792962], [0.8169636267108786, 0.05695604976803375, 0.0330095828698152, 0.019859796351087727, 0.0582103033784095, 0.015000640921775138], [0.08355696294709786, 0.052443458270864565, 0.017850647533376167, 0.015871728421503535, 0.8157776583137001, 0.014499544513457557], [0.9128845962732918, 0.019414596273291923, 0.01152871635610766, 0.012330538302277433, 0.030165238095238092, 0.013676314699792962]], [[0.9128845962732918, 0.019414596273291923, 0.01152871635610766, 0.012330538302277433, 0.030165238095238092, 0.013676314699792962], [0.8138409962809662, 0.050522726610667444, 0.04169237110447185, 0.017156274927079822, 0.06260214734533151, 0.014185483731483236], [0.11372930516801427, 0.3403349559335211, 0.012110734796915358, 0.017384787320030598, 0.5026499058966926, 0.013790310884826044], [0.1118238167529396, 0.3383525397338766, 0.012192467976538047, 0.017719117060436558, 0.506058847187117, 0.013853211289092296], [0.5795403514398334, 0.20351477746450639, 0.016177474350073287, 0.046579846264920906, 0.13917030138709213, 0.01501724909357402], [0.5547705498474472, 0.31837391789250286, 0.012654020235368293, 0.02099331660839098, 0.07899939665777525, 0.014208798758515478], [0.5576945333292415, 0.11277464133389364, 0.012701130392949532, 0.024442857370386515, 0.27810737357864157, 0.014279463994887337], [0.7702314353840621, 0.10583288322842822, 0.012711066353457574, 0.023941091364730348, 0.07298915573367208, 0.014294367935649399], [0.8226765273992088, 0.07214739647153946, 0.012774694715941773, 0.02515653496469334, 0.05285503596924087, 0.014389810479375697], [0.840609905244275, 0.06691364814163932, 0.012786020152629897, 0.021274963603951647, 0.04400866422309611, 0.014406798634407884], [0.8044185214894247, 0.0911241736782769, 0.01277469471594177, 0.025902225277431704, 0.051390574359549274, 0.014389810479375697], [0.7812085942023607, 0.10785082806809523, 0.012711066353457572, 0.024199958807855877, 0.059735184632581075, 0.014294367935649397], [0.14140712494403826, 0.07995934161794674, 0.01198896118999324, 0.021531673649330257, 0.7314163025202601, 0.013696596078431374], [0.5646427552356045, 0.32400223163366487, 0.012663114544049192, 0.021267085457159746, 0.06320237290798501, 0.01422244022153683], [0.7529019919029167, 0.1306262458136251, 0.014800955721299153, 0.024696858573586798, 0.06267958005292282, 0.014294367935649399], [0.5876156473340112, 0.3079270478336903, 0.01277469471594177, 0.025902225277431704, 0.051390574359549274, 0.014389810479375697], [0.7738825566958591, 0.11501415685348775, 0.013365162675769513, 0.025700854641290377, 0.056640109324236194, 0.015397159809357065], [0.0966226566595643, 0.04937887544138324, 0.01198896118999324, 0.022216621810005912, 0.806096288820622, 0.013696596078431374], [0.8117997067297358, 0.0874205396901792, 0.012672368402005196, 0.019942502306575155, 0.05392856186303371, 0.014236321008470833], [0.8325081339656604, 0.0747103008331472, 0.012786020152629897, 0.019159800936127586, 0.04642894547802697, 0.014406798634407884], [0.81970917752959, 0.0850499649670419, 0.012731490272279662, 0.018564578525547975, 0.04961978489165773, 0.01432500381388253], [0.08427115895221297, 0.05770339370599688, 0.012110734796915358, 0.01642888744737295, 0.8156955142126757, 0.013790310884826044], [0.09669870307105338, 0.08875652142790852, 0.01215266568280517, 0.02642625595360889, 0.7621432737142944, 0.013822580150329805], [0.7431640632178642, 0.10767101131140071, 0.02085422701950892, 0.0339114226595859, 0.08011981179675305, 0.014279463994887337], [0.26700259683320243, 0.040191998578051634, 0.47978926705474, 0.02501189361061326, 0.17206855134072943, 0.015935692582663093], [0.915048249452954, 0.01874436542669584, 0.011798924142961343, 0.012505123997082422, 0.028212928519328953, 0.01369040846097739], [0.8074902393765467, 0.0578862505823878, 0.026693754950556217, 0.04167886154735303, 0.05131198519502545, 0.014938908348130869], [0.583376881067398, 0.31230491478724365, 0.012721184625167598, 0.019085013704707145, 0.05820246047226896, 0.014309545343214436], [0.7806380223765238, 0.11504377347811785, 0.012721184625167598, 0.019085013704707145, 0.05820246047226896, 0.014309545343214436], [0.5582219626097912, 0.3221586992955217, 0.012636294040481794, 0.023571528817036738, 0.06922930577098284, 0.01418220946618573], [0.11036976129277001, 0.09800042250194912, 0.012160994037570963, 0.025640224758367844, 0.7399996079050135, 0.013828989504328506], [0.792175179502279, 0.09147204280522109, 0.01270113039294953, 0.02614553795615574, 0.06322664534850718, 0.014279463994887335], [0.7442618585012151, 0.11701210782203328, 0.013240739567651002, 0.03201356037362691, 0.07812191435944756, 0.015349819376026273], [0.7685222873822295, 0.10681570880461633, 0.013067310231355236, 0.02978815135837759, 0.06655812695924573, 0.01524841526417546], [0.7970612130800102, 0.09038925027529694, 0.012909753110839266, 0.026606937744453052, 0.05799419502628652, 0.015038650763114017], [0.7858732859851653, 0.060413327590953136, 0.046600605909203764, 0.02678228827200281, 0.06528699543548791, 0.015043496807187157], [0.9128845962732918, 0.019414596273291923, 0.01152871635610766, 0.012330538302277433, 0.030165238095238092, 0.013676314699792962], [0.9128845962732918, 0.019414596273291923, 0.01152871635610766, 0.012330538302277433, 0.030165238095238092, 0.013676314699792962], [0.8169636267108786, 0.05695604976803375, 0.0330095828698152, 0.019859796351087727, 0.0582103033784095, 0.015000640921775138], [0.9128845962732918, 0.019414596273291923, 0.01152871635610766, 0.012330538302277433, 0.030165238095238092, 0.013676314699792962]], [[0.9128845962732918, 0.019414596273291923, 0.01152871635610766, 0.012330538302277433, 0.030165238095238092, 0.013676314699792962], [0.8344271836326279, 0.043893622203494395, 0.0376586879342991, 0.016712596468132185, 0.05311406167858488, 0.01419384808286147], [0.8375255296334817, 0.07717426108674706, 0.012640440955405377, 0.017181169706389877, 0.04128678354807535, 0.014191815069900712], [0.10620723907686536, 0.1318974255373291, 0.012192467976538047, 0.017719117060436558, 0.7181305390597387, 0.013853211289092296], [0.10682396647114571, 0.12834420901950053, 0.012192467976538047, 0.01751171539736205, 0.7212744298463614, 0.013853211289092296], [0.13268572139767434, 0.34924386138868363, 0.012192467976538047, 0.02260800126252663, 0.469416736685485, 0.013853211289092296], [0.13136897460664773, 0.34317078970214937, 0.012087040877053926, 0.01901354610107925, 0.4805875722483999, 0.013772076464669918], [0.8190525194413033, 0.07557247449224191, 0.012721184625167598, 0.02306504908061721, 0.05527922701745528, 0.014309545343214436], [0.840185616204782, 0.0673379371811323, 0.012786020152629897, 0.02127496360395165, 0.044008664223096114, 0.014406798634407884], [0.816268353509031, 0.08199327345218822, 0.012721184625167598, 0.02306504908061721, 0.05164259398978132, 0.014309545343214436], [0.5837904101856262, 0.3035652018502058, 0.012763585001857229, 0.026313738246633765, 0.059193918807428234, 0.014373145908248883], [0.7805320599690081, 0.10636029795122297, 0.012752684905019565, 0.026836942894841648, 0.059161218516915234, 0.014356795762992387], [0.6263847676546443, 0.19106986089767003, 0.016213607932875667, 0.026964262568062912, 0.12430110887962276, 0.015066392067124332], [0.7645344727376541, 0.1206514400646296, 0.012701130392949532, 0.02519862457924297, 0.06263486823063664, 0.014279463994887338], [0.14282438250299204, 0.10267731938341619, 0.011936276079969494, 0.019681452413632925, 0.7092245190670666, 0.01365605055292259], [0.7542089549020421, 0.13140917218234122, 0.012711066353457574, 0.024696858573586798, 0.06267958005292282, 0.014294367935649399], [0.7564442851760902, 0.12174331069608989, 0.013408016347563024, 0.030182083176133495, 0.06275052922550595, 0.015471775378617483], [0.8052512961692438, 0.08979598813533336, 0.012672368402005196, 0.02280335528713759, 0.05524067099780915, 0.014236321008470833], [0.12994911928188035, 0.07862873450879293, 0.01198896118999324, 0.01975753083712516, 0.745979058103777, 0.013696596078431374], [0.8080120155054646, 0.08647665991436465, 0.0127211846251676, 0.020949886412793155, 0.05753070819899537, 0.014309545343214436], [0.619868790975356, 0.07546861724764187, 0.012731490272279662, 0.02039663428074022, 0.25720946341009965, 0.01432500381388253], [0.7820557621654414, 0.11699587637176855, 0.012681786045057767, 0.020933969659059675, 0.05308215828562293, 0.014250447473049689], [0.5776156779234486, 0.30709060375684616, 0.0127211846251676, 0.02758717257215898, 0.06067581577916405, 0.014309545343214436], [0.481305069585955, 0.04962591065503872, 0.02897113005754834, 0.3694704653777884, 0.055765109200875435, 0.014862315122794137], [0.9177684078980255, 0.018049087728067983, 0.011702541031408815, 0.012347846371740398, 0.026701191368824463, 0.01343092560193285], [0.8090218562758719, 0.04852636953095641, 0.029076270127284205, 0.04440173603504217, 0.054034859682714584, 0.014938908348130869], [0.5503584039481342, 0.3606196034498586, 0.012721184625167598, 0.019085013704707145, 0.04290624892891783, 0.014309545343214436], [0.09902299161082098, 0.055795818744052414, 0.012314094843568204, 0.017502842786456765, 0.8010319568723503, 0.014332295142751205], [0.8216159658909332, 0.07716644640939893, 0.012663114544049192, 0.02369222108309004, 0.050639811850991756, 0.01422244022153683], [0.12194339528980878, 0.11694934697496469, 0.012071727561068233, 0.01792201541034418, 0.717353223155314, 0.013760291608500078], [0.78120698962626, 0.10390054592280795, 0.012654020235368293, 0.023192896959891126, 0.0648367484971571, 0.014208798758515478], [0.42161164955916663, 0.16637958002840267, 0.016213607932875667, 0.026964262568062912, 0.3537645078443678, 0.015066392067124332], [0.7347698851754259, 0.11898520582212224, 0.01320043150705676, 0.03275520269759537, 0.08497804399855939, 0.015311230799240207], [0.7409863928084509, 0.12454114996452206, 0.012981384414279852, 0.029544934393877134, 0.07682661188030766, 0.015119526538562383], [0.15187661338411185, 0.12623025358364484, 0.01224567858927679, 0.025189690518736978, 0.669958219410772, 0.014499544513457557], [0.7642815990993213, 0.08469495508793713, 0.03433014828683389, 0.02266558220440104, 0.07912509562957434, 0.014902619691932338], [0.9128845962732918, 0.019414596273291923, 0.01152871635610766, 0.012330538302277433, 0.030165238095238092, 0.013676314699792962], [0.7802607467782705, 0.08434281340729362, 0.03516691424245761, 0.022931755555804154, 0.06230642587377412, 0.014991344142400043], [0.7768371092203261, 0.06947154366091797, 0.04529253884801157, 0.02044190106563317, 0.07300642151983727, 0.014950485685273834], [0.9128845962732918, 0.019414596273291923, 0.01152871635610766, 0.012330538302277433, 0.030165238095238092, 0.013676314699792962]], [[0.9127933538461536, 0.019414461538461537, 0.011601374358974358, 0.012395794871794872, 0.030065866666666663, 0.013729148717948718], [0.08319834402097195, 0.03470805511863951, 0.022339318142098538, 0.014763500705787457, 0.8312608326947638, 0.013729949317738792], [0.08350965354111178, 0.04448757786660675, 0.012137626252587333, 0.017875853430493933, 0.8281782828374147, 0.013811006071785412], [0.8372847593448435, 0.07738671527598814, 0.012615583923754375, 0.01717301036722698, 0.04136726815776719, 0.014172662930419768], [0.11458135338306037, 0.12030857644109189, 0.012192467976538047, 0.017719117060436558, 0.7213452738497809, 0.013853211289092296], [0.8183318906711428, 0.07623556181273483, 0.012571641372254288, 0.020953930334276505, 0.05776817025551878, 0.01413880555407273], [0.8234483769223496, 0.0741409058229023, 0.012672368402005196, 0.01919681199383679, 0.056305215850435256, 0.014236321008470833], [0.8401742698147495, 0.06734928357116476, 0.012786020152629897, 0.021274963603951647, 0.04400866422309611, 0.014406798634407884], [0.8514068112076704, 0.062023977836439974, 0.012741988548309708, 0.019643511520723068, 0.03984295965892919, 0.0143407512279276], [0.10266279600424291, 0.06718714162245362, 0.012032300598238892, 0.02401605923202336, 0.7803717532253025, 0.013729949317738792], [0.7997967629395869, 0.09741772443353179, 0.0127211846251676, 0.02381073939335558, 0.05194404326514364, 0.014309545343214436], [0.767269742540876, 0.11192092641604702, 0.012763585001857229, 0.028282735832352447, 0.06538986430061842, 0.014373145908248883], [0.7703846239023506, 0.1083427909389716, 0.012752684905019565, 0.02880594048056033, 0.06535716401010541, 0.014356795762992387], [0.7677046352542264, 0.11748127754805726, 0.012701130392949532, 0.02519862457924297, 0.06263486823063664, 0.014279463994887338], [0.6248561163525178, 0.19259851219979665, 0.016213607932875667, 0.026964262568062912, 0.12430110887962276, 0.015066392067124332], [0.5764713500755781, 0.31042100784465293, 0.012752684905019565, 0.026836942894841648, 0.059161218516915234, 0.014356795762992387], [0.7140791148275147, 0.15224688383495089, 0.01341422477366271, 0.02850872390967559, 0.07634287170930049, 0.015408180944895641], [0.7696766459289227, 0.10951402302800035, 0.012763585001857229, 0.028282735832352447, 0.06538986430061842, 0.014373145908248883], [0.7848274082197355, 0.10379979976862064, 0.012701130392949532, 0.02470172481351205, 0.0596904728102949, 0.014279463994887335], [0.7870345855199707, 0.09561000947552846, 0.012663114544049192, 0.02638275236359778, 0.06408709787531697, 0.014222440221536828], [0.3240890154203403, 0.0952496077351573, 0.012192467976538047, 0.02460644228725985, 0.5300092552916121, 0.013853211289092296], [0.11274324182607533, 0.27122929681857777, 0.012192467976538047, 0.023216150287976925, 0.5667656318017394, 0.013853211289092294], [0.8035386790811017, 0.08703318759034527, 0.013141931639920225, 0.031075072379616438, 0.05023138253764208, 0.014979746771374569], [0.1127213311080793, 0.03463962780514505, 0.024544403393541324, 0.015578008171993736, 0.7981618860734738, 0.014354743447766704], [0.9177352618453863, 0.018052119700748128, 0.011719817123857024, 0.012363674147963424, 0.026684804655029093, 0.013444322527015794], [0.8227810931847401, 0.04266207739818659, 0.023670907140271105, 0.0396107364136497, 0.05676604825102795, 0.014509137612124693], [0.7925702907599063, 0.0837695604214669, 0.01323776580646544, 0.02815119210198061, 0.06714769288898835, 0.01512349802119239], [0.8168343829946934, 0.08921765892997056, 0.012925274065335703, 0.021342190914064536, 0.04504681707648181, 0.014633676019453796], [0.07100690095846644, 0.01998562300319489, 0.011872992545260915, 0.01269787007454739, 0.031045388711395103, 0.8533912247071354], [0.6897847421774239, 0.14119374182498495, 0.017279749776586237, 0.025618082853634455, 0.11018799078470728, 0.015935692582663093], [0.787594986508893, 0.09816620610017653, 0.012701130392949532, 0.026642437721886666, 0.06061577528120693, 0.014279463994887337], [0.11138057005991028, 0.11582639767968025, 0.011964467671735427, 0.02314546837862161, 0.72400534990851, 0.013677746301542336], [0.7228020315288215, 0.13544501593786631, 0.013098228144602427, 0.030019071503285956, 0.08343820510666532, 0.015197447778758456], [0.7461223508750053, 0.11790080266716906, 0.01303584344989613, 0.03251198051096289, 0.0752012362252672, 0.015227786271699316], [0.7445719152571885, 0.1250635904612402, 0.012949490672239005, 0.029595344005772177, 0.07272140249834647, 0.015098257105213626], [0.7445856486545308, 0.12210884116002112, 0.013005972992215994, 0.033174108123824285, 0.0719424484842285, 0.015182980585179109], [0.4612349942521011, 0.24857674032938573, 0.030784864574953066, 0.03303085838634842, 0.20804236278437724, 0.01833017967283454], [0.7424548459575104, 0.12659408323521124, 0.012936006154406661, 0.030276312156305545, 0.0726607221681009, 0.01507803032846511], [0.18256139950432945, 0.07018809003661433, 0.022254551703739966, 0.015871728421503535, 0.6946246858203551, 0.014499544513457557], [0.9128845962732918, 0.019414596273291923, 0.01152871635610766, 0.012330538302277433, 0.030165238095238092, 0.013676314699792962]], [[0.9036635294117646, 0.021700948766603414, 0.012064313725490196, 0.013044149272612271, 0.034838355471220744, 0.014688703352308666], [0.9152017728531855, 0.01873601108033241, 0.01170206832871653, 0.012417266851338874, 0.02832522622345337, 0.013617654662973223], [0.8538934552781046, 0.0355096629815206, 0.026131165044512447, 0.025073103687007423, 0.045246005404545, 0.014146607604310083], [0.8193876850273726, 0.0756311500409458, 0.012610219380314713, 0.017272366089107226, 0.06090995987634331, 0.01418861958591629], [0.3274596334599832, 0.04106298059667585, 0.012192467976538047, 0.017887363004130935, 0.5875443436735795, 0.013853211289092294], [0.10730742547818425, 0.06534039988206856, 0.012192467976538047, 0.023176780417943445, 0.7781297149561734, 0.013853211289092296], [0.31772193258753456, 0.05614842491057578, 0.012192467976538047, 0.024641311310391954, 0.5754426519258672, 0.013853211289092294], [0.8513819426125099, 0.056614528175485894, 0.012741988548309708, 0.026911093766852225, 0.038009695668914635, 0.0143407512279276], [0.6498993285854813, 0.26353146045862924, 0.012741988548309708, 0.019643511520723068, 0.03984295965892919, 0.0143407512279276], [0.10266279600424291, 0.06718714162245362, 0.012032300598238892, 0.02401605923202336, 0.7803717532253025, 0.013729949317738792], [0.792316929184815, 0.1048975581883037, 0.012721184625167598, 0.02381073939335558, 0.05194404326514363, 0.014309545343214436], [0.8010125251632141, 0.09453017000448752, 0.01277469471594177, 0.025902225277431704, 0.051390574359549274, 0.014389810479375697], [0.7696591388419017, 0.11595898824248158, 0.012711066353457574, 0.024696858573586798, 0.06267958005292282, 0.014294367935649399], [0.14268201889443016, 0.08605696035856641, 0.012032300598238892, 0.01901065334674815, 0.7264881174842777, 0.013729949317738792], [0.7809088656550326, 0.10771834233332359, 0.012701130392949532, 0.02470172481351205, 0.0596904728102949, 0.014279463994887335], [0.763656447729958, 0.12196167935442535, 0.012711066353457574, 0.024696858573586798, 0.06267958005292282, 0.014294367935649399], [0.18570143812847478, 0.11052375948225819, 0.01224567858927679, 0.021510417098555383, 0.6555191621879772, 0.014499544513457557], [0.782659077964093, 0.10596813002426324, 0.012701130392949532, 0.02470172481351205, 0.0596904728102949, 0.014279463994887335], [0.6418267737541403, 0.15845515888632103, 0.016213607932875664, 0.029406933695509507, 0.139031133664029, 0.015066392067124332], [0.1327125223566644, 0.08921053984703718, 0.012160994037570963, 0.01739868214430067, 0.7346882721100982, 0.013828989504328506], [0.11542049031550965, 0.10892980360880779, 0.012192467976538047, 0.017511715397362047, 0.7320923114126902, 0.013853211289092296], [0.12220807849944995, 0.06000837581209396, 0.012192467976538047, 0.01646220198171591, 0.7752756644411098, 0.013853211289092296], [0.8224988029457532, 0.07858523310114822, 0.0127211846251676, 0.028978985055798788, 0.042906248928917846, 0.014309545343214438], [0.5277630710048722, 0.038112741609573245, 0.022302583426278902, 0.34352384700591837, 0.05388454533890981, 0.014413211614447561], [0.9177684078980255, 0.018049087728067983, 0.011702541031408815, 0.012347846371740398, 0.026701191368824463, 0.01343092560193285], [0.28160789263296465, 0.031194101876675602, 0.15597637176050047, 0.022940956906562206, 0.492344984240634, 0.015935692582663093], [0.7297535305636179, 0.15304935365294312, 0.012701130392949532, 0.025758326033026524, 0.06445819536257573, 0.014279463994887337], [0.7391011680991135, 0.1496561118121578, 0.012711066353457572, 0.025256560027370343, 0.058980725772251094, 0.014294367935649397], [0.8234719164717329, 0.0825801254529309, 0.012925274065335703, 0.021342190914064533, 0.0450468170764818, 0.014633676019453794], [0.08302996265580288, 0.37021855031227935, 0.012016756928614925, 0.01475371906170684, 0.5062630238560982, 0.013717987185497734], [0.7956277645941565, 0.09825858199740668, 0.012663114544049192, 0.022710898599803436, 0.056517200043047465, 0.01422244022153683], [0.791551010209007, 0.09885861271124442, 0.012611853944545762, 0.02273609104937538, 0.06005938763848683, 0.014183044447340545], [0.7794651097290324, 0.10220052384880426, 0.013173143697558658, 0.02581571870879735, 0.06402770644823778, 0.015317797567569673], [0.793499131169152, 0.09308443345117848, 0.013008965540748492, 0.025065748513298965, 0.06018082309735673, 0.015160898228265347], [0.7678540751456195, 0.10725007257507406, 0.01303584344989613, 0.029839769501773257, 0.06679245305593765, 0.015227786271699316], [0.7468249372986187, 0.12049825452996304, 0.013020765980781395, 0.032464044672685016, 0.07198682744992471, 0.01520517006802721], [0.7445856486545308, 0.12210884116002112, 0.013005972992215994, 0.033174108123824285, 0.0719424484842285, 0.015182980585179109], [0.7468249372986187, 0.12049825452996304, 0.013020765980781395, 0.032464044672685016, 0.07198682744992471, 0.01520517006802721], [0.7768371092203261, 0.06947154366091797, 0.04529253884801157, 0.02044190106563317, 0.07300642151983727, 0.014950485685273834], [0.9128845962732918, 0.019414596273291923, 0.01152871635610766, 0.012330538302277433, 0.030165238095238092, 0.013676314699792962]], [[0.9127453766074708, 0.019414390691977954, 0.011639579506021637, 0.012430108185343947, 0.03001361502347418, 0.01375692998571137], [0.8388136822219614, 0.03926769119607337, 0.029262943715034823, 0.027928030717509947, 0.04981158420586667, 0.014916067943553796], [0.920319719626168, 0.01743434579439252, 0.011501510903426791, 0.0121047507788162, 0.025522445482866044, 0.013117227414330218], [0.10245665450085208, 0.06761927829482146, 0.08746075607534896, 0.015197791931327514, 0.7131720592293087, 0.014093459968341248], [0.12594416513926004, 0.041062980596675853, 0.012192467976538047, 0.017887363004130935, 0.7890598119943029, 0.013853211289092296], [0.10597576477169375, 0.046392821771440614, 0.012568655511386398, 0.019240690704571635, 0.8013077151408183, 0.014514352100089365], [0.12316373205936257, 0.07579080906583233, 0.012192467976538047, 0.026031603309674876, 0.7489681762994999, 0.013853211289092296], [0.8419603520542509, 0.06712982684223372, 0.012731490272279662, 0.018798726467729433, 0.04505460054962366, 0.01432500381388253], [0.8345933894305285, 0.07710312607072377, 0.012786020152629897, 0.01841411062338922, 0.04269655508832066, 0.014406798634407884], [0.8031725552204604, 0.0950890717407589, 0.0127211846251676, 0.02306504908061721, 0.05164259398978133, 0.014309545343214436], [0.5703532813150182, 0.3170023307208138, 0.012763585001857229, 0.026313738246633765, 0.059193918807428234, 0.014373145908248883], [0.596710271740416, 0.29883242342728544, 0.01277469471594177, 0.025902225277431704, 0.051390574359549274, 0.014389810479375697], [0.7997967629395869, 0.09741772443353179, 0.0127211846251676, 0.02381073939335558, 0.05194404326514364, 0.014309545343214436], [0.11335341926268754, 0.07585836355399277, 0.012032300598238892, 0.021230981812052862, 0.7637949854552892, 0.013729949317738792], [0.7826243863457016, 0.1064350359247544, 0.012711066353457574, 0.02419995880785588, 0.059735184632581095, 0.014294367935649399], [0.7987404135041858, 0.09847407386893287, 0.0127211846251676, 0.02381073939335558, 0.05194404326514364, 0.014309545343214436], [0.14676362339999663, 0.09698369695444692, 0.01224567858927679, 0.024458213430598133, 0.705049243112224, 0.014499544513457557], [0.761973065372107, 0.12156591727691732, 0.012711066353457574, 0.0267760030089459, 0.06267958005292282, 0.014294367935649399], [0.7732455324265898, 0.10735676678401065, 0.012752684905019565, 0.03312700160447231, 0.059161218516915234, 0.014356795762992387], [0.5761152959095625, 0.10435279548073838, 0.012663114544049192, 0.2333280483352743, 0.059318305508838834, 0.014222440221536828], [0.11090257943765756, 0.28763706078846135, 0.012192467976538047, 0.024399040624185343, 0.5510156398840653, 0.013853211289092296], [0.1087225600701247, 0.0896931464656402, 0.012192467976538047, 0.02439904062418534, 0.7511395735744193, 0.013853211289092294], [0.8015405657680802, 0.10047135406819255, 0.012636294040481793, 0.02594123439324287, 0.04522834226381676, 0.014182209466185728], [0.11998577249708367, 0.08368383096768156, 0.012044344945696232, 0.016401826870644214, 0.7541450062851406, 0.013739218433753697], [0.8156606255749541, 0.03987369926013416, 0.023651742023964032, 0.047236298819932916, 0.05871531919822057, 0.014862315122794137], [0.917921313131313, 0.018035101010101008, 0.011622845117845117, 0.01227483164983165, 0.02677678451178451, 0.01336912457912458], [0.13423683545533188, 0.05836072114070692, 0.012390119685686731, 0.015602191338993503, 0.7650234657126144, 0.014386666666666667], [0.09816871467194287, 0.05540532715367607, 0.012390119685686731, 0.017523197430563558, 0.8021259743914642, 0.014386666666666667], [0.8252628309973918, 0.0773038961686212, 0.013188090298118607, 0.020643836431520166, 0.04855236134567585, 0.01504898475867214], [0.06065