{"round_id": "ae78003a-4efe-425a-881a-d16a39bca0ad", "seed_index": 1, "prediction": [[[0.9053006697204429, 0.027794972131188242, 0.01347723043597001, 0.014638286099111178, 0.023938400305377625, 0.014850441307910026], [0.9052923036487323, 0.027764444959802105, 0.013498767779839209, 0.014655601422387136, 0.02392189703153989, 0.014866985157699443], [0.9053006697204429, 0.027794972131188242, 0.01347723043597001, 0.014638286099111178, 0.023938400305377625, 0.014850441307910026], [0.9053006697204429, 0.027794972131188242, 0.01347723043597001, 0.014638286099111178, 0.023938400305377625, 0.014850441307910026], [0.9053006697204429, 0.027794972131188242, 0.01347723043597001, 0.014638286099111178, 0.023938400305377625, 0.014850441307910026], [0.9053006697204429, 0.027794972131188242, 0.01347723043597001, 0.014638286099111178, 0.023938400305377625, 0.014850441307910026], [0.9053006697204429, 0.027794972131188242, 0.01347723043597001, 0.014638286099111178, 0.023938400305377625, 0.014850441307910026], [0.9053006697204429, 0.027794972131188242, 0.01347723043597001, 0.014638286099111178, 0.023938400305377625, 0.014850441307910026], [0.9027119054185381, 0.028825568972762852, 0.013678614438053214, 0.014906912707167808, 0.024745643566306832, 0.015131354897171224], [0.9053006697204429, 0.027794972131188242, 0.01347723043597001, 0.014638286099111178, 0.023938400305377625, 0.014850441307910026], [0.9052923036487323, 0.027764444959802105, 0.013498767779839209, 0.014655601422387136, 0.02392189703153989, 0.014866985157699443], [0.9052923036487323, 0.027764444959802105, 0.013498767779839209, 0.014655601422387136, 0.02392189703153989, 0.014866985157699443], [0.9052923036487323, 0.027764444959802105, 0.013498767779839209, 0.014655601422387136, 0.02392189703153989, 0.014866985157699443], [0.9053175864095638, 0.02785669986744698, 0.013433680659763905, 0.014603273496898758, 0.023971770895858342, 0.014816988670468188], [0.9053776841240975, 0.028075991943217644, 0.013278967051224073, 0.014478888792669354, 0.024090322239221005, 0.014698145849570379], [0.8867037776405424, 0.03631891549019326, 0.014232715774557536, 0.01602373196991675, 0.030369861695557887, 0.016350997429232073], [0.8815368871686605, 0.03890452892755848, 0.014308533789691425, 0.016303074552705094, 0.03227944629262363, 0.016667529268760795], [0.8858467170571933, 0.0372087251196775, 0.01396095490047871, 0.015846165280927187, 0.03094679516250945, 0.01619064247921391], [0.8858467170571933, 0.0372087251196775, 0.01396095490047871, 0.015846165280927187, 0.03094679516250945, 0.01619064247921391], [0.8858467170571933, 0.0372087251196775, 0.01396095490047871, 0.015846165280927187, 0.03094679516250945, 0.01619064247921391], [0.8858467170571933, 0.0372087251196775, 0.01396095490047871, 0.015846165280927187, 0.03094679516250945, 0.01619064247921391], [0.8858467170571933, 0.0372087251196775, 0.01396095490047871, 0.015846165280927187, 0.03094679516250945, 0.01619064247921391], [0.8858467170571933, 0.0372087251196775, 0.01396095490047871, 0.015846165280927187, 0.03094679516250945, 0.01619064247921391], [0.8860476339877094, 0.03700013097479109, 0.014024662602962121, 0.015887791456260396, 0.03081154719574506, 0.016228233782532048], [0.8867037776405424, 0.03631891549019326, 0.014232715774557536, 0.01602373196991675, 0.030369861695557887, 0.016350997429232073], [0.9053776841240975, 0.028075991943217644, 0.013278967051224073, 0.014478888792669354, 0.024090322239221005, 0.014698145849570379], [0.9053175864095638, 0.02785669986744698, 0.013433680659763905, 0.014603273496898758, 0.023971770895858342, 0.014816988670468188], [0.9053006697204429, 0.027794972131188242, 0.01347723043597001, 0.014638286099111178, 0.023938400305377625, 0.014850441307910026], [0.9053006697204429, 0.027794972131188242, 0.01347723043597001, 0.014638286099111178, 0.023938400305377625, 0.014850441307910026], [0.9053006697204429, 0.027794972131188242, 0.01347723043597001, 0.014638286099111178, 0.023938400305377625, 0.014850441307910026], [0.9053006697204429, 0.027794972131188242, 0.01347723043597001, 0.014638286099111178, 0.023938400305377625, 0.014850441307910026], [0.9053006697204429, 0.027794972131188242, 0.01347723043597001, 0.014638286099111178, 0.023938400305377625, 0.014850441307910026], [0.9053006697204429, 0.027794972131188242, 0.01347723043597001, 0.014638286099111178, 0.023938400305377625, 0.014850441307910026], [0.9053006697204429, 0.027794972131188242, 0.01347723043597001, 0.014638286099111178, 0.023938400305377625, 0.014850441307910026], [0.9053006697204429, 0.027794972131188242, 0.01347723043597001, 0.014638286099111178, 0.023938400305377625, 0.014850441307910026], [0.9053006697204429, 0.027794972131188242, 0.01347723043597001, 0.014638286099111178, 0.023938400305377625, 0.014850441307910026], [0.9053006697204429, 0.027794972131188242, 0.01347723043597001, 0.014638286099111178, 0.023938400305377625, 0.014850441307910026], [0.9053006697204429, 0.027794972131188242, 0.01347723043597001, 0.014638286099111178, 0.023938400305377625, 0.014850441307910026], [0.9052923036487323, 0.027764444959802105, 0.013498767779839209, 0.014655601422387136, 0.02392189703153989, 0.014866985157699443], [0.9053006697204429, 0.027794972131188242, 0.01347723043597001, 0.014638286099111178, 0.023938400305377625, 0.014850441307910026]], [[0.9052923036487323, 0.027764444959802105, 0.013498767779839209, 0.014655601422387136, 0.02392189703153989, 0.014866985157699443], [0.7545657427235446, 0.0797833792897876, 0.07698412001649513, 0.024139738285018864, 0.047630529383658346, 0.016896490301495516], [0.3954355595500247, 0.14207638597925218, 0.3742546004613672, 0.01979898560544281, 0.051749773005634575, 0.016684695398278535], [0.39366719249504345, 0.43742155430823293, 0.08414785694708264, 0.022619091671983255, 0.04539885269529536, 0.016745451882362337], [0.38501679010311196, 0.44338839104893096, 0.07385723815684841, 0.02773921311960576, 0.05332682742333936, 0.01667154014816352], [0.2734729157231357, 0.5436241025447067, 0.05972165842283673, 0.025292107152573663, 0.08128789215607242, 0.01660132400067465], [0.27754322243823115, 0.5272714773512341, 0.09143686520987326, 0.025724286794973336, 0.06160306055812183, 0.016421087647566265], [0.11507579873004409, 0.11010184189809785, 0.4541625109394312, 0.052813847592538626, 0.252134187373409, 0.01571181346647923], [0.1261536229031248, 0.1325647802187, 0.4672371093136513, 0.03064476709776224, 0.22763608236515093, 0.015763638101610668], [0.6791850512752803, 0.161144861425791, 0.06660713043092582, 0.026812768518059457, 0.04917374120116304, 0.017076447148780358], [0.7660707757206341, 0.08878180250741019, 0.07082911144942657, 0.02172249504339616, 0.036007342995311116, 0.0165884722838219], [0.9052975252971347, 0.027783498365177503, 0.013485325337424263, 0.014644794136333347, 0.023932197480358887, 0.014856659383571195], [0.0628475884520697, 0.09465237911975415, 0.014305895379269625, 0.019320072771850647, 0.793261202156598, 0.01561286212045794], [0.6820239478378431, 0.13498278484766557, 0.07942692837942981, 0.03432157012230534, 0.05276250697521473, 0.01648226183754134], [0.668519229136907, 0.1341070709782177, 0.08321629575909288, 0.041944738189612266, 0.0557915782886038, 0.016421087647566265], [0.6997493074759369, 0.11657206745876036, 0.07325827245303047, 0.03632419495926171, 0.05773345201247426, 0.01636270564053611], [0.6966798974098514, 0.11802395250653983, 0.07445155632233467, 0.03697154300734032, 0.05756612183816674, 0.016306928915766933], [0.1390306042388162, 0.09625212776836513, 0.06112226980155175, 0.05016731266032923, 0.6377854941723033, 0.01564219135863445], [0.6618420244184585, 0.15489867814814734, 0.05902017727083958, 0.06066792511504638, 0.04715010739994192, 0.016421087647566265], [0.6735395815401081, 0.1368753762822898, 0.07325827245303049, 0.036324194959261716, 0.06363986912477372, 0.01636270564053611], [0.11650210120456417, 0.1534098575947272, 0.030611486547867862, 0.042394658227760354, 0.6413422607122379, 0.015739635712842422], [0.6558085409897739, 0.13177481225326657, 0.10602713583557113, 0.02575466161420264, 0.06434197466173791, 0.01629287464544759], [0.4752648733578868, 0.07577778120495757, 0.10207096292836684, 0.05016731266032923, 0.2810768784898251, 0.01564219135863445], [0.638319874797733, 0.18340612661985164, 0.06853547240625076, 0.04178155933831473, 0.05165003792208282, 0.016306928915766933], [0.37072684698545033, 0.4453187031202005, 0.08044806580216625, 0.03588839635117993, 0.05114706515709331, 0.016470922583909593], [0.48900732224536136, 0.3358545421622225, 0.089678326468377, 0.02799019345150207, 0.04242447537802064, 0.01504514029451635], [0.5260029451126105, 0.11172340268877753, 0.28816570308276024, 0.02361603443400188, 0.03530516010989115, 0.015186754571958653], [0.7842986289343327, 0.07790339248749222, 0.05961484017852367, 0.019287452072373715, 0.043841974565387236, 0.015053711761890257], [0.06924445784792671, 0.10473580352420288, 0.2670454203641693, 0.01732719613653351, 0.5270341337889752, 0.014612988338192419], [0.06924445784792671, 0.3099835191582232, 0.05924753017831827, 0.01732719613653351, 0.5295843083408059, 0.014612988338192419], [0.07607664043560079, 0.1082394953936642, 0.04969045507963993, 0.019325522355588102, 0.7307968106687165, 0.015871076066790352], [0.8010787703173375, 0.08257627932189082, 0.03908305158273973, 0.018933000156465558, 0.04156958828904158, 0.01675931033252462], [0.8174012308756797, 0.0787186365578754, 0.03080190256224804, 0.020857528673578152, 0.03531510735749232, 0.01690559397312644], [0.8064915542029455, 0.07090575285602765, 0.03925299411996506, 0.01880013703335014, 0.047923114578302395, 0.0166264472094092], [0.07342623325294437, 0.08220545531409976, 0.03155577962735272, 0.019321826899949344, 0.7777947281179922, 0.01569597678766163], [0.8010787703173375, 0.08257627932189082, 0.03908305158273973, 0.018933000156465558, 0.04156958828904158, 0.01675931033252462], [0.8174012308756797, 0.0787186365578754, 0.03080190256224804, 0.020857528673578152, 0.03531510735749232, 0.01690559397312644], [0.8174012308756797, 0.0787186365578754, 0.03080190256224804, 0.020857528673578152, 0.03531510735749232, 0.01690559397312644], [0.8068337920603492, 0.07844169678202535, 0.032594723216435126, 0.02412250287307334, 0.04110169109499048, 0.016905593973126437], [0.9052923036487323, 0.027764444959802105, 0.013498767779839209, 0.014655601422387136, 0.02392189703153989, 0.014866985157699443]], [[0.9053006697204429, 0.027794972131188242, 0.01347723043597001, 0.014638286099111178, 0.023938400305377625, 0.014850441307910026], [0.39645857626840564, 0.11932588918525751, 0.37667263997754036, 0.019798985605442812, 0.07105921356507514, 0.016684695398278538], [0.09693920558672842, 0.4685147894497398, 0.014305895379269625, 0.024175166028665568, 0.3804520814351386, 0.015612862120457939], [0.3876355931782484, 0.4694046583347962, 0.026883297280836355, 0.03702447242630136, 0.0623738763748793, 0.016678102404938184], [0.2950691764022563, 0.560220291681178, 0.01587988033460847, 0.04827176807757928, 0.06377145262734937, 0.016787430877028657], [0.3277166587515936, 0.21155466057958494, 0.015772557889528832, 0.06250700262344952, 0.36582267294643395, 0.0166264472094092], [0.2813528417966124, 0.5314709692264289, 0.015842743361549165, 0.07181027125493229, 0.0827914489430376, 0.016731725417439704], [0.3143346395034102, 0.22257886043719635, 0.015739362058167863, 0.053022369067030124, 0.37774811547182785, 0.01657665346236775], [0.24585605073982497, 0.5157333035273003, 0.04090251252096883, 0.04020260919354813, 0.14106973977508006, 0.016235784243277474], [0.10173009433580174, 0.4855769417178186, 0.15218072876767633, 0.03222427436414408, 0.21227348767836599, 0.016014473136193252], [0.8997867429300417, 0.03004285363810645, 0.013873616236808994, 0.015184813564787068, 0.02568757005120441, 0.015424403579051404], [0.4393817798206553, 0.12399839179922337, 0.350169693172561, 0.026697094947665416, 0.04308150011173132, 0.01667154014816352], [0.6992015248305983, 0.16467237963097464, 0.030675061602357973, 0.02953764901733344, 0.05926134925598559, 0.016652035662749948], [0.43998019429542845, 0.4291246164028451, 0.019923838133832326, 0.03177415110152343, 0.0625707528569613, 0.0166264472094092], [0.15384625846592026, 0.1425614330548546, 0.014438995500001297, 0.03490680691250367, 0.6385346926002409, 0.01571181346647923], [0.4406690613162765, 0.1425614330548546, 0.014438995500001297, 0.03490680691250367, 0.3517118897498846, 0.01571181346647923], [0.5705325911889555, 0.2550898698983312, 0.021029449598021027, 0.04597815475380294, 0.0894906766759172, 0.017879257884972168], [0.6826078848506849, 0.17139785664133336, 0.015661380471565584, 0.03467536523527779, 0.0791978317186738, 0.01645968108246433], [0.6949237109935218, 0.16753487195428232, 0.015842743361549165, 0.03509846232728478, 0.06986848594592222, 0.016731725417439704], [0.4068041721310735, 0.4369989303883197, 0.01573936205816786, 0.03745876943580118, 0.08642211252426982, 0.016576653462367745], [0.14962112187108725, 0.1471645594961937, 0.01447641939061892, 0.0398227179129621, 0.6331755456162955, 0.015739635712842422], [0.6713766753189638, 0.18574485455936152, 0.015755809083705795, 0.03695227003388526, 0.07356906700340887, 0.01660132400067465], [0.38790070283729544, 0.46906927756354727, 0.015739362058167863, 0.04529474688657523, 0.06541925719204655, 0.01657665346236775], [0.2259448700865285, 0.5889179013440096, 0.021029449598021027, 0.0562265778992849, 0.09000194318718371, 0.017879257884972168], [0.3751105591591727, 0.48561970146250627, 0.015739362058167863, 0.04349151489772915, 0.06346220896005621, 0.01657665346236775], [0.10084088769034517, 0.3573242861859991, 0.01365610197410812, 0.02687737122188337, 0.48668836458947184, 0.014612988338192419], [0.5382198163538501, 0.3388716062203955, 0.021692633698558755, 0.026321740527542492, 0.05983617823142414, 0.015058024968229049], [0.09659268052392429, 0.3224066488881797, 0.018779014775592347, 0.02593529721342948, 0.5216733702606817, 0.014612988338192419], [0.08366027778458789, 0.11149259223763287, 0.021874107926489073, 0.023621656904438695, 0.744738376808659, 0.014612988338192419], [0.769198986145273, 0.13076989863613742, 0.014472091051528694, 0.025453889273808525, 0.04499387587836816, 0.015111259014884148], [0.09859313648909915, 0.1281088872913957, 0.014646738974739525, 0.026736601363264736, 0.7160483785547194, 0.015866257326781416], [0.7945611361525708, 0.10468804915035543, 0.015861133304939108, 0.023404458930249915, 0.044725912129359946, 0.01675931033252462], [0.7945611361525708, 0.10468804915035543, 0.015861133304939108, 0.023404458930249915, 0.044725912129359946, 0.01675931033252462], [0.08598345295663865, 0.10303242698391903, 0.014450751434835419, 0.02775185956971457, 0.7530609558098976, 0.015720553244994682], [0.7878723225603893, 0.1069666347237636, 0.015723208729514535, 0.024030188528438412, 0.04885522198850643, 0.016552423469387754], [0.7945611361525708, 0.10468804915035543, 0.015861133304939108, 0.023404458930249915, 0.044725912129359946, 0.01675931033252462], [0.7945611361525708, 0.10468804915035543, 0.015861133304939108, 0.023404458930249915, 0.044725912129359946, 0.01675931033252462], [0.7947685659189545, 0.10515515223190428, 0.015958655732006992, 0.022728255263557096, 0.044483776880450694, 0.01690559397312644], [0.8174012308756797, 0.0787186365578754, 0.03080190256224804, 0.020857528673578152, 0.03531510735749232, 0.01690559397312644], [0.9053006697204429, 0.027794972131188242, 0.01347723043597001, 0.014638286099111178, 0.023938400305377625, 0.014850441307910026]], [[0.9053006697204429, 0.027794972131188242, 0.01347723043597001, 0.014638286099111178, 0.023938400305377625, 0.014850441307910026], [0.3902302440485302, 0.13123059464428186, 0.09648794412801112, 0.020621474068398375, 0.3448159148646606, 0.016613828246117873], [0.4024412232050581, 0.44525602053044067, 0.028189885254425312, 0.034107889192766326, 0.07332687941237132, 0.016678102404938184], [0.3224066218060622, 0.5382048248385433, 0.015789616858422662, 0.04916497596493567, 0.05778192486928612, 0.016652035662749948], [0.3482100154585486, 0.19376430838684222, 0.015772557889528832, 0.3358778725500967, 0.08974879850557436, 0.0166264472094092], [0.1385936723659942, 0.46928060980337644, 0.02116273164480092, 0.021339956670941712, 0.3339270527272252, 0.01569597678766163], [0.3330461323279839, 0.5016183350562186, 0.015661380471565588, 0.03824418073971425, 0.09497029032205348, 0.01645968108246433], [0.1714295515362543, 0.553940955676636, 0.1821081600412677, 0.025846835606280427, 0.04845915716470896, 0.0182153399748525], [0.9053175864095638, 0.02785669986744698, 0.013433680659763905, 0.014603273496898758, 0.023971770895858342, 0.014816988670468188], [0.9052923036487323, 0.027764444959802105, 0.013498767779839209, 0.014655601422387136, 0.02392189703153989, 0.014866985157699443], [0.9053175864095638, 0.02785669986744698, 0.013433680659763905, 0.014603273496898758, 0.023971770895858342, 0.014816988670468188], [0.3040394795699438, 0.5100584760727933, 0.06900588085966738, 0.034340235494819654, 0.06595460400210117, 0.01660132400067465], [0.7087203114857613, 0.17198214878202628, 0.022280928697316755, 0.028265843556552837, 0.05193466467358447, 0.016816102804758266], [0.7197831408850289, 0.15941375220244006, 0.01587988033460847, 0.029031083876689123, 0.05910471182420478, 0.016787430877028657], [0.7192514173771084, 0.15400467356546882, 0.015772557889528832, 0.031774151101523436, 0.06257075285696131, 0.0166264472094092], [0.7085325155273792, 0.15933052793336946, 0.015755809083705795, 0.03641884364512168, 0.06336097980974925, 0.01660132400067465], [0.7013961599443927, 0.16291118964290824, 0.015739362058167863, 0.033806344596860605, 0.06957029029530286, 0.01657665346236775], [0.14826081647969142, 0.1400475694942295, 0.014345346334706067, 0.028577099636985286, 0.6531269766957533, 0.01564219135863445], [0.6826439425581516, 0.16962003758783634, 0.015739362058167863, 0.0338063445968606, 0.08161365973661573, 0.01657665346236775], [0.267751296938035, 0.2634828062714077, 0.021029449598021027, 0.04669027596592414, 0.3831669133416399, 0.017879257884972168], [0.3985627325287172, 0.16972799355985643, 0.015661380471565588, 0.036769974724687494, 0.36281823763270904, 0.01645968108246433], [0.6731657462025122, 0.17569355059041225, 0.015842743361549165, 0.03944091220325477, 0.07912532222483187, 0.016731725417439704], [0.37681198621470724, 0.475081421983088, 0.015755809083705795, 0.046053886765383474, 0.06969557195244064, 0.01660132400067465], [0.36835444641020565, 0.2232940484447438, 0.01582470039822318, 0.313143887524255, 0.0626782562501216, 0.016704660972450727], [0.3796257439064084, 0.479643234480397, 0.015842743361549165, 0.047453339614480915, 0.060703213219724945, 0.016731725417439704], [0.7241774729254505, 0.1593665507898975, 0.014472091051528694, 0.03265367017907182, 0.05421895603916723, 0.015111259014884148], [0.09808531394092748, 0.33511348162127297, 0.01365610197410812, 0.026350772494450975, 0.5121813416310481, 0.014612988338192419], [0.7656732524075184, 0.13230367662016618, 0.014496806858904277, 0.026700943266074147, 0.04567698812138947, 0.015148332725947521], [0.5620416808704085, 0.33838968702843053, 0.014509498759989034, 0.02602827250858196, 0.04386349025501521, 0.015167370577574658], [0.5716829417609736, 0.3327036027861991, 0.014665862981353257, 0.023848951851597067, 0.04169672371025597, 0.015401916909620991], [0.7765800755465102, 0.12266910975641604, 0.015861133304939108, 0.023404458930249915, 0.044725912129359946, 0.01675931033252462], [0.7951246199489582, 0.10479909820190066, 0.015958655732006992, 0.022728255263557096, 0.044483776880450694, 0.01690559397312644], [0.7984032841419081, 0.10152043400895075, 0.015958655732006992, 0.022728255263557096, 0.044483776880450694, 0.01690559397312644], [0.7939150133400305, 0.10158995986232322, 0.015772557889528832, 0.02471622094943406, 0.047379800749274274, 0.0166264472094092], [0.08144447527123289, 0.10202497231460309, 0.014646738974739525, 0.02689162171380862, 0.7591259343988344, 0.015866257326781416], [0.0803943437848831, 0.09765067261799934, 0.014653220694319423, 0.030577037507103257, 0.7608536493289044, 0.015871076066790352], [0.0783065920156942, 0.10445121698381316, 0.014653220694319423, 0.027491463201169665, 0.7592264310382132, 0.015871076066790352], [0.7802911103127776, 0.11895807499014871, 0.015861133304939108, 0.023404458930249915, 0.044725912129359946, 0.01675931033252462], [0.8089634921438235, 0.08715637528973179, 0.030801902562248046, 0.020857528673578155, 0.03531510735749232, 0.01690559397312644], [0.9053006697204429, 0.027794972131188242, 0.01347723043597001, 0.014638286099111178, 0.023938400305377625, 0.014850441307910026]], [[0.9053006697204429, 0.027794972131188242, 0.01347723043597001, 0.014638286099111178, 0.023938400305377625, 0.014850441307910026], [0.07405568089763585, 0.0820843699311963, 0.07107142174799752, 0.024387744613461087, 0.7326611470968668, 0.015739635712842422], [0.6833134311133382, 0.18348052026154368, 0.015739362058167863, 0.030137937673903076, 0.07075209543067938, 0.01657665346236775], [0.09633870835081958, 0.4650366497444175, 0.014345346334706067, 0.024138185072006005, 0.3844989191394164, 0.01564219135863445], [0.6246586936121427, 0.23452996972738271, 0.015789616858422662, 0.0502671320463359, 0.05810255209296619, 0.016652035662749948], [0.6918468242908866, 0.14616723072762178, 0.02284798546472505, 0.05118682300013796, 0.07072538656201557, 0.01722574995461293], [0.11242427543960407, 0.11983204489399352, 0.1305894159480382, 0.07433494188558605, 0.5470052953445846, 0.01581402648819343], [0.09230807309744922, 0.08669403602975655, 0.06289227106032318, 0.4685968628323291, 0.2730619112177082, 0.01644684576243366], [0.9053293616753859, 0.02789966693374809, 0.013403366797065247, 0.014578902138222494, 0.023994999293019747, 0.014793703162558326], [0.2914607326482769, 0.5143025258416853, 0.08671610510697299, 0.026026807817762135, 0.06495929555419067, 0.01653453303111206], [0.28441900772692363, 0.5685735733999573, 0.05376324962633215, 0.034062423780841934, 0.04269948362840374, 0.01648226183754134], [0.4069696370704133, 0.47531368492598675, 0.02011408705798369, 0.028812330064207317, 0.05211215847647077, 0.016678102404938184], [0.4406729818102953, 0.4472398700474987, 0.01591848807887804, 0.027330173518960846, 0.05199314405093397, 0.016845342493433016], [0.7172160497399742, 0.16668075408444516, 0.015898994953094873, 0.03145343374414303, 0.05193466467358447, 0.016816102804758266], [0.7213825234860342, 0.1543410991611832, 0.01587988033460847, 0.03297238366704552, 0.05863668247409996, 0.016787430877028657], [0.7097925911254148, 0.15060015453893613, 0.015772557889528832, 0.03592480189289363, 0.07128344734381739, 0.0166264472094092], [0.7027361413949867, 0.15413074574069008, 0.015842743361549165, 0.03509846232728478, 0.07546018175804947, 0.016731725417439704], [0.6982736473585643, 0.1629111896429082, 0.015739362058167863, 0.0338063445968606, 0.07269280288113125, 0.01657665346236775], [0.7090621640897959, 0.1541307457406901, 0.015842743361549165, 0.035098462327284786, 0.0691341590632403, 0.016731725417439704], [0.6858402536090086, 0.15943015348988482, 0.015739362058167863, 0.03745876943580118, 0.08495480794476977, 0.01657665346236775], [0.4447853643417412, 0.1604725282988473, 0.014384190935399967, 0.035285354452505226, 0.3294014921602965, 0.015671069811209786], [0.6817278214748944, 0.17556125422925362, 0.01567643430828359, 0.03740613273151878, 0.07314609541850842, 0.01648226183754134], [0.1391627921391603, 0.4704819960881898, 0.014345346334706067, 0.03540837752667758, 0.32495929655263184, 0.01564219135863445], [0.3610852321315767, 0.4922357518571688, 0.015755809083705795, 0.048828614119906764, 0.06549326880696725, 0.01660132400067465], [0.3831898119347607, 0.47995473775343483, 0.015861133304939108, 0.04063257238253507, 0.06360243429180572, 0.01675931033252462], [0.3262542058091482, 0.5615814998628443, 0.014619905977192368, 0.029156056627980757, 0.05305535031945476, 0.01533298140337966], [0.5512960425665496, 0.34349820845067675, 0.014562638682287833, 0.025763376124418022, 0.04963265371504477, 0.015247080461022858], [0.5549493816516148, 0.33967536675120164, 0.014576550312889644, 0.025060838779026685, 0.05046991459834171, 0.015267947906925573], [0.08799286883566727, 0.0954781627630299, 0.013618938004134698, 0.0235847030848141, 0.7647433117311394, 0.014582015581214513], [0.5962179481708298, 0.31604926885289797, 0.014605176168166442, 0.02053207487376779, 0.0372846452444971, 0.01531088668984077], [0.7838636372470652, 0.11606008090379356, 0.015958655732006992, 0.022728255263557096, 0.044483776880450694, 0.01690559397312644], [0.7953137736523975, 0.10460994449846124, 0.015958655732006992, 0.022728255263557096, 0.044483776880450694, 0.01690559397312644], [0.7984032841419081, 0.10152043400895075, 0.015958655732006992, 0.022728255263557096, 0.044483776880450694, 0.01690559397312644], [0.7945611361525708, 0.10468804915035543, 0.015861133304939108, 0.023404458930249915, 0.044725912129359946, 0.01675931033252462], [0.7939150133400305, 0.10158995986232322, 0.015772557889528832, 0.02471622094943406, 0.047379800749274274, 0.0166264472094092], [0.0803943437848831, 0.09765067261799934, 0.014653220694319423, 0.030577037507103257, 0.7608536493289044, 0.015871076066790352], [0.09751962046472501, 0.11164992771073268, 0.014653220694319423, 0.03042222854794647, 0.7298839265154861, 0.015871076066790352], [0.5055715766924231, 0.3891774812868464, 0.015861133304939108, 0.023404458930249915, 0.04922603945301668, 0.01675931033252462], [0.8019320432006097, 0.09418782423294543, 0.03080190256224804, 0.020857528673578152, 0.03531510735749232, 0.01690559397312644], [0.9053006697204429, 0.027794972131188242, 0.01347723043597001, 0.014638286099111178, 0.023938400305377625, 0.014850441307910026]], [[0.9053006697204429, 0.027794972131188242, 0.01347723043597001, 0.014638286099111178, 0.023938400305377625, 0.014850441307910026], [0.07369728299011039, 0.07712081902766622, 0.3828037871323198, 0.024355038091405604, 0.4262594346568873, 0.015763638101610668], [0.4363203956911861, 0.44073795695074375, 0.015755809083705795, 0.029266245320392542, 0.06131826895329709, 0.01660132400067465], [0.43642494639248275, 0.43541877527031037, 0.015824700398223184, 0.02890665838174182, 0.0667202585847913, 0.01670466097245073], [0.7015538201126044, 0.15247447534381028, 0.023281616838589658, 0.033787261969086255, 0.0722247233309711, 0.016678102404938184], [0.12275829432164669, 0.12338683481246401, 0.44162052880946834, 0.030853997019905724, 0.26568436824885366, 0.01569597678766163], [0.9027130134746205, 0.02878931678440607, 0.013700619767137625, 0.01492419381214024, 0.024725083398744116, 0.015147772762951334], [0.9052923036487323, 0.027764444959802105, 0.013498767779839209, 0.014655601422387136, 0.02392189703153989, 0.014866985157699443], [0.29322311755762975, 0.4898166854916473, 0.10921435216225597, 0.026057067214190273, 0.0651673288672235, 0.016521448707053212], [0.6701540993368157, 0.18632126798551416, 0.02832065599992782, 0.03857923696069272, 0.059158169075187464, 0.017466570641862186], [0.09955067352568502, 0.4542140006791449, 0.014565317373843858, 0.024014761902425893, 0.3918495208953175, 0.01580572562358277], [0.09471546075301884, 0.15651711656307385, 0.014508705165106666, 0.03253168579966923, 0.6859633936175208, 0.015763638101610668], [0.4249429832890055, 0.453863780620761, 0.015806994686548153, 0.03659598052227638, 0.05211215847647077, 0.016678102404938184], [0.4189002000927746, 0.44385980753096865, 0.01587988033460847, 0.0459359986905197, 0.05863668247409997, 0.016787430877028657], [0.6800083952512903, 0.1717584239372031, 0.015691752247400156, 0.04325409168400138, 0.0727820981338889, 0.016505238746216188], [0.1372075308838206, 0.12141010048551, 0.014379368042068623, 0.03558890929243869, 0.6757466069947493, 0.015667484301412873], [0.4131962043283954, 0.1725248260065446, 0.015739362058167863, 0.03140293550595151, 0.35056001863857295, 0.01657665346236775], [0.5562625653491621, 0.2550898698983312, 0.021029449598021027, 0.04597815475380294, 0.10376070251571048, 0.017879257884972168], [0.7092895795863482, 0.15609517337280643, 0.015824700398223184, 0.03596452456693193, 0.06612136110323959, 0.01670466097245073], [0.6967891479006916, 0.16104445224435263, 0.015755809083705795, 0.0329757698071949, 0.07683349696338042, 0.01660132400067465], [0.682234269006133, 0.16527478174661933, 0.015755809083705795, 0.03329984519494467, 0.08683397096792247, 0.01660132400067465], [0.6837013130396224, 0.17818679127934958, 0.015824700398223184, 0.0381490519462091, 0.06743348236414504, 0.01670466097245073], [0.24654952599876337, 0.5824692054847936, 0.021029449598021027, 0.04302011279576098, 0.08905244823768875, 0.017879257884972168], [0.38577234993525206, 0.4794527682963209, 0.015824700398223184, 0.03956726414763161, 0.06267825625012162, 0.01670466097245073], [0.399923054112045, 0.46698628134087544, 0.015842743361549165, 0.03728298970656195, 0.06323320606152881, 0.016731725417439704], [0.7295646365955173, 0.1516619141680552, 0.014605176168166444, 0.03170667008573636, 0.057150716292684034, 0.01531088668984077], [0.5348056890909754, 0.14052844859713565, 0.014619905977192368, 0.029156056627980757, 0.2655569183033362, 0.015332981403379659], [0.5561332833960557, 0.13052932766208447, 0.014562638682287837, 0.025763376124418022, 0.25776429367413106, 0.01524708046102286], [0.5627581565510358, 0.33344016540641097, 0.014576550312889644, 0.025060838779026685, 0.04889634104371133, 0.015267947906925573], [0.7771510530590144, 0.12562748420881345, 0.014665862981353257, 0.023848951851597067, 0.043304730989600825, 0.015401916909620991], [0.7838558253015359, 0.11606789284932298, 0.015958655732006992, 0.022728255263557096, 0.044483776880450694, 0.01690559397312644], [0.7984032841419081, 0.10152043400895075, 0.015958655732006992, 0.022728255263557096, 0.044483776880450694, 0.01690559397312644], [0.7939150133400305, 0.10158995986232322, 0.015772557889528832, 0.02471622094943406, 0.047379800749274274, 0.0166264472094092], [0.08230342047572618, 0.10316883441402075, 0.0145809347150451, 0.026995335904585853, 0.7571341383822054, 0.0158173361084166], [0.7939150133400305, 0.10158995986232322, 0.015772557889528832, 0.02471622094943406, 0.047379800749274274, 0.0166264472094092], [0.0954318686955361, 0.11845047207654652, 0.014653220694319425, 0.027336654242012884, 0.7282567082247947, 0.015871076066790352], [0.0954318686955361, 0.11845047207654652, 0.014653220694319425, 0.027336654242012884, 0.7282567082247947, 0.015871076066790352], [0.7179232264166865, 0.15291402202842183, 0.015842743361549165, 0.030006954166037235, 0.06658132860986565, 0.016731725417439704], [0.7960256260883102, 0.08715637528973176, 0.03530202988590477, 0.020857528673578152, 0.043752846089348686, 0.016905593973126437], [0.9053006697204429, 0.027794972131188242, 0.01347723043597001, 0.014638286099111178, 0.023938400305377625, 0.014850441307910026]], [[0.9053006697204429, 0.027794972131188242, 0.01347723043597001, 0.014638286099111178, 0.023938400305377625, 0.014850441307910026], [0.7981741507908265, 0.07853783607107495, 0.03955532397965995, 0.01879100206431486, 0.048357476729241, 0.016584210364882435], [0.0966375616011782, 0.4544824135700675, 0.026820362830255295, 0.02684504073676333, 0.37940059477354204, 0.01581402648819343], [0.6996833134042972, 0.15517011812364803, 0.0205783543911361, 0.030137937673903083, 0.0778536229446478, 0.01657665346236775], [0.4427280054416227, 0.13985328592559074, 0.030355801235817388, 0.029254310313676313, 0.3409924942785345, 0.016816102804758266], [0.39980482572928416, 0.10135752478005987, 0.3814167483822154, 0.027111147326361253, 0.07376721689610966, 0.016542536885969742], [0.9052923036487323, 0.027764444959802105, 0.013498767779839209, 0.014655601422387136, 0.02392189703153989, 0.014866985157699443], [0.9052923036487323, 0.027764444959802105, 0.013498767779839209, 0.014655601422387136, 0.02392189703153989, 0.014866985157699443], [0.27093002746215644, 0.1723535695543766, 0.46685135621272067, 0.02685278059434238, 0.0457362579914084, 0.017276008184995383], [0.05082221136242107, 0.029688796934703082, 0.013351217655203675, 0.014676066178683863, 0.02528816942706286, 0.8661735384419254], [0.13256681682631774, 0.4651846388414118, 0.014545088576244878, 0.019323825747230974, 0.35258894319013395, 0.01579068681866052], [0.047795070623669306, 0.028426134976891518, 0.013452618852884665, 0.014666852638001765, 0.024392926273562862, 0.8712663966349898], [0.6532641321146871, 0.19968852579415156, 0.01591848807887804, 0.06066567327795502, 0.053617838240895194, 0.016845342493433016], [0.41830601452011135, 0.15826256925829837, 0.015806994686548153, 0.325315244279259, 0.06563107485084509, 0.016678102404938187], [0.1219046323736144, 0.12081439914434451, 0.014379368042068623, 0.03940168630878744, 0.6878324298297721, 0.015667484301412873], [0.05104001447686511, 0.03007034034688255, 0.013859343551470175, 0.015173927236183729, 0.025703808610220945, 0.8641525657783774], [0.047034223900332954, 0.028019100192770312, 0.013319104972199652, 0.014511158374356768, 0.024059566027816278, 0.8730568465325239], [0.4537657619740304, 0.1221013596369123, 0.014345346334706067, 0.03569861148512704, 0.35844672921058973, 0.01564219135863445], [0.7072240721554048, 0.15533457123786334, 0.01567643430828359, 0.035648045990883476, 0.06963461447002318, 0.01648226183754134], [0.1639481437738319, 0.12925012018263046, 0.014384190935399967, 0.029223970952102725, 0.6475225043448253, 0.015671069811209786], [0.4112207087783995, 0.1616697748705854, 0.015755809083705795, 0.03695227003388526, 0.3578001132327493, 0.01660132400067465], [0.6785794792673466, 0.1726089834899018, 0.015842743361549165, 0.03542253771503456, 0.08081453074872823, 0.016731725417439704], [0.4156058583263398, 0.44977454268574857, 0.015824700398223184, 0.0381490519462091, 0.06394118567102867, 0.01670466097245073], [0.6739631909437173, 0.19238662686149652, 0.015842743361549165, 0.03728298970656195, 0.06379272370923543, 0.016731725417439704], [0.682851281608701, 0.18532834136419427, 0.015861133304939108, 0.03762667101820991, 0.0615732623714311, 0.01675931033252462], [0.5399297805158025, 0.34689630562598933, 0.014548984674474949, 0.029554072095629873, 0.053844257638799756, 0.015226599449303529], [0.5291242965204677, 0.3469226255869345, 0.014472091051528694, 0.030732382942716102, 0.063637344883469, 0.015111259014884148], [0.09808531394092748, 0.3216658355173769, 0.01365610197410812, 0.026350772494450975, 0.5256289877349442, 0.014612988338192419], [0.7668849025199919, 0.12932922869062843, 0.014496806858904277, 0.026700943266074147, 0.047439785938453743, 0.015148332725947521], [0.5688262763640731, 0.3344624162986177, 0.014576550312889642, 0.025060838779026685, 0.04180597033846721, 0.015267947906925573], [0.7292430390459395, 0.15647663236907702, 0.01593837106717687, 0.029375722269998003, 0.052091068271927506, 0.01687516697588126], [0.7821921245536899, 0.11331284864866378, 0.015772557889528832, 0.02471622094943406, 0.047379800749274274, 0.0166264472094092], [0.0813598691685903, 0.10191230189781042, 0.014653220694319423, 0.026881405866017068, 0.7593221263064723, 0.015871076066790352], [0.0803943437848831, 0.09765067261799934, 0.014653220694319423, 0.030577037507103257, 0.7608536493289044, 0.015871076066790352], [0.7464632780962731, 0.13864399618862852, 0.015842743361549165, 0.030006954166037228, 0.05231130277007237, 0.016731725417439704], [0.7393002216558581, 0.14069187252612753, 0.015824700398223184, 0.030918123813999332, 0.05656042063334118, 0.01670466097245073], [0.7231607970279492, 0.1466879359489988, 0.015806994686548153, 0.031812262253588304, 0.06585390767797725, 0.016678102404938184], [0.45874049419174057, 0.1412701168740094, 0.02249550276724644, 0.030330105708341833, 0.3303184379652287, 0.016845342493433016], [0.7531492953271831, 0.08840359777653567, 0.06601378621747486, 0.022407719473768954, 0.05320224235960058, 0.016823358845436766], [0.9053006697204429, 0.027794972131188242, 0.01347723043597001, 0.014638286099111178, 0.023938400305377625, 0.014850441307910026]], [[0.9053006697204429, 0.027794972131188242, 0.01347723043597001, 0.014638286099111178, 0.023938400305377625, 0.014850441307910026], [0.7521601871575166, 0.09212019998809103, 0.0667060535336812, 0.020444590001047206, 0.0518842739213855, 0.016684695398278535], [0.09268863521926, 0.1864625746887682, 0.014631545902969284, 0.03947700426138281, 0.6508852776687436, 0.015854962258876153], [0.09268863521926002, 0.45206622765680476, 0.014631545902969285, 0.04956376225225039, 0.37519486670983954, 0.015854962258876153], [0.6913074909992272, 0.1292731544045793, 0.07707842995272284, 0.022148441780059355, 0.06371022102586997, 0.01648226183754134], [0.9052923036487323, 0.027764444959802105, 0.013498767779839209, 0.014655601422387136, 0.02392189703153989, 0.014866985157699443], [0.9052923036487323, 0.027764444959802105, 0.013498767779839209, 0.014655601422387136, 0.02392189703153989, 0.014866985157699443], [0.2796698357126449, 0.19920152542578132, 0.4347173447891398, 0.025880504790822628, 0.043674550799596375, 0.01685623848201488], [0.09693920558672842, 0.4685147894497398, 0.014305895379269625, 0.024175166028665568, 0.3804520814351386, 0.015612862120457939], [0.7058386666136373, 0.12989963825784023, 0.029653497349774627, 0.0359715632443211, 0.08193197356197608, 0.016704660972450727], [0.7722233541510621, 0.1144375891882914, 0.01570031379056426, 0.022406796596127057, 0.05867324170474237, 0.01655870456921284], [0.04651354229191676, 0.02785669986744698, 0.013433680659763905, 0.014603273496898758, 0.023971770895858342, 0.8736210327881152], [0.04634021371105519, 0.027802638772403937, 0.013471821513993726, 0.014633937501941415, 0.02394254496319076, 0.8738088435374148], [0.04662615045095103, 0.027891822294215336, 0.013408901299329146, 0.014583351697854961, 0.02399075840765471, 0.8734990158499948], [0.33980380401877813, 0.12271280545934983, 0.01641321275658081, 0.045608234282873986, 0.4580522384099121, 0.017409705072505194], [0.04621775819418676, 0.027764444959802105, 0.013498767779839209, 0.014655601422387136, 0.02392189703153989, 0.8739415306122448], [0.6451234091378674, 0.15791996131767883, 0.015754151880014895, 0.04981345774253241, 0.1147889686251877, 0.016600051296718613], [0.6957429116847093, 0.1538531494526561, 0.015755809083705795, 0.03662819464613548, 0.0814186111321186, 0.01660132400067465], [0.6996754209466426, 0.15060015453893613, 0.015772557889528832, 0.03592480189289363, 0.08140061752258954, 0.0166264472094092], [0.6784808779250465, 0.163990527350716, 0.01567643430828359, 0.035648045990883476, 0.08972185258752897, 0.01648226183754134], [0.4060307338636084, 0.16868535654421918, 0.01582470039822318, 0.038149051946209094, 0.35460549627528937, 0.016704660972450727], [0.6785219880810418, 0.16766693748309539, 0.015755809083705795, 0.03695227003388525, 0.08450167131759692, 0.01660132400067465], [0.6899592480450182, 0.16956701816512432, 0.015842743361549165, 0.03542253771503456, 0.07247672729583414, 0.016731725417439704], [0.6944777336323553, 0.16164402907853131, 0.015861133304939108, 0.03762667101820991, 0.07363112263343984, 0.01675931033252462], [0.6995572509614235, 0.15673875607070908, 0.015707341300483388, 0.03604366153849558, 0.07542436780304743, 0.016528622325841034], [0.11238263620316569, 0.3266478878079901, 0.01365610197410812, 0.02698167940266881, 0.5057187062738747, 0.014612988338192419], [0.10731149662485996, 0.13344490680269278, 0.01365610197410812, 0.029375297530896044, 0.7015992087292507, 0.014612988338192419], [0.5406493044457703, 0.33945373787949723, 0.014402886790877065, 0.026186880942682907, 0.06429973731726583, 0.015007452623906705], [0.10105935290559998, 0.10553125855543781, 0.01365610197410812, 0.02641462797676366, 0.7387256702498979, 0.014612988338192419], [0.08843202317629295, 0.0987920375839532, 0.01365610197410812, 0.023621656904438695, 0.7608851920230145, 0.014612988338192419], [0.450883754647344