{"round_id": "ae78003a-4efe-425a-881a-d16a39bca0ad", "seed_index": 0, "prediction": [[[0.8858467170571933, 0.0372087251196775, 0.01396095490047871, 0.015846165280927187, 0.03094679516250945, 0.01619064247921391], [0.8858467170571933, 0.0372087251196775, 0.01396095490047871, 0.015846165280927187, 0.03094679516250945, 0.01619064247921391], [0.8858467170571933, 0.0372087251196775, 0.01396095490047871, 0.015846165280927187, 0.03094679516250945, 0.01619064247921391], [0.8858467170571933, 0.0372087251196775, 0.01396095490047871, 0.015846165280927187, 0.03094679516250945, 0.01619064247921391], [0.8858467170571933, 0.0372087251196775, 0.01396095490047871, 0.015846165280927187, 0.03094679516250945, 0.01619064247921391], [0.8858467170571933, 0.0372087251196775, 0.01396095490047871, 0.015846165280927187, 0.03094679516250945, 0.01619064247921391], [0.8858467170571933, 0.0372087251196775, 0.01396095490047871, 0.015846165280927187, 0.03094679516250945, 0.01619064247921391], [0.8858467170571933, 0.0372087251196775, 0.01396095490047871, 0.015846165280927187, 0.03094679516250945, 0.01619064247921391], [0.8858467170571933, 0.0372087251196775, 0.01396095490047871, 0.015846165280927187, 0.03094679516250945, 0.01619064247921391], [0.8858467170571933, 0.0372087251196775, 0.01396095490047871, 0.015846165280927187, 0.03094679516250945, 0.01619064247921391], [0.8812643397041358, 0.03915220548536875, 0.014243880250512903, 0.016263748515279126, 0.03244299481697441, 0.016632831227729187], [0.8812643397041358, 0.03915220548536875, 0.014243880250512903, 0.016263748515279126, 0.03244299481697441, 0.016632831227729187], [0.8858467170571933, 0.0372087251196775, 0.01396095490047871, 0.015846165280927187, 0.03094679516250945, 0.01619064247921391], [0.8858467170571933, 0.0372087251196775, 0.01396095490047871, 0.015846165280927187, 0.03094679516250945, 0.01619064247921391], [0.8858467170571933, 0.0372087251196775, 0.01396095490047871, 0.015846165280927187, 0.03094679516250945, 0.01619064247921391], [0.8858467170571933, 0.0372087251196775, 0.01396095490047871, 0.015846165280927187, 0.03094679516250945, 0.01619064247921391], [0.8858467170571933, 0.0372087251196775, 0.01396095490047871, 0.015846165280927187, 0.03094679516250945, 0.01619064247921391], [0.8812643397041358, 0.03915220548536875, 0.014243880250512903, 0.016263748515279126, 0.03244299481697441, 0.016632831227729187], [0.8858467170571933, 0.0372087251196775, 0.01396095490047871, 0.015846165280927187, 0.03094679516250945, 0.01619064247921391], [0.8858467170571933, 0.0372087251196775, 0.01396095490047871, 0.015846165280927187, 0.03094679516250945, 0.01619064247921391], [0.8858467170571933, 0.0372087251196775, 0.01396095490047871, 0.015846165280927187, 0.03094679516250945, 0.01619064247921391], [0.8858467170571933, 0.0372087251196775, 0.01396095490047871, 0.015846165280927187, 0.03094679516250945, 0.01619064247921391], [0.8858467170571933, 0.0372087251196775, 0.01396095490047871, 0.015846165280927187, 0.03094679516250945, 0.01619064247921391], [0.8858467170571933, 0.0372087251196775, 0.01396095490047871, 0.015846165280927187, 0.03094679516250945, 0.01619064247921391], [0.8858467170571933, 0.0372087251196775, 0.01396095490047871, 0.015846165280927187, 0.03094679516250945, 0.01619064247921391], [0.8858467170571933, 0.0372087251196775, 0.01396095490047871, 0.015846165280927187, 0.03094679516250945, 0.01619064247921391], [0.8858467170571933, 0.0372087251196775, 0.01396095490047871, 0.015846165280927187, 0.03094679516250945, 0.01619064247921391], [0.8858467170571933, 0.0372087251196775, 0.01396095490047871, 0.015846165280927187, 0.03094679516250945, 0.01619064247921391], [0.8858467170571933, 0.0372087251196775, 0.01396095490047871, 0.015846165280927187, 0.03094679516250945, 0.01619064247921391], [0.8858467170571933, 0.0372087251196775, 0.01396095490047871, 0.015846165280927187, 0.03094679516250945, 0.01619064247921391], [0.8858467170571933, 0.0372087251196775, 0.01396095490047871, 0.015846165280927187, 0.03094679516250945, 0.01619064247921391], [0.8858467170571933, 0.0372087251196775, 0.01396095490047871, 0.015846165280927187, 0.03094679516250945, 0.01619064247921391], [0.8858467170571933, 0.0372087251196775, 0.01396095490047871, 0.015846165280927187, 0.03094679516250945, 0.01619064247921391], [0.8858467170571933, 0.0372087251196775, 0.01396095490047871, 0.015846165280927187, 0.03094679516250945, 0.01619064247921391], [0.8858467170571933, 0.0372087251196775, 0.01396095490047871, 0.015846165280927187, 0.03094679516250945, 0.01619064247921391], [0.8858467170571933, 0.0372087251196775, 0.01396095490047871, 0.015846165280927187, 0.03094679516250945, 0.01619064247921391], [0.8858467170571933, 0.0372087251196775, 0.01396095490047871, 0.015846165280927187, 0.03094679516250945, 0.01619064247921391], [0.8858467170571933, 0.0372087251196775, 0.01396095490047871, 0.015846165280927187, 0.03094679516250945, 0.01619064247921391], [0.8858467170571933, 0.0372087251196775, 0.01396095490047871, 0.015846165280927187, 0.03094679516250945, 0.01619064247921391], [0.8858467170571933, 0.0372087251196775, 0.01396095490047871, 0.015846165280927187, 0.03094679516250945, 0.01619064247921391]], [[0.8858467170571933, 0.0372087251196775, 0.01396095490047871, 0.015846165280927187, 0.03094679516250945, 0.01619064247921391], [0.8858467170571933, 0.0372087251196775, 0.01396095490047871, 0.015846165280927187, 0.03094679516250945, 0.01619064247921391], [0.08955374542721692, 0.07135361273740443, 0.17076821150185387, 0.02345640680169913, 0.6270410847563154, 0.017826938775510205], [0.7334817664916455, 0.09886940056742183, 0.05593080523253565, 0.022600223313607636, 0.07005989042390019, 0.019057913970889066], [0.7512604988472122, 0.11160150734080333, 0.04215865602736718, 0.02595300969027551, 0.04951350828628378, 0.019512819808057903], [0.7512604988472122, 0.11160150734080333, 0.04215865602736718, 0.02595300969027551, 0.04951350828628378, 0.019512819808057903], [0.7334817664916455, 0.09886940056742183, 0.05593080523253565, 0.022600223313607636, 0.07005989042390019, 0.019057913970889066], [0.08570341642657296, 0.14637278680071897, 0.08978761949638966, 0.01932518227502001, 0.6429560327424222, 0.015854962258876153], [0.08540203726099763, 0.15127107100844298, 0.3629636132714061, 0.019325522355588102, 0.3651666800367749, 0.015871076066790352], [0.7220506203633916, 0.12017461936955652, 0.06822218109202748, 0.02126707846400277, 0.0516716724649035, 0.016613828246117873], [0.77349701886801, 0.10182308971124059, 0.047715758417012984, 0.022407719473768954, 0.03773305468453055, 0.016823358845436766], [0.7794034359803096, 0.09591667259894113, 0.047715758417012984, 0.022407719473768954, 0.03773305468453055, 0.016823358845436766], [0.7693160118496826, 0.09535899404393636, 0.04929986666619301, 0.031702434799444026, 0.0375772407583817, 0.016745451882362337], [0.7480352787838396, 0.10118193779301955, 0.050802738594902246, 0.04587908739009099, 0.03742941728998407, 0.01667154014816352], [0.3758864422674332, 0.41148566289282307, 0.07942692837942983, 0.06395619764755787, 0.052762506975214736, 0.01648226183754134], [0.36919050995984226, 0.14220788611487847, 0.08321629575909288, 0.33317264223001636, 0.05579157828860381, 0.016421087647566265], [0.6590950067407807, 0.13305433881052806, 0.0823276033500455, 0.05198897944155894, 0.05706314907317722, 0.016470922583909597], [0.6646221618712495, 0.1325416865076311, 0.08356085705898632, 0.04123937238037144, 0.06162565141960329, 0.01641027076215841], [0.6683714665668461, 0.1276465995443219, 0.07325827245303049, 0.036324194959261716, 0.07803676083600368, 0.01636270564053611], [0.37790657687903423, 0.12303253889265622, 0.08321629575909288, 0.041944738189612266, 0.3574787626320382, 0.016421087647566265], [0.6727778236603094, 0.1162948202052973, 0.089275496897206, 0.027329498370547857, 0.07772103686596495, 0.016601324000674652], [0.7548081026577413, 0.09432517914148626, 0.05236321290320265, 0.024077725143774622, 0.0577542400056316, 0.016671540148163525], [0.6833168549193809, 0.14243588738372356, 0.07042436955956746, 0.029040307667820606, 0.05551891711490809, 0.01926366335459928], [0.626171311576227, 0.18680381330011572, 0.08231524770759767, 0.030259574176076456, 0.055297232295225214, 0.019152820944757842], [0.35518264928773335, 0.4394949468987381, 0.11887688105416047, 0.02741695607316419, 0.042458110435521695, 0.01657045625068209], [0.3362801978378431, 0.16242278162920654, 0.41130287411125793, 0.025273441780059355, 0.048238442804091744, 0.01648226183754134], [0.31354670239893917, 0.17119968461458138, 0.4146684013740662, 0.03289660984736627, 0.05126751411748083, 0.016421087647566265], [0.09532443021329216, 0.12081195963855662, 0.041569367928630335, 0.0336937958610048, 0.6928886328920368, 0.01571181346647923], [0.08372841687871696, 0.1051371377930165, 0.054609480315759046, 0.024387744613461087, 0.7163975846862038, 0.015739635712842422], [0.7372118761649331, 0.11277440998964923, 0.05909010835931218, 0.021069141028468595, 0.05336473288153175, 0.01648973157610513], [0.11144010547630417, 0.4332359898224946, 0.03994730702863191, 0.019320691762968936, 0.380413714550966, 0.01564219135863445], [0.8010787703173375, 0.08257627932189082, 0.03908305158273973, 0.018933000156465558, 0.04156958828904158, 0.01675931033252462], [0.8174012308756797, 0.0787186365578754, 0.03080190256224804, 0.020857528673578152, 0.03531510735749232, 0.01690559397312644], [0.8010787703173375, 0.08257627932189082, 0.03908305158273973, 0.018933000156465558, 0.04156958828904158, 0.01675931033252462], [0.8010787703173375, 0.08257627932189082, 0.03908305158273973, 0.018933000156465558, 0.04156958828904158, 0.01675931033252462], [0.07421073809204812, 0.08311744159649231, 0.03173229143220296, 0.01932069176296894, 0.7759766457576532, 0.01564219135863445], [0.8063597720739555, 0.0709760838794997, 0.03928010335180843, 0.01879931792142481, 0.047962062845819414, 0.016622659927492144], [0.07329339803992826, 0.07310801888613082, 0.037487905870526604, 0.02431818053238074, 0.7760018098523731, 0.01579068681866052], [0.0669643522535119, 0.06395905062265415, 0.021255773712241008, 0.0204896610324447, 0.8107997210526177, 0.016531441326530612], [0.8858467170571933, 0.0372087251196775, 0.01396095490047871, 0.015846165280927187, 0.03094679516250945, 0.01619064247921391]], [[0.8860476339877094, 0.03700013097479109, 0.014024662602962121, 0.015887791456260396, 0.03081154719574506, 0.016228233782532048], [0.8719757369614514, 0.043091692713121285, 0.014817377581663297, 0.017110201017343875, 0.03547583195440338, 0.017529159772016915], [0.11480893774401302, 0.12289888906197209, 0.12553372216315603, 0.02340889398410968, 0.5955041929567501, 0.0178453640899991], [0.12331779807532847, 0.13736214856838488, 0.015883957194365105, 0.03557795966708459, 0.6700127724048379, 0.0178453640899991], [0.7021516794779914, 0.16000083436717957, 0.018381577798484358, 0.03138731163522712, 0.06814843784058926, 0.01993015888052834], [0.7021516794779914, 0.16000083436717957, 0.018381577798484358, 0.03138731163522712, 0.06814843784058926, 0.01993015888052834], [0.137231847898126, 0.2453448025761393, 0.01612602967109934, 0.03423197900142646, 0.5491129432070339, 0.017952397646175032], [0.09444325682836137, 0.4598851128959179, 0.02580978635088508, 0.03042222854794647, 0.3735685393100988, 0.015871076066790352], [0.09444325682836137, 0.4604821768072019, 0.03154159989921239, 0.03042222854794647, 0.36723966185048745, 0.015871076066790352], [0.4232236746213985, 0.4531729550810386, 0.015806994686548153, 0.035407233412902625, 0.05571103979317387, 0.016678102404938184], [0.7049566005397148, 0.18446711669033075, 0.015918488078878044, 0.02862951773909715, 0.04918293445854617, 0.01684534249343302], [0.4493378524926874, 0.43538234546096005, 0.015824700398223184, 0.03336881608905815, 0.04938162458662061, 0.01670466097245073], [0.7125633752714038, 0.15934288980592662, 0.015806994686548153, 0.046306688947100216, 0.04930194888408297, 0.016678102404938184], [0.4163751585662861, 0.167236870177005, 0.015707341300483388, 0.32277427462953795, 0.06137773300084645, 0.016528622325841034], [0.13883632906830803, 0.1312055682555632, 0.014508705165106666, 0.3409435354674878, 0.3587422239419236, 0.015763638101610668], [0.13075932259893686, 0.1425614330548546, 0.014438995500001297, 0.057993742779487045, 0.6385346926002409, 0.01571181346647923], [0.6668884417901971, 0.19274725399662695, 0.015739362058167863, 0.04476132049781163, 0.06328696819482854, 0.01657665346236775], [0.2773994285769197, 0.5482230325103671, 0.021029449598021027, 0.045978154753802944, 0.08949067667591722, 0.01787925788497217], [0.12862758782601172, 0.44736864267845733, 0.014565317373843858, 0.03360341128217228, 0.36002931521593207, 0.01580572562358277], [0.12767315199573306, 0.161595296342018, 0.014576482922634056, 0.03447705706735345, 0.6458639851840678, 0.01581402648819343], [0.41230372495444173, 0.1587443481538223, 0.015691752247400156, 0.03638666919982048, 0.3603682666982989, 0.016505238746216188], [0.7074521823652453, 0.14581930324176706, 0.01587988033460847, 0.034380435708339145, 0.0796807674730112, 0.016787430877028657], [0.6393196854565781, 0.20734421438671977, 0.01802243747281812, 0.038034056667689116, 0.07790938145342385, 0.019370224562771], [0.5636985161724685, 0.26672492565946765, 0.01794978410485088, 0.0460002471111965, 0.08630071859263459, 0.019325808359381837], [0.3658872790161955, 0.4861457946639017, 0.027867861072579762, 0.03664534944144212, 0.06699255971835176, 0.016461156087529124], [0.14212444297840626, 0.46344618566642704, 0.014545088576244878, 0.032803608790702356, 0.33128998716955893, 0.01579068681866052], [0.3632472705289685, 0.48123502855555134, 0.038637237306957076, 0.036742919032871454, 0.06353622057497692, 0.01660132400067465], [0.38104363266909025, 0.4768880562793895, 0.023891891386220818, 0.037123502933173465, 0.06442646952271691, 0.0166264472094092], [0.6664689427532975, 0.20508533795480519, 0.015789616858422662, 0.034887000848983475, 0.061117065921741195, 0.016652035662749948], [0.43869168350360754, 0.448854070162491, 0.015898994953094873, 0.029515992196150274, 0.050223156379897965, 0.016816102804758266], [0.7073068307164382, 0.17701557466378318, 0.015824700398223184, 0.030918123813999332, 0.052230109435105455, 0.01670466097245073], [0.7290252847171032, 0.1560819895677984, 0.015842743361549165, 0.030006954166037228, 0.05231130277007237, 0.016731725417439704], [0.7939150133400305, 0.10158995986232322, 0.015772557889528832, 0.02471622094943406, 0.047379800749274274, 0.0166264472094092], [0.08236152987108483, 0.10324621901856025, 0.014576482922634056, 0.02700235238117208, 0.7569993893183552, 0.01581402648819343], [0.7939150133400305, 0.10158995986232322, 0.015772557889528832, 0.02471622094943406, 0.047379800749274274, 0.0166264472094092], [0.7945611361525708, 0.10468804915035543, 0.015861133304939108, 0.023404458930249915, 0.044725912129359946, 0.01675931033252462], [0.7984032841419081, 0.10152043400895075, 0.015958655732006992, 0.022728255263557096, 0.044483776880450694, 0.01690559397312644], [0.7939150133400305, 0.10158995986232322, 0.015772557889528832, 0.02471622094943406, 0.047379800749274274, 0.0166264472094092], [0.07369728299011039, 0.07351051457801751, 0.037623459263467315, 0.024355038091405604, 0.7750500669753885, 0.015763638101610668], [0.8858467170571933, 0.0372087251196775, 0.01396095490047871, 0.015846165280927187, 0.03094679516250945, 0.01619064247921391]], [[0.8867037776405424, 0.03631891549019326, 0.014232715774557536, 0.01602373196991675, 0.030369861695557887, 0.016350997429232073], [0.08539829709180687, 0.06827622104215747, 0.16180215019338173, 0.023216131834351096, 0.6433870832202271, 0.017920116618075802], [0.6906192422500921, 0.16392943018340053, 0.01814377680637302, 0.03246615577003488, 0.07526793759773835, 0.019573457392361333], [0.7056769317200059, 0.15155227275562805, 0.018255763673019468, 0.033321658567193664, 0.07149920493752175, 0.01969416834663112], [0.7209061488541211, 0.14609942053007405, 0.018602823372825407, 0.029545599985176793, 0.06471249752901655, 0.02013350972878631], [0.6377100321595531, 0.20920865181451265, 0.018038467503645152, 0.03733240684171532, 0.07825160822300058, 0.019458833457573238], [0.5979704320577501, 0.24461627597073118, 0.01780277731831191, 0.040658782373849525, 0.0799298675426206, 0.01902186473673663], [0.4086897162535614, 0.46220186563265353, 0.015723208729514535, 0.0322934083126658, 0.06453937760221698, 0.016552423469387754], [0.09703931104910091, 0.4728277315517651, 0.01933702668424786, 0.027336654242012884, 0.36758820040608275, 0.015871076066790352], [0.39773219721135555, 0.4615273034737454, 0.015789616858422662, 0.04713224732266639, 0.06116659947106004, 0.016652035662749948], [0.42686286808424934, 0.4550657216409346, 0.015806994686548153, 0.03628436429924675, 0.04930194888408298, 0.016678102404938187], [0.11258308881461546, 0.13184169219562586, 0.014653220694319425, 0.027336654242012884, 0.697714267986636, 0.015871076066790352], [0.11838833258593712, 0.1287586398319448, 0.014653220694319423, 0.03042222854794647, 0.6919065022730618, 0.015871076066790352], [0.11186877794980385, 0.13112738133081428, 0.014653220694319425, 0.03545598773870487, 0.6910235562195672, 0.015871076066790352], [0.4186100294843109, 0.4453970327016692, 0.015707341300483388, 0.042379241186849055, 0.06137773300084646, 0.016528622325841034], [0.6628987690610497, 0.20303142445195818, 0.015772557889528832, 0.03956807788119746, 0.062102723506856486, 0.0166264472094092], [0.40639678628387593, 0.4635418581638256, 0.015842743361549165, 0.036958914318812174, 0.06052797245449729, 0.016731725417439704], [0.6705950317091685, 0.19573168681905875, 0.015661380471565584, 0.03644589933693772, 0.06510632058080507, 0.01645968108246433], [0.13816166320926815, 0.15952417686867046, 0.014646738974739523, 0.03425745496168422, 0.6375437086588561, 0.015866257326781416], [0.6766082264945076, 0.15801871382148483, 0.015646583965389767, 0.029365072266487713, 0.10392391712892947, 0.016437486323200606], [0.12488967275191266, 0.11986113377197213, 0.014524689788750109, 0.031119030338217897, 0.6938299517119209, 0.01577552163722632], [0.7167499945477905, 0.15526305118421396, 0.015723208729514535, 0.03125574597500346, 0.06445557609408971, 0.016552423469387754], [0.6122540396977364, 0.21714387953441647, 0.01793361445027082, 0.04629683523229695, 0.08704664994976502, 0.01932498113551432], [0.5638639796624706, 0.2557816370131097, 0.017758784962807455, 0.050698531874461175, 0.09282092072228415, 0.01907614576486693], [0.4417655424889496, 0.19150283172814173, 0.014576482922634056, 0.03940766036646309, 0.29693345600561794, 0.01581402648819343], [0.15396001401743564, 0.48753178291753074, 0.014653220694319423, 0.03805404199350014, 0.2899298643104237, 0.015871076066790352], [0.3643827800420147, 0.49758169566492805, 0.020423168048096303, 0.037573493822537156, 0.06346220896005622, 0.01657665346236775], [0.6385306106129335, 0.22883311669483763, 0.015755809083705795, 0.036742919032871454, 0.06353622057497692, 0.01660132400067465], [0.3940480988566506, 0.4741315241162447, 0.015861133304939108, 0.03762667101820991, 0.0615732623714311, 0.01675931033252462], [0.40513490721570405, 0.4668569173743594, 0.01587988033460847, 0.03438043570833915, 0.060960428489960375, 0.016787430877028657], [0.41580415759619244, 0.4597248586360525, 0.015723208729514535, 0.0374435003936971, 0.05475185117515566, 0.016552423469387754], [0.09917410401950975, 0.11675232708812301, 0.014611868650849489, 0.026790423289817795, 0.7268309434592932, 0.015840333492406593], [0.09751962046472501, 0.11164992771073268, 0.014653220694319423, 0.03042222854794647, 0.7298839265154861, 0.015871076066790352], [0.09186356456410388, 0.11633289872522541, 0.014653220694319423, 0.027016431446497194, 0.7342628085030637, 0.015871076066790352], [0.08277132132538291, 0.1037919405742366, 0.014545088576244878, 0.02705183305682824, 0.7560491296486467, 0.01579068681866052], [0.7945611361525708, 0.10468804915035543, 0.015861133304939108, 0.023404458930249915, 0.044725912129359946, 0.01675931033252462], [0.7984032841419081, 0.10152043400895075, 0.015958655732006992, 0.022728255263557096, 0.044483776880450694, 0.01690559397312644], [0.7501220560591718, 0.1355976153558445, 0.01593837106717687, 0.029375722269997996, 0.0520910682719275, 0.016875166975881258], [0.8010787703173375, 0.08257627932189082, 0.03908305158273973, 0.018933000156465558, 0.04156958828904158, 0.01675931033252462], [0.8858467170571933, 0.0372087251196775, 0.01396095490047871, 0.015846165280927187, 0.03094679516250945, 0.01619064247921391]], [[0.9053776841240975, 0.028075991943217644, 0.013278967051224073, 0.014478888792669354, 0.024090322239221005, 0.014698145849570379], [0.07818765155979338, 0.08339787008894571, 0.0850947970178553, 0.019322748317913165, 0.7182572973026499, 0.015739635712842422], [0.07939745483079966, 0.09397495746926839, 0.014565317373843858, 0.027641305112302436, 0.7686152395902027, 0.01580572562358277], [0.08366766250395977, 0.09271272746082682, 0.01447641939061892, 0.027160062661592432, 0.7662434922701595, 0.015739635712842422], [0.7436147932477881, 0.13864399618862855, 0.015842743361549165, 0.029294832953916015, 0.055871908830678434, 0.016731725417439704], [0.7343488816224083, 0.14348844375533493, 0.015739362058167863, 0.031437281894039375, 0.05840937720768169, 0.01657665346236775], [0.10055468486465895, 0.14826381730117547, 0.014455438223249401, 0.027582691279333722, 0.6934193307620092, 0.015724037569573284], [0.5302347899790179, 0.34434416495610287, 0.014484339593236948, 0.033779310949219425, 0.06202776269497636, 0.015129631827446529], [0.10585588549311417, 0.3492644176857887, 0.01365610197410812, 0.02507177083390652, 0.49153883567489004, 0.014612988338192419], [0.5167763702298565, 0.1552406040034842, 0.01453558119891551, 0.24543837648946554, 0.05280257384231382, 0.015206494235964372], [0.5411559002641874, 0.345835751306519, 0.014548984674474949, 0.03489515580803734, 0.04833760849747775, 0.01522659944930353], [0.09311367025268624, 0.10824543005205156, 0.01365610197410812, 0.023621656904438695, 0.7467501524785229, 0.014612988338192419], [0.3006433097554157, 0.30879140830585033, 0.01365610197410812, 0.028272290180592352, 0.3340239014458411, 0.014612988338192419], [0.09382212121048283, 0.10895388100984817, 0.01365610197410812, 0.023621656904438695, 0.7453332505629297, 0.014612988338192419], [0.7572448260453233, 0.14626332232188782, 0.014562638682287837, 0.02580202979484142, 0.04088010269463662, 0.01524708046102286], [0.41839969702877056, 0.4568863817364862, 0.015789616858422662, 0.03347894880768984, 0.05879331990588077, 0.016652035662749948], [0.4088682968870648, 0.46091452361526075, 0.015772557889528832, 0.03571545089187983, 0.062102723506856486, 0.0166264472094092], [0.4371009816838727, 0.14278046808814562, 0.014450751434835419, 0.03155527719695959, 0.3583919683511921, 0.015720553244994682], [0.6880045632426132, 0.1623446537947241, 0.015646583965389767, 0.029365072266487713, 0.08820164040758455, 0.016437486323200606], [0.40957523610429825, 0.17840690927019184, 0.01587988033460847, 0.03297238366704552, 0.3463781597468272, 0.016787430877028657], [0.4118104778916998, 0.44903328811019333, 0.01567643430828359, 0.030503414030336427, 0.07649412382194543, 0.01648226183754134], [0.12648951613014073, 0.1213847149476608, 0.014450751434835419, 0.031296759708276174, 0.6906577045340921, 0.015720553244994682], [0.5578227704567843, 0.26296297807260366, 0.01777699539317852, 0.050351252741318735, 0.09200626418167628, 0.019079739154438446], [0.5762601359345842, 0.2489658838597916, 0.01787667971805447, 0.04789448290806692, 0.08976323854231293, 0.01923957903718979], [0.6678232902868306, 0.19555594039556318, 0.015604447179254402, 0.03849034119550561, 0.06611107629059812, 0.01641490465224805], [0.151589372188995, 0.4775868212054176, 0.01461625539509974, 0.03924268652926826, 0.30112126992769717, 0.015843594753522115], [0.24146216161852585, 0.5923040446125059, 0.021029449598021027, 0.04373223400788218, 0.08359285227809278, 0.017879257884972168], [0.13250478486590828, 0.16050145272061833, 0.014345346334706067, 0.032263813853472136, 0.6447424108666607, 0.01564219135863445], [0.3973072088833754, 0.46789011919139156, 0.015755809083705795, 0.03695227003388526, 0.06549326880696725, 0.01660132400067465], [0.6542466041931867, 0.2048476683044727, 0.015772557889528832, 0.04408025288068553, 0.0644264695227169, 0.0166264472094092], [0.12409914456454131, 0.1217967965217093, 0.0144554382232494, 0.029505190807037285, 0.6944193923138895, 0.015724037569573284], [0.42095122097187165, 0.4476676496451042, 0.01567643430828359, 0.04304987402195771, 0.05617255921524151, 0.01648226183754134], [0.089775812794915, 0.12313344309103927, 0.014653220694319425, 0.023930857140563606, 0.7326355902123723, 0.015871076066790352], [0.7385554078426567, 0.14061953701131993, 0.015739362058167863, 0.03085005888602429, 0.05765898073946343, 0.01657665346236775], [0.7528693472746194, 0.1307270616380306, 0.015842743361549165, 0.02870760994590093, 0.055121512362460164, 0.016731725417439704], [0.7984032841419081, 0.10152043400895075, 0.015958655732006992, 0.022728255263557096, 0.044483776880450694, 0.01690559397312644], [0.7501220560591718, 0.1355976153558445, 0.01593837106717687, 0.029375722269997996, 0.0520910682719275, 0.016875166975881258], [0.7471122687054365, 0.13776237570687958, 0.01591848807887804, 0.030330105708341826, 0.05203141930703101, 0.016845342493433016], [0.7840876706773231, 0.08840359777653567, 0.05054459854240483, 0.022407719473768954, 0.03773305468453055, 0.016823358845436766], [0.8858467170571933, 0.0372087251196775, 0.01396095490047871, 0.015846165280927187, 0.03094679516250945, 0.01619064247921391]], [[0.9053175864095638, 0.02785669986744698, 0.013433680659763905, 0.014603273496898758, 0.023971770895858342, 0.014816988670468188], [0.8063828455524473, 0.07727220408678111, 0.03908305158273973, 0.018933000156465558, 0.04156958828904158, 0.01675931033252462], [0.7949040488217615, 0.10175386950356448, 0.016111134251595275, 0.023976213102630237, 0.04620711217279235, 0.017047622147655997], [0.7436147932477881, 0.13864399618862855, 0.015842743361549165, 0.029294832953916015, 0.055871908830678434, 0.016731725417439704], [0.740782048005609, 0.1406918725261275, 0.01582470039822318, 0.03020600260187812, 0.05579071549571151, 0.016704660972450727], [0.1018032184779614, 0.1434494144904243, 0.014379368042068623, 0.02770857883747732, 0.6969919358506556, 0.015667484301412873], [0.7020577852758815, 0.15154535395256863, 0.015707341300483388, 0.03663806413032195, 0.07752283301490354, 0.016528622325841034], [0.5267214075918633, 0.1420630536681663, 0.014472091051528694, 0.03119941355057968, 0.27043277512297786, 0.015111259014884148], [0.32323216996057647, 0.3473652576589427, 0.01365610197410812, 0.02633970089600028, 0.27479378117218006, 0.014612988338192419], [0.5182919637824104, 0.35786911929965265, 0.014522421422911696, 0.03762367001514614, 0.05650607090792053, 0.015186754571958654], [0.7469398164144716, 0.14103012663975087, 0.014605176168166444, 0.03341794552267911, 0.04869604856509126, 0.01531088668984077], [0.7626953355298278, 0.12796592394387934, 0.014484339593236948, 0.029356550319230096, 0.050368218786379364, 0.015129631827446529], [0.7790323606922118, 0.12165882924405463, 0.014496806858904279, 0.026739596936497544, 0.04292407354238422, 0.015148332725947523], [0.5690195664446567, 0.3350937378537333, 0.014576550312889644, 0.025099492449450082, 0.04094270503234476, 0.015267947906925573], [0.5587532429565999, 0.3425027365779384, 0.014509498759989036, 0.026066926179005356, 0.043000224948892767, 0.01516737057757466], [0.11251154554541534, 0.4315561368752366, 0.014450751434835419, 0.027590447384811763, 0.3981705655147062, 0.015720553244994682], [0.693459678305339, 0.18182640045991777, 0.015789616858422662, 0.03347894880768984, 0.05879331990588077, 0.016652035662749948], [0.7044772365951316, 0.1643922299460091, 0.01569175224740016, 0.03497861715852686, 0.06395492530671608, 0.01650523874621619], [0.15782164554102832, 0.11923421633833202, 0.014524689788750109, 0.033595354201096383, 0.6590485724935669, 0.01577552163722632], [0.4231015700792832, 0.4445724893252836, 0.015676434308283593, 0.030552609610875296, 0.06961463483873308, 0.01648226183754134], [0.13639113949703288, 0.11911628755308819, 0.014560836667054093, 0.03103214225415326, 0.6830971995212857, 0.0158023945073859], [0.37793437218145376, 0.4872032963025328, 0.015691752247400156, 0.03638666919982048, 0.06627867132257646, 0.016505238746216188], [0.5386192260504858, 0.2879341318050575, 0.017893477184981507, 0.05040108708093472, 0.0859107298989627, 0.019241347979577772], [0.5565669660106474, 0.26988177644157757, 0.017882849949618952, 0.05136176842648944, 0.08510414827910251, 0.019202490892564147], [0.25482539195777015, 0.5791424338252744, 0.021035396494364172, 0.04368976264384125, 0.08343330734748255, 0.01787370773126769], [0.650040018698136, 0.21422452352402183, 0.015661380471565588, 0.03820398607757303, 0.06541041014623915, 0.01645968108246433], [0.3836162718518448, 0.48488751057267804, 0.015824700398223184, 0.036288599954681706, 0.06267825625012162, 0.01670466097245073], [0.38678332780614133, 0.48157438860076596, 0.015755809083705795, 0.03329984519494467, 0.06598530531376753, 0.01660132400067465], [0.6696232296330503, 0.19625804233083202, 0.015842743361549165, 0.03881187411702919, 0.06273238514009956, 0.016731725417439704], [0.6833767993813117, 0.17236476052852037, 0.015861133304939108, 0.05006473408127297, 0.06157326237143109, 0.01675931033252462], [0.42448035886196117, 0.16122968107472385, 0.015707341300483388, 0.31818698222555136, 0.06386701421143913, 0.016528622325841034], [0.7134800468896747, 0.15167291545553838, 0.015806994686548153, 0.04740129723834497, 0.054960643324955614, 0.016678102404938184], [0.09556407255312793, 0.12436367827019348, 0.01447641939061892, 0.023466836196088737, 0.7263893578771284, 0.015739635712842422], [0.7329867794596673, 0.14905456209043869, 0.015806994686548153, 0.030512918033452005, 0.054960643324955614, 0.016678102404938184], [0.7471364041395611, 0.13622737490050355, 0.01591848807887804, 0.029030761488205534, 0.05484162889941881, 0.016845342493433016], [0.7565281252375183, 0.12768068080524655, 0.01593837106717687, 0.028076378049861697, 0.0549012778643153, 0.016875166975881258], [0.7436305328540938, 0.14069187252612753, 0.015824700398223184, 0.030918123813999332, 0.052230109435105455, 0.01670466097245073], [0.7759400672569926, 0.09224967144079115, 0.053631578720294094, 0.02407772514377462, 0.03742941728998407, 0.01667154014816352], [0.7693392248436651, 0.09010030106523778, 0.053921527445771944, 0.026529670267082833, 0.04336382449587987, 0.016745451882362337], [0.8862196145124717, 0.03682157892142364, 0.014079195011337869, 0.01592342255742877, 0.030695777876367937, 0.01626041112097013]], [[0.9053006697204429, 0.027794972131188242, 0.01347723043597001, 0.014638286099111178, 0.023938400305377625, 0.014850441307910026], [0.8227053061107896, 0.07341456132276569, 0.030801902562248046, 0.020857528673578155, 0.03531510735749232, 0.01690559397312644], [0.7472735712106873, 0.1355976153558445, 0.01593837106717687, 0.02866360105787679, 0.055651674332533575, 0.01687516697588126], [0.740782048005609, 0.1406918725261275, 0.01582470039822318, 0.03020600260187812, 0.05579071549571151, 0.016704660972450727], [0.7413130119415249, 0.13988468977652185, 0.015898994953094873, 0.03055365453381261, 0.055533545990287564, 0.016816102804758266], [0.7233653962907572, 0.14754494827620024, 0.015789616858422662, 0.03548140344080985, 0.06116659947106004, 0.016652035662749948], [0.6933771386215096, 0.16401217691172626, 0.015691752247400156, 0.03698107179164686, 0.07343262168150085, 0.016505238746216188], [0.10612615499717883, 0.3471784318391387, 0.01365610197410812, 0.027303897715685248, 0.49112242513569665, 0.014612988338192419], [0.5135223232513619, 0.35260770048333145, 0.014425172908714031, 0.030060420637744507, 0.07434350091818588, 0.015040881800662154], [0.5158577155097737, 0.36288385788811645, 0.014576550312889645, 0.03498166971957049, 0.05643225866272428, 0.015267947906925573], [0.524411064245613, 0.3590049991004023, 0.014522421422911696, 0.030757662864024177, 0.056117097795090026, 0.015186754571958654], [0.10845591520029912, 0.10263746008058121, 0.01365610197410812, 0.04226439358009146, 0.7183731408267277, 0.014612988338192419], [0.1062264494860546, 0.0989420721483929, 0.01365610197410812, 0.25035260322674385, 0.516209784826508, 0.014612988338192419], [0.766248022053861, 0.13444316788240546, 0.014496806858904277, 0.026739596936497544, 0.042924073542384214, 0.015148332725947521], [0.08755191467886654, 0.10733286922884384, 0.01365610197410812, 0.027851290246227074, 0.7489948355337619, 0.014612988338192419], [0.4534449364330424, 0.4317899466109153, 0.015739362058167863, 0.030448815136915906, 0.05200028629859079, 0.01657665346236775], [0.7326985638366739, 0.15589669554758712, 0.015898994953094873, 0.029565187776689136, 0.04912445508119665, 0.016816102804758266], [0.7245629019311184, 0.15116072071609885, 0.01587988033460847, 0.03297238366704552, 0.05863668247409996, 0.016787430877028657], [0.7371362754724701, 0.14737978444641464, 0.015723208729514535, 0.03130494155554233, 0.05190336632667083, 0.016552423469387758], [0.4160473650003862, 0.12093712561063046, 0.014520133424066698, 0.027475628028949914, 0.4052476136616963, 0.015772134274270457], [0.6971381387847746, 0.18577697537360616, 0.015676434308283593, 0.030503414030336434, 0.05442277566545796, 0.01648226183754134], [0.4144230875081152, 0.4575687370819483, 0.01587988033460847, 0.03438043570833915, 0.060960428489960375, 0.016787430877028657], [0.5563820185345689, 0.2702415942543368, 0.017951312134278218, 0.05028364364622674, 0.08585589278673086, 0.019285538643858312], [0.5533198007814873, 0.26835102676205863, 0.0177329452904297, 0.05011137578703871, 0.09144746512268528, 0.019037386256300304], [0.13298517256568043, 0.1737458575939569, 0.014438995500001297, 0.035348139233495925, 0.6277700216403861, 0.01571181346647923], [0.14295558674614622, 0.46140199466828224, 0.01447641939061892, 0.0398227179129621, 0.32560364556914806, 0.015739635712842422], [0.39425179734496907, 0.4741059190619382, 0.015755809083705795, 0.03329984519494467, 0.06598530531376753, 0.01660132400067465], [0.6601415680599015, 0.20505576001486553, 0.015755809083705795, 0.03695227003388526, 0.06549326880696725, 0.01660132400067465], [0.42144700210900143, 0.4472255002443686, 0.015824700398223184, 0.0381490519462091, 0.060649084329747, 0.01670466097245073], [0.6872677212498741, 0.17290681100474012, 0.015755809083705795, 0.04393211408602832, 0.06353622057497692, 0.01660132400067465], [0.15428115096741687, 0.12644464061729616, 0.014545088576244878, 0.028847104352417392, 0.660091328667964, 0.01579068681866052], [0.7016081941179142, 0.1626572899327701, 0.015707341300483388, 0.03916350876144757, 0.06433504356154397, 0.016528622325841038], [0.7163184299493206, 0.1657229116007855, 0.015806994686548153, 0.030512918033452012, 0.05496064332495562, 0.016678102404938187], [0.37471226146400904, 0.5060251588274429, 0.015789616858422662, 0.032909465820431215, 0.05391146136694405, 0.016652035662749948], [0.7339109177100723, 0.1448707926091015, 0.019652605828201077, 0.029966431525797525, 0.05478314952206931, 0.016816102804758266], [0.7452740026303123, 0.1339009422236644, 0.015739362058167863, 0.030850058886024295, 0.05765898073946344, 0.01657665346236775], [0.100957204277967, 0.09511645881651591, 0.026000247162947736, 0.01932122556841049, 0.7429373798727459, 0.015667484301412873], [0.9052923036487323, 0.027764444959802105, 0.013498767779839209, 0.014655601422387136, 0.02392189703153989, 0.014866985157699443], [0.9053027707886807, 0.027802638772403944, 0.013471821513993726, 0.014633937501941415, 0.02394254496319076, 0.014846286459789396], [0.8870407084956656, 0.03596911020783227, 0.014339551423601831, 0.016093537649380908, 0.03014305545788267, 0.016414036765636648]], [[0.9053006697204429, 0.027794972131188242, 0.01347723043597001, 0.014638286099111178, 0.023938400305377625, 0.014850441307910026], [0.768175444971994, 0.08840359777653567, 0.058500711395069405, 0.022407719473768954, 0.04568916753719513, 0.016823358845436766], [0.7404574194723911, 0.13737990590535218, 0.015739362058167863, 0.031437281894039375, 0.05840937720768169, 0.01657665346236775], [0.10117418627583954, 0.14250247239507755, 0.01441769347686199, 0.027645154571542374, 0.6985645164930169, 0.01569597678766163], [0.7233653962907572, 0.14754494827620024, 0.015789616858422662, 0.03548140344080985, 0.06116659947106004, 0.016652035662749948], [0.704531322718308, 0.1608757635857182, 0.01577255788952883, 0.03771790552499984, 0.06447600307203576, 0.0166264472094092], [0.12656104027909199, 0.16126696438889684, 0.014524689788750109, 0.032364945660092764, 0.649506838245942, 0.01577552163722632], [0.5285276966147395, 0.3404222592512612, 0.014413936210644972, 0.03067282068250818, 0.07093926048728748, 0.015024026753558566], [0.10346224034040703, 0.12822949862949123, 0.01365610197410812, 0.027303897715685255, 0.7127352730021159, 0.014612988338192419], [0.20428566701410153, 0.4465796303787408, 0.018665996112730808, 0.03640112846975, 0.2778767325436271, 0.016190845481049564], [0.5258517332514202, 0.35330923394056013, 0.014576550312889644, 0.03186248158164661, 0.05913205300655778, 0.015267947906925573], [0.5297564122171309, 0.3535196306247698, 0.014522421422911696, 0.030757662864024177, 0.05625711829920463, 0.015186754571958654], [0.7429691305843257, 0.14614594266750164, 0.014535581198915511, 0.030204997129334152, 0.05093785418395867, 0.015206494235964374], [0.5507268161843413, 0.3430560301813294, 0.014619905977192368, 0.02804973002410719, 0.04821453622964997, 0.015332981403379659], [0.557668557929383, 0.34302263200688354, 0.014496806858904277, 0.026739596936497544, 0.042924073542384214, 0.015148332725947521], [0.7266488295025102, 0.16277488772753534, 0.01591848807887804, 0.028629517739097145, 0.049182934458546164, 0.016845342493433016], [0.7369778272762189, 0.15244588995382666, 0.01591848807887804, 0.028629517739097145, 0.049182934458546164, 0.016845342493433016], [0.7369475669051566, 0.1516476924791043, 0.015898994953094873, 0.029565187776689136, 0.04912445508119666, 0.016816102804758266], [0.7446379224928709, 0.1447857947371747, 0.01591848807887804, 0.028629517739097145, 0.049182934458546164, 0.016845342493433016], [0.7458555191286133, 0.14011125655178266, 0.0157558090837058, 0.029577122783405373, 0.0520989684518184, 0.016601324000674652], [0.12610251375777257, 0.14999445352536098, 0.01461625539509974, 0.026783652402699316, 0.6666595301655451, 0.015843594753522112], [0.7224865087914263, 0.16456526523049828, 0.015806994686548153, 0.030062478703804754, 0.050400650182784265, 0.016678102404938184], [0.6019654091393268, 0.23064128261606795, 0.01786169478191707, 0.04592732255695635, 0.08447518037931237, 0.019129110526419427], [0.5947734558318833, 0.22882158757969956, 0.017821866053245736, 0.04949555391300176, 0.08999894332432716, 0.019088593297842377], [0.6906561580359576, 0.165633037186252, 0.015755809083705795, 0.036742919032871454, 0.07461075266053842, 0.01660132400067465], [0.6863277906773958, 0.16136181787201498, 0.015772557889528832, 0.037332853934187275, 0.08257853241746384, 0.0166264472094092], [0.6656712194541526, 0.18710843381296138, 0.01567643430828359, 0.03740613273151878, 0.07765551785554238, 0.01648226183754134], [0.45812234881392616, 0.1527548083273065, 0.014379368042068623, 0.03217723049099685, 0.326898760024289, 0.015667484301412873], [0.5432729695156647, 0.2857457619678923, 0.021029449598021027, 0.04302011279576098, 0.08905244823768875, 0.017879257884972168], [0.7034958371619295, 0.15561175737538457, 0.015739362058167863, 0.039050059026305234, 0.06952633091584501, 0.01657665346236775], [0.4523930901216726, 0.14562086905125612, 0.014565317373843858, 0.03276990803207589, 0.3388450897975688, 0.01580572562358277], [0.4452397748632