{"round_id": "ae78003a-4efe-425a-881a-d16a39bca0ad", "seed_index": 2, "prediction": [[[0.8858467170571933, 0.0372087251196775, 0.01396095490047871, 0.015846165280927187, 0.03094679516250945, 0.01619064247921391], [0.8858467170571933, 0.0372087251196775, 0.01396095490047871, 0.015846165280927187, 0.03094679516250945, 0.01619064247921391], [0.8858467170571933, 0.0372087251196775, 0.01396095490047871, 0.015846165280927187, 0.03094679516250945, 0.01619064247921391], [0.8858467170571933, 0.0372087251196775, 0.01396095490047871, 0.015846165280927187, 0.03094679516250945, 0.01619064247921391], [0.8858467170571933, 0.0372087251196775, 0.01396095490047871, 0.015846165280927187, 0.03094679516250945, 0.01619064247921391], [0.8858467170571933, 0.0372087251196775, 0.01396095490047871, 0.015846165280927187, 0.03094679516250945, 0.01619064247921391], [0.8858467170571933, 0.0372087251196775, 0.01396095490047871, 0.015846165280927187, 0.03094679516250945, 0.01619064247921391], [0.8860476339877094, 0.03700013097479109, 0.014024662602962121, 0.015887791456260396, 0.03081154719574506, 0.016228233782532048], [0.8867037776405424, 0.03631891549019326, 0.014232715774557536, 0.01602373196991675, 0.030369861695557887, 0.016350997429232073], [0.9053776841240975, 0.028075991943217644, 0.013278967051224073, 0.014478888792669354, 0.024090322239221005, 0.014698145849570379], [0.9053175864095638, 0.02785669986744698, 0.013433680659763905, 0.014603273496898758, 0.023971770895858342, 0.014816988670468188], [0.9053006697204429, 0.027794972131188242, 0.01347723043597001, 0.014638286099111178, 0.023938400305377625, 0.014850441307910026], [0.9053006697204429, 0.027794972131188242, 0.01347723043597001, 0.014638286099111178, 0.023938400305377625, 0.014850441307910026], [0.9053006697204429, 0.027794972131188242, 0.01347723043597001, 0.014638286099111178, 0.023938400305377625, 0.014850441307910026], [0.9033868068635637, 0.028556888159640637, 0.013626112804779381, 0.014836880651404235, 0.02453519194547467, 0.01505811957513738], [0.9053006697204429, 0.027794972131188242, 0.01347723043597001, 0.014638286099111178, 0.023938400305377625, 0.014850441307910026], [0.9053006697204429, 0.027794972131188242, 0.01347723043597001, 0.014638286099111178, 0.023938400305377625, 0.014850441307910026], [0.9053006697204429, 0.027794972131188242, 0.01347723043597001, 0.014638286099111178, 0.023938400305377625, 0.014850441307910026], [0.9053006697204429, 0.027794972131188242, 0.01347723043597001, 0.014638286099111178, 0.023938400305377625, 0.014850441307910026], [0.9053006697204429, 0.027794972131188242, 0.01347723043597001, 0.014638286099111178, 0.023938400305377625, 0.014850441307910026], [0.9053006697204429, 0.027794972131188242, 0.01347723043597001, 0.014638286099111178, 0.023938400305377625, 0.014850441307910026], [0.9053006697204429, 0.027794972131188242, 0.01347723043597001, 0.014638286099111178, 0.023938400305377625, 0.014850441307910026], [0.9053175864095638, 0.02785669986744698, 0.013433680659763905, 0.014603273496898758, 0.023971770895858342, 0.014816988670468188], [0.9053776841240975, 0.028075991943217644, 0.013278967051224073, 0.014478888792669354, 0.024090322239221005, 0.014698145849570379], [0.8867037776405424, 0.03631891549019326, 0.014232715774557536, 0.01602373196991675, 0.030369861695557887, 0.016350997429232073], [0.8860476339877094, 0.03700013097479109, 0.014024662602962121, 0.015887791456260396, 0.03081154719574506, 0.016228233782532048], [0.8858467170571933, 0.0372087251196775, 0.01396095490047871, 0.015846165280927187, 0.03094679516250945, 0.01619064247921391], [0.8860476339877094, 0.03700013097479109, 0.014024662602962121, 0.015887791456260396, 0.03081154719574506, 0.016228233782532048], [0.8858467170571933, 0.0372087251196775, 0.01396095490047871, 0.015846165280927187, 0.03094679516250945, 0.01619064247921391], [0.8858467170571933, 0.0372087251196775, 0.01396095490047871, 0.015846165280927187, 0.03094679516250945, 0.01619064247921391], [0.8858467170571933, 0.0372087251196775, 0.01396095490047871, 0.015846165280927187, 0.03094679516250945, 0.01619064247921391], [0.8858467170571933, 0.0372087251196775, 0.01396095490047871, 0.015846165280927187, 0.03094679516250945, 0.01619064247921391], [0.8858467170571933, 0.0372087251196775, 0.01396095490047871, 0.015846165280927187, 0.03094679516250945, 0.01619064247921391], [0.8858467170571933, 0.0372087251196775, 0.01396095490047871, 0.015846165280927187, 0.03094679516250945, 0.01619064247921391], [0.8858467170571933, 0.0372087251196775, 0.01396095490047871, 0.015846165280927187, 0.03094679516250945, 0.01619064247921391], [0.8858467170571933, 0.0372087251196775, 0.01396095490047871, 0.015846165280927187, 0.03094679516250945, 0.01619064247921391], [0.8858467170571933, 0.0372087251196775, 0.01396095490047871, 0.015846165280927187, 0.03094679516250945, 0.01619064247921391], [0.8858467170571933, 0.0372087251196775, 0.01396095490047871, 0.015846165280927187, 0.03094679516250945, 0.01619064247921391], [0.8858467170571933, 0.0372087251196775, 0.01396095490047871, 0.015846165280927187, 0.03094679516250945, 0.01619064247921391], [0.8858467170571933, 0.0372087251196775, 0.01396095490047871, 0.015846165280927187, 0.03094679516250945, 0.01619064247921391]], [[0.8858467170571933, 0.0372087251196775, 0.01396095490047871, 0.015846165280927187, 0.03094679516250945, 0.01619064247921391], [0.3659241952527456, 0.13553170438989012, 0.38427818536665237, 0.03220203807530946, 0.06552934388429045, 0.01653453303111206], [0.6172016531435143, 0.14708027613749886, 0.08562861237800617, 0.03632419495926171, 0.09740255774118262, 0.01636270564053611], [0.12610650207890947, 0.09068535113045914, 0.38970448922233114, 0.05869640646767184, 0.3191112743129669, 0.01569597678766163], [0.634766541777594, 0.1352381212587504, 0.07157200380893709, 0.029112236010253208, 0.11304798558328895, 0.016263111561176446], [0.35637517284859205, 0.4207961690713287, 0.09784245765686213, 0.03243868143195282, 0.07601298596015227, 0.01653453303111206], [0.6223454456950117, 0.14428259333244267, 0.09784245765686213, 0.0408764201638092, 0.07811855012076231, 0.01653453303111206], [0.36818029720062095, 0.12630681582530998, 0.07641151943396157, 0.051357584026249965, 0.3612728609299479, 0.016470922583909593], [0.6481128394677934, 0.12933963682222413, 0.06853547240625076, 0.045247017532814834, 0.09245810485514974, 0.016306928915766933], [0.3359006648572342, 0.06654054398888812, 0.06236662160363852, 0.04730009743863279, 0.4733661203490831, 0.01452595176252319], [0.5065245623890824, 0.3220762678034136, 0.07527549513724645, 0.03509943714898106, 0.045979097226760135, 0.01504514029451635], [0.5219701742263669, 0.10726915074554881, 0.27904003218459456, 0.029109805096097056, 0.04751763201789577, 0.015093205729496767], [0.7976727732342244, 0.07780346462419663, 0.04936418879017451, 0.021061069755822916, 0.03885657919345309, 0.015241924402128484], [0.7939040651936788, 0.07573245752226271, 0.05003440751334445, 0.01869539387126625, 0.046531482944910954, 0.015102192954536775], [0.0661144900713424, 0.09406363091295904, 0.037342609910616054, 0.02116393083041106, 0.7667023499364789, 0.014612988338192419], [0.0661144900713424, 0.2995290825202646, 0.037342609910616054, 0.02116393083041106, 0.5612368983291735, 0.014612988338192419], [0.7633578706407778, 0.07924040642385838, 0.07632516031169684, 0.02173898518180702, 0.043031554223883516, 0.01630602321797657], [0.09324173463969254, 0.11405416388789825, 0.05489715604379486, 0.035134578545374995, 0.6869206904983998, 0.015751676384839652], [0.7376682438598978, 0.12134361193716711, 0.05887906879863446, 0.022049266824096372, 0.04351337515362467, 0.016546433426579785], [0.7474384697839052, 0.12567427484157012, 0.04929986666619301, 0.023264696067587652, 0.0375772407583817, 0.016745451882362337], [0.46651001953120963, 0.39160708561903207, 0.057481574863925175, 0.02044459000104721, 0.04727203458650748, 0.016684695398278538], [0.08464627215319241, 0.10907080730403595, 0.049278407961538304, 0.019320072771850647, 0.7220715776889246, 0.015612862120457939], [0.7549695268718846, 0.10109243086569777, 0.05899770242227145, 0.02126707846400277, 0.04705943313002549, 0.016613828246117873], [0.7717890518556022, 0.09432517914148625, 0.052363212903202644, 0.02407772514377462, 0.04077329080777063, 0.01667154014816352], [0.7449123921825579, 0.09723356979129884, 0.06653004369931448, 0.021820393546657456, 0.05307160399231103, 0.016431996787860326], [0.09494577466983929, 0.12977810613146512, 0.035379782721728585, 0.02870076112719134, 0.6955280910483629, 0.015667484301412873], [0.3494568981060099, 0.15764363700614406, 0.3923142532754328, 0.03289660984736627, 0.05126751411748083, 0.016421087647566265], [0.3707939897083995, 0.40748959053752093, 0.12652747203327483, 0.030594472570043038, 0.0479931511500869, 0.01660132400067465], [0.7085922757882193, 0.11710168219115223, 0.09278348592091974, 0.02407772514377462, 0.04077329080777063, 0.01667154014816352], [0.4398216770125515, 0.11665418800979903, 0.35858379513750316, 0.02126707846400277, 0.04705943313002549, 0.016613828246117873], [0.7167891005010311, 0.1145562226157848, 0.08106417404116631, 0.0204484023733138, 0.05046731494123449, 0.016674785527469333], [0.15773355646953469, 0.42582796439517345, 0.052599484581987675, 0.019324143139950845, 0.32870912578977074, 0.01580572562358277], [0.4276944132083179, 0.12952125023840189, 0.04557297786872363, 0.024355038091405608, 0.35709268249154025, 0.015763638101610668], [0.4134483841969385, 0.4151916563571721, 0.0813658130241968, 0.025273441780059355, 0.048238442804091744, 0.01648226183754134], [0.6704884789817313, 0.1374955608201772, 0.09143074858567805, 0.03289660984736627, 0.051267514117480824, 0.016421087647566265], [0.4588208672679239, 0.10370887175257087, 0.041569367928630335, 0.0336937958610048, 0.34649528372339067, 0.01571181346647923], [0.4671850713471882, 0.09571920100897675, 0.35498665223953435, 0.022049266824096365, 0.04351337515362466, 0.016546433426579785], [0.7637116489962391, 0.09037724084108781, 0.06832372145434144, 0.023264696067587652, 0.037577240758381696, 0.016745451882362337], [0.7676138147496935, 0.08812665800068563, 0.05824383630889139, 0.025672693673264142, 0.04351963842202873, 0.016823358845436766], [0.8858467170571933, 0.0372087251196775, 0.01396095490047871, 0.015846165280927187, 0.03094679516250945, 0.01619064247921391]], [[0.8858467170571933, 0.0372087251196775, 0.01396095490047871, 0.015846165280927187, 0.03094679516250945, 0.01619064247921391], [0.3397732434700379, 0.1502137422322364, 0.09188070710903162, 0.035888396351179935, 0.36577298825360466, 0.016470922583909597], [0.3718495775338938, 0.45788419753039417, 0.02343144970951795, 0.03984516128474903, 0.09028495296899439, 0.01670466097245073], [0.23026693197716622, 0.3117766404377333, 0.021029449598021027, 0.03732314309879128, 0.3817245770033159, 0.017879257884972168], [0.12836734846032055, 0.16237707825763714, 0.02701378461019087, 0.029482580594822866, 0.6370386548320338, 0.015720553244994682], [0.38803249539288204, 0.18447229501289275, 0.015755809083705795, 0.04263484452018066, 0.35250323198966405, 0.01660132400067465], [0.6565335797498494, 0.17151269833201505, 0.015755809083705795, 0.05189178464820457, 0.08770480418555045, 0.01660132400067465], [0.41448267926466525, 0.15816209009237758, 0.01582470039822318, 0.3173921501608518, 0.07743371911143138, 0.016704660972450727], [0.5541858230399773, 0.2611565090909372, 0.021029449598021027, 0.053902583915801154, 0.09184637647029104, 0.017879257884972168], [0.7333248226809435, 0.14703295848296932, 0.014509498759989036, 0.03658868535303893, 0.05337666414548457, 0.01516737057757466], [0.5341804755816387, 0.34883244012124603, 0.017518352706817664, 0.030757662864024177, 0.05352431415431475, 0.015186754571958654], [0.11130076379675914, 0.3391160644725953, 0.01365610197410812, 0.02707901948494678, 0.4942350619333982, 0.014612988338192419], [0.3402046497408497, 0.3335821475986061, 0.018048775909932303, 0.029356550319230096, 0.26367824460393535, 0.015129631827446529], [0.09605722398734068, 0.31931231727115256, 0.01365610197410812, 0.023142326141104508, 0.5332190422881017, 0.014612988338192419], [0.3366559365680198, 0.5623932497597252, 0.014509498759989034, 0.02606692617900535, 0.045207018155685966, 0.015167370577574658], [0.5410955187343265, 0.35733351042365014, 0.014496806858904277, 0.026739596936497544, 0.04518623432067403, 0.015148332725947521], [0.14825626871876083, 0.12985714384272856, 0.014653220694319423, 0.04364604533185002, 0.6477162453455508, 0.015871076066790352], [0.6873070689750601, 0.18013967128209155, 0.01564658396538977, 0.02936507226648772, 0.07110411718777031, 0.01643748632320061], [0.4222799816542321, 0.4530060971110248, 0.015789616858422662, 0.03347894880768984, 0.05879331990588077, 0.016652035662749948], [0.4385097998146026, 0.44560501477772907, 0.015806994686548153, 0.030111674284343623, 0.05328841403183845, 0.016678102404938187], [0.7226391631505552, 0.1657350483613279, 0.01591848807887804, 0.028580322158558283, 0.05028163575724745, 0.016845342493433016], [0.7343398297158157, 0.1534821427639728, 0.01582470039822318, 0.029168340264215782, 0.0504803258853219, 0.016704660972450727], [0.7492480768765897, 0.13829767678950883, 0.015898994953094873, 0.029515992196150274, 0.05022315637989796, 0.016816102804758266], [0.7193166503984052, 0.15223763030969756, 0.015789616858422662, 0.034887000848983475, 0.061117065921741195, 0.016652035662749948], [0.1272048086997123, 0.12206591056276923, 0.014417693476861991, 0.03137622279793069, 0.6892393876750642, 0.01569597678766163], [0.4033588407500887, 0.45345763235469155, 0.024012947626606586, 0.03638666919982049, 0.06627867132257648, 0.016505238746216188], [0.6388976641473998, 0.15671499000407244, 0.09638083443268836, 0.035888396351179935, 0.05564719248075005, 0.016470922583909597], [0.9053957567825229, 0.028141937725208843, 0.013232441385105112, 0.01444148367185354, 0.02412597314460226, 0.014662407290707256], [0.35775322631538964, 0.15927519633854895, 0.39297743092436904, 0.025273441780059358, 0.04823844280409175, 0.01648226183754134], [0.12133754167513378, 0.12457398296551268, 0.014345346334706067, 0.027764880920596723, 0.6963360567454163, 0.01564219135863445], [0.40240242992171193, 0.440485705278393, 0.02901182809787528, 0.03214940310616059, 0.07937398013349152, 0.01657665346236775], [0.4129649842485236, 0.1398076720716181, 0.0145809347150451, 0.02683816944858912, 0.3899909034078074, 0.015817336108416603], [0.3860407806092214, 0.4580630668528943, 0.015707341300483388, 0.034086027931226934, 0.0895741609803329, 0.016528622325841034], [0.6614569971307198, 0.20090797494341697, 0.015861133304939108, 0.035669037410941275, 0.06934554687745814, 0.01675931033252462], [0.6766527378604181, 0.17862259183497806, 0.01567643430828359, 0.035134603474850284, 0.07743137068392843, 0.01648226183754134], [0.15483034898315737, 0.4412202801846723, 0.014611868650849489, 0.03089526020577752, 0.34260190848313676, 0.015840333492406593], [0.6956333326355083, 0.1484705148266073, 0.0323413774450617, 0.03408602793122693, 0.07294012483575457, 0.016528622325841034], [0.7370904340499328, 0.13988468977652185, 0.022970057693171696, 0.031265775745933824, 0.05197293992968151, 0.016816102804758266], [0.7799066636589956, 0.09037724084108782, 0.05212870679158486, 0.023264696067587652, 0.0375772407583817, 0.016745451882362337], [0.8858467170571933, 0.0372087251196775, 0.01396095490047871, 0.015846165280927187, 0.03094679516250945, 0.01619064247921391]], [[0.8858467170571933, 0.0372087251196775, 0.01396095490047871, 0.015846165280927187, 0.03094679516250945, 0.01619064247921391], [0.5978760033726281, 0.17662725847122546, 0.10234258498051887, 0.03243868143195282, 0.07418093871256266, 0.01653453303111206], [0.3754493020298536, 0.4745603615465202, 0.015755809083705795, 0.03843902837141139, 0.07919417496783429, 0.01660132400067465], [0.12909518380308987, 0.4619255892765336, 0.02116273164480092, 0.029549926075895162, 0.3425705924120188, 0.01569597678766163], [0.6697121058176873, 0.17740667751718975, 0.01567643430828359, 0.037668230717173186, 0.08305428980212491, 0.01648226183754134], [0.4087394811773066, 0.4368112668005508, 0.015772557889528832, 0.037927256526013656, 0.08412299039719101, 0.0166264472094092], [0.4518199430339855, 0.14369192376913664, 0.014305895379269625, 0.028218033582226958, 0.34635134211492336, 0.015612862120457939], [0.6766975348527722, 0.17021120032615458, 0.015755809083705795, 0.051619219302198975, 0.06911491243449382, 0.01660132400067465], [0.6783247700106702, 0.1742011296680095, 0.015739362058167863, 0.049951421342895264, 0.06520666345788945, 0.01657665346236775], [0.5412036481946312, 0.3393965943048924, 0.014590726926931488, 0.03831093596747514, 0.05120888177808142, 0.015289212827988338], [0.7564257432852198, 0.13154419976900256, 0.014605176168166444, 0.03341794552267911, 0.04869604856509125, 0.01531088668984077], [0.7528610550285021, 0.13032219988108054, 0.01628571995136449, 0.029626056338842528, 0.05579370978532618, 0.015111259014884148], [0.7579526372592237, 0.12479054348664205, 0.014484339593236948, 0.029356550319230096, 0.05828629751422087, 0.015129631827446529], [0.31649071030439635, 0.11436309512269481, 0.01365610197410812, 0.028309015731865707, 0.5125680885287426, 0.014612988338192419], [0.5409592834722233, 0.3558133870695303, 0.014496806858904277, 0.026739596936497544, 0.046842592936896986, 0.015148332725947521], [0.5231358738737918, 0.36171209467401944, 0.014548984674474949, 0.0284477454917563, 0.05692870183665391, 0.015226599449303529], [0.4370823429201567, 0.1349801194074569, 0.014600866510800888, 0.05651902023977868, 0.34098549681016227, 0.01583215411164466], [0.1449280555247802, 0.15835422184228062, 0.014653220694319423, 0.32295684715169565, 0.3432365787201337, 0.015871076066790352], [0.13746372355348838, 0.17298764364595565, 0.014653220694319423, 0.0574331831098969, 0.6015911529295492, 0.015871076066790352], [0.12983091425070317, 0.4336942014932262, 0.0145809347150451, 0.039418789991642014, 0.366657823440967, 0.015817336108416603], [0.7213567997264849, 0.1587382243479276, 0.015806994686548153, 0.030062478703804754, 0.05735740013029634, 0.016678102404938184], [0.7341441670152646, 0.15340158665083398, 0.015898994953094873, 0.029515992196150274, 0.050223156379897965, 0.016816102804758266], [0.7170081995589745, 0.15498362503108887, 0.01587988033460847, 0.03438043570833915, 0.06096042848996036, 0.016787430877028657], [0.712866738874756, 0.1553128840981393, 0.015861133304939108, 0.03762667101820991, 0.0615732623714311, 0.01675931033252462], [0.6893746555716078, 0.1757630129123788, 0.015691752247400156, 0.03638666919982048, 0.06627867132257646, 0.016505238746216188], [0.41460752864485106, 0.44752045807882285, 0.015842743361549165, 0.03728298970656194, 0.06801455479077524, 0.016731725417439704], [0.6496022901695475, 0.15107139892819277, 0.08163123829065787, 0.036555566390442995, 0.06472923545900038, 0.016410270762158407], [0.9053620927527919, 0.028019100192770312, 0.013319104972199652, 0.014511158374356768, 0.024059566027816278, 0.014728977680065], [0.3610826752579016, 0.4265065520707077, 0.11832743123674137, 0.03220203807530946, 0.0453467703282278, 0.01653453303111206], [0.3805242156041442, 0.460673828317489, 0.027724547560795218, 0.03488700084898347, 0.07953837200583795, 0.016652035662749948], [0.39854533517384805, 0.18378335029474757, 0.019779539529291623, 0.031265775745933824, 0.34980989645142063, 0.016816102804758266], [0.36918426205852967, 0.18367140301887483, 0.015707341300483388, 0.03408602793122693, 0.3808223433650441, 0.016528622325841034], [0.35844383841302074, 0.20268387322048032, 0.015772557889528832, 0.03516586932590482, 0.371307413941656, 0.0166264472094092], [0.37232075726696684, 0.47162829208569723, 0.015755809083705795, 0.035905401129088486, 0.08778841643386683, 0.01660132400067465], [0.1370655862115518, 0.472471940483745, 0.014487998837019159, 0.030161395961287363, 0.33006483422279415, 0.015748244283602435], [0.3940013886085154, 0.16171030231794573, 0.015568946991412525, 0.029366436101149952, 0.38301726471449055, 0.016335661266485835], [0.16050224260993406, 0.14859194455881258, 0.014611868650849489, 0.03089526020577752, 0.6295583504822198, 0.015840333492406593], [0.7172130876630723, 0.1519820112132632, 0.015789616858422662, 0.03292936724171483, 0.06543388136077696, 0.016652035662749948], [0.7714399399333358, 0.09224967144079115, 0.058131706043950834, 0.02407772514377462, 0.03742941728998407, 0.01667154014816352], [0.8858467170571933, 0.0372087251196775, 0.01396095490047871, 0.015846165280927187, 0.03094679516250945, 0.01619064247921391]], [[0.8858467170571933, 0.0372087251196775, 0.01396095490047871, 0.015846165280927187, 0.03094679516250945, 0.01619064247921391], [0.38596947671439846, 0.427254815112351, 0.07700666572837482, 0.02732949837054785, 0.06583822007365316, 0.01660132400067465], [0.4024397010726484, 0.45828088909106374, 0.015861133304939108, 0.038221073610036294, 0.06843789258878782, 0.01675931033252462], [0.675215930883391, 0.18512918035071194, 0.015755809083705795, 0.03843902837141139, 0.06885872731010516, 0.01660132400067465], [0.6989830575809808, 0.16180689463355374, 0.015861133304939108, 0.0363606216185089, 0.070228982529493, 0.01675931033252462], [0.6831100778323821, 0.16784850634211781, 0.015842743361549165, 0.03897909904510188, 0.07748784800140933, 0.016731725417439704], [0.6928166487914876, 0.16480678705446966, 0.015772557889528832, 0.037717905524999845, 0.07225965353010484, 0.0166264472094092], [0.6986917409506601, 0.15734648899983672, 0.015691752247400156, 0.04543657418399136, 0.06632820487189534, 0.016505238746216188], [0.13833743286237307, 0.14703155617978403, 0.014556347647264718, 0.02926746060068472, 0.6550081454988829, 0.015799057211010565], [0.5402837663604708, 0.12982987076216007, 0.014472091051528694, 0.24604513755446691, 0.0542578752564892, 0.015111259014884148], [0.7540820979033124, 0.12744966423434695, 0.014472091051528694, 0.03649173219779371, 0.05239315559813406, 0.015111259014884148], [0.3207107112793867, 0.13833452139230046, 0.01365610197410812, 0.02904351019672151, 0.4836421668192907, 0.014612988338192419], [0.12209629634170027, 0.5408826436895093, 0.01365610197410812, 0.02887606715777085, 0.2798759024987189, 0.014612988338192419], [0.11532990256114634, 0.12132687152268806, 0.01365610197410812, 0.032659141226559205, 0.7024149943773057, 0.014612988338192419], [0.10873888064576408, 0.10184700508493251, 0.013656101974108117, 0.027829684968531512, 0.7333153389884713, 0.014612988338192419], [0.3130090286333569, 0.3577171502257619, 0.014535581198915511, 0.030204997129334152, 0.2693267485766672, 0.015206494235964374], [0.3779621605835182, 0.47289934357987445, 0.015755809083705795, 0.036418843645121685, 0.0803625191071053, 0.016601324000674652], [0.37096905352069026, 0.4857948944447664, 0.015661380471565584, 0.03644589933693772, 0.07466909114357563, 0.01645968108246433], [0.12664163168372058, 0.4613426976600611, 0.014653220694319423, 0.043386076531587325, 0.3381052973635212, 0.015871076066790352], [0.4121913745789392, 0.16485474934539265, 0.015646583965389767, 0.029365072266487713, 0.36150473352059, 0.016437486323200606], [0.6908936515694265, 0.1686601099575738, 0.01587988033460847, 0.03438043570833915, 0.07339849155302343, 0.016787430877028657], [0.428451861884809, 0.4402478613639728, 0.01587988033460847, 0.03438043570833915, 0.06425252983124205, 0.016787430877028657], [0.6869636562324092, 0.1812159667404861, 0.015861133304939108, 0.03762667101820991, 0.0615732623714311, 0.01675931033252462], [0.693557621017929, 0.17137681693818016, 0.01567643430828359, 0.03740613273151878, 0.06550073316654717, 0.01648226183754134], [0.13070359186999292, 0.1527852117930344, 0.01441769347686199, 0.03517924998574231, 0.6512182760867068, 0.01569597678766163], [0.6722777037436941, 0.1779819677128425, 0.015739362058167863, 0.037573493822537156, 0.0798508192003906, 0.01657665346236775], [0.2623772264464594, 0.24107165100075564, 0.021029449598021027, 0.054414052189700364, 0.4032283628800913, 0.017879257884972168], [0.6868906801802916, 0.12665310331045032, 0.052884808463451984, 0.038603820841865345, 0.07866065828817376, 0.016306928915766933], [0.9053293616753859, 0.02789966693374809, 0.013403366797065247, 0.014578902138222494, 0.023994999293019747, 0.014793703162558326], [0.6252561740383982, 0.16568641796152414, 0.11049358766609339, 0.03220203807530946, 0.04982724922756268, 0.01653453303111206], [0.38759641887527574, 0.4478597372608005, 0.030675061602357966, 0.03292936724171482, 0.08428737935710072, 0.016652035662749948], [0.13412598378998894, 0.1314976434601442, 0.014545088576244878, 0.03105558461589994, 0.6729850127390614, 0.01579068681866052], [0.12615534936896902, 0.15647519721663078, 0.014565317373843858, 0.03232150986000201, 0.6546769005569716, 0.01580572562358277], [0.36680718165273657, 0.48883734901132603, 0.015739362058167863, 0.03673597591875419, 0.0753034778966476, 0.01657665346236775], [0.23241392498040492, 0.5953342395620651, 0.021029449598021027, 0.042450415826064014, 0.09089271214847292, 0.01787925788497217], [0.44582335580171933, 0.16792387637914888, 0.014611868650849489, 0.033096892012348667, 0.322703673663527, 0.015840333492406593], [0.44137254614180593, 0.15398292090360108, 0.014653220694319423, 0.03208657331709288, 0.34203366287639025, 0.015871076066790352], [0.6892025449415673, 0.15801814055323282, 0.0247648628717156, 0.03586304694543737, 0.07564616594183061, 0.016505238746216188], [0.7185519415038805, 0.104209105919583, 0.09110156279272526, 0.02732949837054785, 0.042206567412588734, 0.01660132400067465], [0.8858467170571933, 0.0372087251196775, 0.01396095490047871, 0.015846165280927187, 0.03094679516250945, 0.01619064247921391]], [[0.8858467170571933, 0.0372087251196775, 0.01396095490047871, 0.015846165280927187, 0.03094679516250945, 0.01619064247921391], [0.42368905739171037, 0.1253538285342293, 0.06966402177669087, 0.022049266824096365, 0.3426973920466933, 0.016546433426579785], [0.682890413908798, 0.17374990481836614, 0.015789616858422662, 0.035481403440809856, 0.07543662531085332, 0.016652035662749948], [0.7015602950109024, 0.15853723544609338, 0.015861133304939108, 0.0363606216185089, 0.07092140428703164, 0.01675931033252462], [0.6988437607282484, 0.15619766246026126, 0.015842743361549165, 0.03897909904510188, 0.07340500898739943, 0.016731725417439704], [0.4217673474321619, 0.16517757242663722, 0.01582470039822318, 0.03984516128474902, 0.3406805574857779, 0.016704660972450727], [0.681931201536783, 0.16651574437625663, 0.01567643430828359, 0.037668230717173186, 0.08172612722396234, 0.01648226183754134], [0.42753116170334726, 0.14891493725908386, 0.014592028327579526, 0.027722729670149757, 0.36541355954677396, 0.015825583493065735], [0.695099646389131, 0.15482204693850563, 0.0156036740974799, 0.04243571103719485, 0.07566580001635284, 0.016373121521335805], [0.1151455661586977, 0.12209686555926375, 0.01365610197410812, 0.02563882225981167, 0.7088496557099264, 0.014612988338192419], [0.11041286933879631, 0.33058559842602686, 0.01365610197410812, 0.028342631560532898, 0.5023898103623434, 0.014612988338192419], [0.7406731151199368, 0.13565754124404777, 0.01444822751337296, 0.030778920907593925, 0.0633667315073979, 0.015075463707650547], [0.7455522719530694, 0.13094470344496517, 0.014522421422911696, 0.03092215293624931, 0.06287169567084566, 0.015186754571958654], [0.7477641467743343, 0.13256298523943424, 0.014522421422911696, 0.03092215293624931, 0.059041539055111746, 0.015186754571958654], [0.7418578941788809, 0.13851839454592021, 0.014535581198915511, 0.030369487201559284, 0.05951214863875966, 0.015206494235964374], [0.5307603418822872, 0.14414944445742284, 0.014590726926931488, 0.031182004107638134, 0.26402826979773186, 0.015289212827988338], [0.6612997556612172, 0.1957142669373344, 0.015824700398223184, 0.037824976558459324, 0.07263163947231525, 0.01670466097245073], [0.2517423290166708, 0.570871619983452, 0.021029449598021027, 0.04597815475380294, 0.09249918876308097, 0.017879257884972168], [0.12782444379787927, 0.466555454129351, 0.014600866510800888, 0.03349897443450925, 0.341688107015815, 0.01583215411164466], [0.12837785870328317, 0.18141693006995302, 0.014545088576244878, 0.03457518761079508, 0.6252942482210632, 0.01579068681866052], [0.6683239821691884, 0.18958390944124728, 0.015772557889528832, 0.037332853934187275, 0.07236024935643884, 0.0166264472094092], [0.39954242785759797, 0.46324988169802905, 0.015772557889528832, 0.037123502933173465, 0.06768518241226144, 0.0166264472094092], [0.40666866317787453, 0.4606950641298966, 0.015755809083705795, 0.036742919032871454, 0.06353622057497692, 0.01660132400067465], [0.13004132837735158, 0.1507342809284079, 0.014455438223249401, 0.03198363608961811, 0.6570612788117999, 0.015724037569573284], [0.6828994094034856, 0.16526730217291286, 0.01567643430828359, 0.03740613273151878, 0.08226845954625785, 0.01648226183754134], [0.6868216947972479, 0.1721221803628635, 0.015842743361549165, 0.031287640354330744, 0.07719401570656885, 0.016731725417439704], [0.0477376887738765, 0.02823851052428656, 0.01316430793258706, 0.014386706594261143, 0.024178181301338978, 0.8722946048736497], [0.14623043520173223, 0.0793095649009338, 0.4975898814259778, 0.03614694098071524, 0.22431645610643514, 0.016406721384205857], [0.9053347537163015, 0.027919342088687328, 0.013389485701688082, 0.01456774218946838, 0.024005635865457293, 0.014783040438397583], [0.9053293616753859, 0.02789966693374809, 0.013403366797065247, 0.014578902138222494, 0.023994999293019747, 0.014793703162558326], [0.4421804249497897, 0.12023356851021504, 0.34503607908549866, 0.027342699343269807, 0.04853568796306321, 0.01667154014816352], [0.6641538448469068, 0.18205103860746222, 0.03399376514154299, 0.03408602793122693, 0.06918670114702011, 0.016528622325841034], [0.1283639302727242, 0.13233771947670736, 0.014508705165106665, 0.031142933259391464, 0.6778830737244596, 0.015763638101610668], [0.3963481929703325, 0.4643195851353414, 0.015755809083705795, 0.035905401129088486, 0.07106968768085706, 0.01660132400067465], [0.6472456270802381, 0.1942640559872806, 0.015739362058167863, 0.036735975918754195, 0.08943832549319151, 0.01657665346236775], [0.3888363434537089, 0.16953955867211365, 0.015755809083705795, 0.035905401129088486, 0.3733615636607085, 0.01660132400067465], [0.39183076203602135, 0.14713563460224602, 0.02112967425394081, 0.032311358469107744, 0.3911550843154835, 0.016437486323200606], [0.1362958113484856, 0.15227988106001963, 0.014520133424066698, 0.04247791019331633, 0.6386541296998413, 0.015772134274270457], [0.3910255572093788, 0.11288019408648707, 0.38396857342624674, 0.025705557410820166, 0.07010323361660721, 0.016316884250460045], [0.8858467170571933, 0.0372087251196775, 0.01396095490047871, 0.015846165280927187, 0.03094679516250945, 0.01619064247921391]], [[0.8858467170571933, 0.0372087251196775, 0.01396095490047871, 0.015846165280927187, 0.03094679516250945, 0.01619064247921391], [0.10493805400762835, 0.09054997843356126, 0.05795121448019978, 0.044625415555017985, 0.6861446507049321, 0.01579068681866052], [0.12896518253222006, 0.14054451102100482, 0.014653220694319423, 0.029903955603396662, 0.6700620540822687, 0.015871076066790352], [0.7045099653655467, 0.15854676890728112, 0.01567643430828359, 0.03766823071717318, 0.06711633886417397, 0.01648226183754134], [0.6921256542098498, 0.16612246771026204, 0.015824700398223184, 0.03798470929322163, 0.0712378074159927, 0.01670466097245073], [0.5438060489116336, 0.27303810607195705, 0.021029449598021027, 0.04659816503305597, 0.09764897250036, 0.017879257884972168], [0.1417421303679754, 0.46192558927653354, 0.01441769347686199, 0.029549926075895155, 0.3366686840150722, 0.01569597678766163], [0.4052070018326534, 0.45646136999874054, 0.01563203824745422, 0.03203557667944342, 0.074248345495411, 0.016415667746297283], [0.16495592020363956, 0.14281052909384107, 0.014653220694319423, 0.03522587005258384, 0.6264833838888257, 0.015871076066790352], [0.31926828451771366, 0.12762831893985638, 0.01365610197410812, 0.030563780689853937, 0.4942705255402754, 0.014612988338192419], [0.11544141916920495, 0.11858383239393369, 0.01365610197410812, 0.03143765357810225, 0.7062680045464585, 0.014612988338192419], [0.2126172827757731, 0.4263902149136385, 0.018665996112730808, 0.03872530429392582, 0.28741035642288215, 0.016190845481049564], [0.439550498623161, 0.28286365804153724, 0.013768923787085588, 0.026800574719779487, 0.2226780347874391, 0.014338310040997532], [0.7729250410972006, 0.12030713095100107, 0.013768923787085588, 0.026800574719779487, 0.05186001940393574, 0.014338310040997532], [0.4405140893351671, 0.4558378105465663, 0.013780598645708284, 0.02702002352521851, 0.04849165561840814, 0.014355822328931572], [0.6125517109060634, 0.2864642286596676, 0.013792498020842953, 0.025761166872898693, 0.04705672414889394, 0.014373671391633577], [0.5254624712360364, 0.3581029235543926, 0.014522421422911696, 0.0321633262429615, 0.054562102971739045, 0.015186754571958654], [0.5210707412466253, 0.36599229672407085, 0.014576550312889644, 0.03186248158164661, 0.05122998222784197, 0.015267947906925573], [0.5235926134062329, 0.36231189277270903, 0.014522421422911696, 0.03092215293624931, 0.05346416488993826, 0.015186754571958654], [0.5356165404009419, 0.34847455751367534, 0.01453558119891551, 0.03203038945719838, 0.05413643719330446, 0.015206494235964372], [0.5325918430999949, 0.3497089650704003, 0.014522421422911696, 0.031176783598052704, 0.056813232236681874, 0.015186754571958654], [0.10218266493072914, 0.3562346923338909, 0.013551667464546448, 0.02937574835276941, 0.4841292751555409, 0.01452595176252319], [0.7275941676196276, 0.15369753461677232, 0.014509498759989036, 0.03166488800342205, 0.05736654042261433, 0.01516737057757466], [0.43209146466721104, 0.41863119527061654, 0.018665996112730808, 0.035496755291907434, 0.0789237431764847, 0.016190845481049564], [0.5394881598457962, 0.12982831156970603, 0.014576550312889642, 0.03211711224345, 0.26872191812123253, 0.015267947906925573], [0.5373273038243399, 0.12683121290263827, 0.014590726926931488, 0.02997485106181287, 0.2759866924562891, 0.015289212827988338], [0.538892285491876, 0.1145899809159312, 0.014590726926931488, 0.026726003135545587, 0.28991179070172735, 0.015289212827988338], [0.40788259508180547, 0.14116035448285547, 0.015691752247400156, 0.030953797435822897, 0.3878062620058997, 0.016505238746216188], [0.09425757639296488, 0.42494200236026314, 0.05367377962049971, 0.03349294627045204, 0.37787005725420963, 0.015763638101610668], [0.07145863626727594, 0.10684907260352333, 0.09060157137754153, 0.019322161131731033, 0.696056745153449, 0.01571181346647923], [0.8971197011388824, 0.03148077466941832, 0.013849038829014752, 0.015278833218680728, 0.02673155812886952, 0.015540094015134141], [0.4581689460481064, 0.38964390542788707, 0.06495690800509109, 0.027342699343269813, 0.04321600102748225, 0.016671540148163525], [0.6834741449228133, 0.18987223419782584, 0.015789616858422662, 0.03292936724171483, 0.061282601116473455, 0.016652035662749948], [0.669757272779241, 0.1906112259264254, 0.015772557889528832, 0.035165869325904826, 0.07206662686949071, 0.0166264472094092], [0.1276521956852658, 0.15703937341163696, 0.014345346334706067, 0.030473924401595805, 0.6548469688081608, 0.01564219135863445], [0.6725509066423386, 0.16226826080335305, 0.015691752247400156, 0.03586304694543737, 0.09712079461525445, 0.016505238746216188], [0.13690197587955183, 0.1520319708341614, 0.01452923765275314, 0.03666507827131387, 0.6440928346817446, 0.015778902680475174], [0.6671863212301606, 0.17606835290621867, 0.024943658751628642, 0.03028136767591065, 0.08512608356791593, 0.016394215868165446], [0.11713703643005448, 0.07497084731366523, 0.060525099909353966, 0.40132999425393134, 0.3303410453053333, 0.01569597678766163], [0.8858467170571933, 0.0372087251196775, 0.01396095490047871, 0.015846165280927187, 0.03094679516250945, 0.01619064247921391]], [[0.8858467170571933, 0.0372087251196775, 0.01396095490047871, 0.015846165280927187, 0.03094679516250945, 0.01619064247921391], [0.7293355312190528, 0.0770423460738236, 0.08974464081832015, 0.021822119141198817, 0.06585930796472378, 0.016196054782880637], [0.12017557214260968, 0.12146706119810045, 0.014653220694319423, 0.03226782809454189, 0.6955652418036382, 0.015871076066790352], [0.1406414767553255, 0.13413860189254476, 0.014576482922634056, 0.03548171552687503, 0.6593476964144271, 0.01581402648819343], [0.684980625598369, 0.1698193886925127, 0.015755809083705795, 0.045605129319937265, 0.06723772330480048, 0.01660132400067465], [0.4083954862914594, 0.44110213086755173, 0.015824700398223184, 0.05004256955523037, 0.06793045191508466, 0.01670466097245073], [0.6590242456737089, 0.19742429564564762, 0.015755809083705795, 0.04591365052345289, 0.06528067507281014, 0.01660132400067465], [0.3945998240473532, 0.47080726225667296, 0.01577255788952883, 0.03771790552499984, 0.06447600307203576, 0.0166264472094092], [0.6900205502692757, 0.17683917422364562, 0.015661380471565588, 0.03586519254813545, 0.06515402140491341, 0.016459681082464334], [0.3398689934966658, 0.32350202581701526, 0.01365610197410812, 0.029820326469887304, 0.278539563904131, 0.014612988338192419], [0.7280872286711647, 0.14054317758930568, 0.014460055527937107, 0.028760902198675643, 0.07305543028342006, 0.015093205729496767], [0.7327015596724814, 0.14044321599957077, 0.014576550312889642, 0.03050899280489352, 0.0665017333032391, 0.015267947906925573], [0.6039398023304249, 0.11798493954408885, 0.013768923787085588, 0.026889758780500546, 0.2230782655169026, 0.014338310040997532], [0.34037520025123097, 0.3573074023447653, 0.01713670268107243, 0.03513835169094943, 0.23494399969464694, 0.015098343337334934], [0.4371057905191564, 0.45514618095262016, 0.013768923787085588, 0.030732169385154863, 0.048908625314985354, 0.014338310040997532], [0.7717406164363279, 0.12207431743122697, 0.013724347054162575, 0.030324235444041156, 0.04786503869262834, 0.01427144494161301], [0.10796440104348562, 0.5797855497849266, 0.013551667464546448, 0.029581062947888523, 0.2545913669966295, 0.01452595176252319], [0.5198367145275113, 0.358065532872024, 0.014522421422911698, 0.03374647956427523, 0.05864209704131911, 0.015186754571958654], [0.5227133103643962, 0.3584850809258042, 0.014522421422911696, 0.032403795153409215, 0.05668863756151978, 0.015186754571958653], [0.7375685903715957, 0.14519993306257842, 0.014590726926931488, 0.034628712643060534, 0.052722824167845385, 0.015289212827988338], [0.73627739579869, 0.14341573679839376, 0.014576550312889644, 0.03465658189397116, 0.055805787289129855, 0.015267947906925573], [0.5355725097939912, 0.1388665015592007, 0.014522421422911696, 0.031176783598052704, 0.26467502905388507, 0.015186754571958654], [0.5385743046546728, 0.33877986118231396, 0.014522421422911696, 0.031176783598052704, 0.0617598745700902, 0.015186754571958654], [0.11100460526553484, 0.11651865665503838, 0.013651996257148939, 0.026882716019039826, 0.7173324592031882, 0.014609566600049598], [0.7418443237509416, 0.13469629392365176, 0.014522421422911696, 0.031012293525827565, 0.06273791280470876, 0.015186754571958654], [0.7502408620564186, 0.14036074232118165, 0.014605176168166442, 0.026996038451840412, 0.05248629431255199, 0.01531088668984077], [0.03845681000971817, 0.02395777818270165, 0.012749031827016522, 0.013657972546161322, 0.0209386333819242, 0.8902397740524781], [0.04651354229191676, 0.02785669986744698, 0.013433680659763905, 0.014603273496898758, 0.023971770895858342, 0.8736210327881152], [0.6828242253271251, 0.15491970717381767, 0.015789616858422662, 0.04195190571156275, 0.08786250926632207, 0.016652035662749948], [0.4439331839762893, 0.4269235753828787, 0.015806994686548153, 0.030062478703804754, 0.06659566484554086, 0.016678102404938184], [0.7251471998028377, 0.12046352915451378, 0.05873154377674636, 0.026529670267082833, 0.0523826051164569, 0.016745451882362337], [0.9