{"round_id": "ae78003a-4efe-425a-881a-d16a39bca0ad", "seed_index": 4, "prediction": [[[0.8858467170571933, 0.0372087251196775, 0.01396095490047871, 0.015846165280927187, 0.03094679516250945, 0.01619064247921391], [0.8858467170571933, 0.0372087251196775, 0.01396095490047871, 0.015846165280927187, 0.03094679516250945, 0.01619064247921391], [0.8858467170571933, 0.0372087251196775, 0.01396095490047871, 0.015846165280927187, 0.03094679516250945, 0.01619064247921391], [0.8858467170571933, 0.0372087251196775, 0.01396095490047871, 0.015846165280927187, 0.03094679516250945, 0.01619064247921391], [0.8858467170571933, 0.0372087251196775, 0.01396095490047871, 0.015846165280927187, 0.03094679516250945, 0.01619064247921391], [0.8858467170571933, 0.0372087251196775, 0.01396095490047871, 0.015846165280927187, 0.03094679516250945, 0.01619064247921391], [0.8858467170571933, 0.0372087251196775, 0.01396095490047871, 0.015846165280927187, 0.03094679516250945, 0.01619064247921391], [0.8858467170571933, 0.0372087251196775, 0.01396095490047871, 0.015846165280927187, 0.03094679516250945, 0.01619064247921391], [0.8858467170571933, 0.0372087251196775, 0.01396095490047871, 0.015846165280927187, 0.03094679516250945, 0.01619064247921391], [0.8858467170571933, 0.0372087251196775, 0.01396095490047871, 0.015846165280927187, 0.03094679516250945, 0.01619064247921391], [0.8858467170571933, 0.0372087251196775, 0.01396095490047871, 0.015846165280927187, 0.03094679516250945, 0.01619064247921391], [0.8858467170571933, 0.0372087251196775, 0.01396095490047871, 0.015846165280927187, 0.03094679516250945, 0.01619064247921391], [0.8858467170571933, 0.0372087251196775, 0.01396095490047871, 0.015846165280927187, 0.03094679516250945, 0.01619064247921391], [0.8858467170571933, 0.0372087251196775, 0.01396095490047871, 0.015846165280927187, 0.03094679516250945, 0.01619064247921391], [0.8858467170571933, 0.0372087251196775, 0.01396095490047871, 0.015846165280927187, 0.03094679516250945, 0.01619064247921391], [0.8812643397041358, 0.03915220548536875, 0.014243880250512903, 0.016263748515279126, 0.03244299481697441, 0.016632831227729187], [0.8858467170571933, 0.0372087251196775, 0.01396095490047871, 0.015846165280927187, 0.03094679516250945, 0.01619064247921391], [0.8858467170571933, 0.0372087251196775, 0.01396095490047871, 0.015846165280927187, 0.03094679516250945, 0.01619064247921391], [0.8858467170571933, 0.0372087251196775, 0.01396095490047871, 0.015846165280927187, 0.03094679516250945, 0.01619064247921391], [0.8858467170571933, 0.0372087251196775, 0.01396095490047871, 0.015846165280927187, 0.03094679516250945, 0.01619064247921391], [0.8858467170571933, 0.0372087251196775, 0.01396095490047871, 0.015846165280927187, 0.03094679516250945, 0.01619064247921391], [0.8858467170571933, 0.0372087251196775, 0.01396095490047871, 0.015846165280927187, 0.03094679516250945, 0.01619064247921391], [0.8858467170571933, 0.0372087251196775, 0.01396095490047871, 0.015846165280927187, 0.03094679516250945, 0.01619064247921391], [0.8860476339877094, 0.03700013097479109, 0.014024662602962121, 0.015887791456260396, 0.03081154719574506, 0.016228233782532048], [0.8867037776405424, 0.03631891549019326, 0.014232715774557536, 0.01602373196991675, 0.030369861695557887, 0.016350997429232073], [0.9053776841240975, 0.028075991943217644, 0.013278967051224073, 0.014478888792669354, 0.024090322239221005, 0.014698145849570379], [0.9053175864095638, 0.02785669986744698, 0.013433680659763905, 0.014603273496898758, 0.023971770895858342, 0.014816988670468188], [0.9053006697204429, 0.027794972131188242, 0.01347723043597001, 0.014638286099111178, 0.023938400305377625, 0.014850441307910026], [0.9053006697204429, 0.027794972131188242, 0.01347723043597001, 0.014638286099111178, 0.023938400305377625, 0.014850441307910026], [0.9053006697204429, 0.027794972131188242, 0.01347723043597001, 0.014638286099111178, 0.023938400305377625, 0.014850441307910026], [0.9053006697204429, 0.027794972131188242, 0.01347723043597001, 0.014638286099111178, 0.023938400305377625, 0.014850441307910026], [0.9053006697204429, 0.027794972131188242, 0.01347723043597001, 0.014638286099111178, 0.023938400305377625, 0.014850441307910026], [0.9053006697204429, 0.027794972131188242, 0.01347723043597001, 0.014638286099111178, 0.023938400305377625, 0.014850441307910026], [0.9053006697204429, 0.027794972131188242, 0.01347723043597001, 0.014638286099111178, 0.023938400305377625, 0.014850441307910026], [0.9053006697204429, 0.027794972131188242, 0.01347723043597001, 0.014638286099111178, 0.023938400305377625, 0.014850441307910026], [0.9053006697204429, 0.027794972131188242, 0.01347723043597001, 0.014638286099111178, 0.023938400305377625, 0.014850441307910026], [0.9053006697204429, 0.027794972131188242, 0.01347723043597001, 0.014638286099111178, 0.023938400305377625, 0.014850441307910026], [0.9053006697204429, 0.027794972131188242, 0.01347723043597001, 0.014638286099111178, 0.023938400305377625, 0.014850441307910026], [0.9052923036487323, 0.027764444959802105, 0.013498767779839209, 0.014655601422387136, 0.02392189703153989, 0.014866985157699443], [0.9053006697204429, 0.027794972131188242, 0.01347723043597001, 0.014638286099111178, 0.023938400305377625, 0.014850441307910026]], [[0.8858467170571933, 0.0372087251196775, 0.01396095490047871, 0.015846165280927187, 0.03094679516250945, 0.01619064247921391], [0.6084145362127841, 0.1683774176252884, 0.0881767851643274, 0.03274784919322329, 0.08290460479699834, 0.019378807007378436], [0.6118010057398717, 0.18060673209591813, 0.08703506052769139, 0.028713324801144337, 0.07259029400872935, 0.019253582826645056], [0.5687195679442687, 0.2068884647518507, 0.0992478095511595, 0.026471117060297207, 0.07972191223466489, 0.018951128457758988], [0.3871027991434406, 0.442222880465156, 0.07305656199149661, 0.030222829032758677, 0.050979133903368064, 0.01641579546378008], [0.6818915437785603, 0.16795545854808933, 0.06033445951090309, 0.023432120748170228, 0.049714877266113414, 0.01667154014816352], [0.43338751601580305, 0.414246559741711, 0.06313867995362937, 0.022619091671983258, 0.049862700734511045, 0.016745451882362337], [0.6888174872066871, 0.150525414849228, 0.07205310935982348, 0.021762115078164557, 0.050018514660659895, 0.016823358845436766], [0.422888978360429, 0.14576922608341217, 0.34211455126730234, 0.022619091671983258, 0.049862700734511045, 0.016745451882362337], [0.6997826061846018, 0.13525876611523832, 0.07514008953771273, 0.023432120748170228, 0.049714877266113414, 0.01667154014816352], [0.7499836913090787, 0.11601473666066338, 0.052730440594065855, 0.022619091671983258, 0.04190658788184647, 0.016745451882362337], [0.748690590523752, 0.10789075460750805, 0.05762583673657886, 0.02140366242849197, 0.047842722277089425, 0.016546433426579785], [0.709698159057947, 0.11704406048651138, 0.06643128456572946, 0.03910154543905342, 0.05125333729264253, 0.016471613158116308], [0.6737904523989393, 0.138919181049519, 0.07004962909242624, 0.04665307152294561, 0.054166578288603814, 0.016421087647566265], [0.41552183552424216, 0.39423974167297177, 0.08489123971368187, 0.03535430544208903, 0.053521955063105676, 0.016470922583909597], [0.6877824541874029, 0.124944460716789, 0.08612449342262267, 0.03602147548135209, 0.04871684542967486, 0.016410270762158407], [0.7013429379912028, 0.11310244519593934, 0.08489123971368187, 0.03535430544208903, 0.04883814907317724, 0.016470922583909597], [0.6696889547349913, 0.088143904766107, 0.10394184141036353, 0.04004241583480487, 0.08164835022262124, 0.01653453303111206], [0.7027744790025237, 0.11974235047762831, 0.07582190881666685, 0.03579010405017081, 0.049508452012474266, 0.01636270564053611], [0.09857165242640353, 0.1136300453761956, 0.40228028224284107, 0.03626497857406484, 0.3336108500218605, 0.01564219135863445], [0.6975785121063559, 0.12521369294991913, 0.08413031518869898, 0.029981775113392686, 0.04661344280409174, 0.01648226183754134], [0.7440651337272015, 0.11445284559268214, 0.05110998084114706, 0.023432120748170228, 0.050268378942635576, 0.016671540148163525], [0.7191769556450994, 0.11616806758561865, 0.05774447036021588, 0.020621474068398378, 0.06967520409454987, 0.016613828246117873], [0.4466855887655075, 0.11960806313519733, 0.056228342801869585, 0.019798985605442812, 0.34099432429370435, 0.016684695398278538], [0.09356582037665606, 0.12406613472330741, 0.06016888388138012, 0.01932069176296894, 0.6872362778970531, 0.01564219135863445], [0.5408594755870512, 0.3232647335945375, 0.04977567320417371, 0.02612162158625566, 0.04478191669174644, 0.015196579336235472], [0.5447022807012089, 0.3293038841744701, 0.048976248682879274, 0.024195017950485398, 0.03758064408882781, 0.015241924402128484], [0.3013141534598926, 0.3335630056716252, 0.2855619639181048, 0.02569996616052283, 0.0387677050603578, 0.015093205729496767], [0.07598427865706654, 0.5940541950212325, 0.03622102821634414, 0.02783651290671984, 0.2512909968604445, 0.014612988338192419], [0.2990743439944397, 0.3348682183817092, 0.28649656067347357, 0.02569996616052283, 0.0387677050603578, 0.015093205729496767], [0.34778236322270656, 0.5315365955433545, 0.049931992776252494, 0.020553809159276605, 0.03495331489628123, 0.015241924402128484], [0.7627168940224219, 0.11171305432892467, 0.05173283740195524, 0.018960020479529407, 0.0397335675034274, 0.015143626263741258], [0.7764699921787135, 0.0882412301614211, 0.05572790070948798, 0.02569996616052283, 0.0387677050603578, 0.015093205729496767], [0.3431478731271126, 0.096087029122615, 0.03622102821634414, 0.02783651290671984, 0.48209456828901587, 0.014612988338192419], [0.7355698082274534, 0.1031535656599905, 0.06819914635753015, 0.029981775113392686, 0.04661344280409174, 0.01648226183754134], [0.7355698082274534, 0.1031535656599905, 0.06819914635753015, 0.029981775113392686, 0.04661344280409174, 0.01648226183754134], [0.7533818901399918, 0.112377337891987, 0.05237834665823851, 0.023432120748170228, 0.04175876441344884, 0.01667154014816352], [0.757348486541995, 0.11050490729228371, 0.05087547472952927, 0.022619091671983258, 0.04190658788184647, 0.016745451882362337], [0.7509620547449921, 0.1082543244518815, 0.05108418713453634, 0.025027089277659745, 0.047848985545493494, 0.016823358845436766], [0.9052923036487323, 0.027764444959802105, 0.013498767779839209, 0.014655601422387136, 0.02392189703153989, 0.014866985157699443]], [[0.8858467170571933, 0.0372087251196775, 0.01396095490047871, 0.015846165280927187, 0.03094679516250945, 0.01619064247921391], [0.6188220546967886, 0.1720450341059438, 0.08783666124505662, 0.028823704946935674, 0.07322069749327725, 0.019251847511997884], [0.6154577030068753, 0.21904497647183557, 0.017722509859559952, 0.04850392089621791, 0.08012879695746374, 0.01914209280804741], [0.17001945474432342, 0.24379264678959367, 0.016053021273521068, 0.03517914591408991, 0.5170356146603962, 0.0179201166180758], [0.12757667675586273, 0.4824927569301054, 0.014438995500001297, 0.028869332311918836, 0.33091042503563234, 0.01571181346647923], [0.40882214415324686, 0.4624326394363378, 0.015789616858422662, 0.03579441399528104, 0.060509149893961806, 0.016652035662749948], [0.6880106338930682, 0.19120089906758747, 0.015898994953094873, 0.034149101315024695, 0.053924267966466446, 0.016816102804758266], [0.42383915436238623, 0.4467360450878692, 0.022091178093781166, 0.033213431277432696, 0.057274848685097614, 0.016845342493433016], [0.4256207781250519, 0.4422741564749481, 0.027215593313750612, 0.034149101315024695, 0.053924267966466446, 0.016816102804758266], [0.42534572655848457, 0.43996466716883875, 0.02226181407883035, 0.035287848854636726, 0.06035251246218099, 0.016787430877028657], [0.7159834880830849, 0.17013162289961137, 0.015806994686548153, 0.033707121065555706, 0.04769267086026186, 0.016678102404938187], [0.450329936857964, 0.13690342339724895, 0.014545088576244878, 0.031518716922828795, 0.3509121474270527, 0.01579068681866052], [0.4434087454692, 0.15656410230664086, 0.014653220694319423, 0.036867158959724707, 0.3326356965033246, 0.015871076066790352], [0.14603190103148922, 0.1615394007165997, 0.014653220694319423, 0.03175612547910088, 0.6301482760117004, 0.015871076066790352], [0.675206246273326, 0.17681295401198874, 0.015739362058167863, 0.036897705879020984, 0.0787670783151286, 0.01657665346236775], [0.5614665689758744, 0.25246349300724835, 0.021029449598021027, 0.04901870733847317, 0.0981425231954108, 0.017879257884972168], [0.7082881150089059, 0.1564501307873401, 0.015739362058167863, 0.037107056880034794, 0.06583868180318364, 0.01657665346236775], [0.707650499687178, 0.15836873084394829, 0.015842743361549165, 0.034746749771518384, 0.06665955091836646, 0.016731725417439704], [0.6952780801896834, 0.17348206556721862, 0.015824700398223184, 0.03561281201116554, 0.0630976808612587, 0.01670466097245073], [0.42547202286110974, 0.44128163858047026, 0.01567643430828359, 0.03529633343511708, 0.06579130897747783, 0.01648226183754134], [0.695496343399708, 0.17089911806809052, 0.015772557889528832, 0.03743651348764466, 0.06376901994561865, 0.0166264472094092], [0.7181092608310494, 0.15025407401005086, 0.015707341300483388, 0.036356672092966766, 0.06304402943960861, 0.016528622325841034], [0.42281647932468186, 0.11404837710716131, 0.014379368042068623, 0.026143651575383266, 0.4069446396492922, 0.015667484301412873], [0.7276301020677415, 0.13987910665582456, 0.015824700398223184, 0.03689372394657299, 0.06306770595918715, 0.01670466097245073], [0.718218621959462, 0.1435135057281923, 0.015739362058167863, 0.04723847161336849, 0.05871338517844154, 0.01657665346236775], [0.5546700253842658, 0.13149215625766683, 0.014562638682287835, 0.24354916394699985, 0.040478935267756755, 0.015247080461022858], [0.5432750737990046, 0.34371680294343704, 0.017879941396318697, 0.0356921272123745, 0.04410307324548546, 0.015332981403379659], [0.5163501011741233, 0.3622583876582186, 0.020612762071264452, 0.033325167760300235, 0.05224708710012894, 0.015206494235964372], [0.09613219515744581, 0.3739407897724347, 0.01365610197410812, 0.028126764561085274, 0.47353116019673364, 0.014612988338192419], [0.517287560490069, 0.36158270526331915, 0.021337766910479866, 0.03097831980694346, 0.053702388514304325, 0.015111259014884148], [0.7349322740101576, 0.1541955061367386, 0.017606847354430653, 0.028261868268431876, 0.049776904780937666, 0.01522659944930353], [0.3265578347665414, 0.09774520609112565, 0.013618938004134698, 0.0239026618165274, 0.5235933437404563, 0.014582015581214513], [0.7590092303500257, 0.12813478858644933, 0.014472091051528694, 0.029440179115518106, 0.05383245188159398, 0.015111259014884148], [0.10819802633212633, 0.12383309607999116, 0.01365610197410812, 0.026806081844093672, 0.7128937054314882, 0.014612988338192419], [0.7096356917720704, 0.15763851414707955, 0.015691752247400156, 0.03474204614702304, 0.06578675694021051, 0.016505238746216188], [0.1213467070613357, 0.13833914740703052, 0.014422443054100445, 0.026502579138551835, 0.6836896155473042, 0.015699507791677204], [0.7257036200580304, 0.14798719808523603, 0.015789616858422662, 0.033242377796186016, 0.06062515153937522, 0.016652035662749948], [0.7420078918202435, 0.1365289999920867, 0.015898994953094873, 0.0348612225271459, 0.053886787902670596, 0.016816102804758266], [0.757348486541995, 0.11050490729228371, 0.05087547472952927, 0.022619091671983258, 0.04190658788184647, 0.016745451882362337], [0.9053006697204429, 0.027794972131188242, 0.01347723043597001, 0.014638286099111178, 0.023938400305377625, 0.014850441307910026]], [[0.8858467170571933, 0.0372087251196775, 0.01396095490047871, 0.015846165280927187, 0.03094679516250945, 0.01619064247921391], [0.6123579716713022, 0.17509640249064554, 0.09028578586961984, 0.030148641219240373, 0.07297979998922187, 0.01913139875997019], [0.5964446122748928, 0.22589651653776358, 0.017694190435948044, 0.05029460058490244, 0.09057046649386367, 0.019099613672629544], [0.5585341996544617, 0.25699185837134825, 0.017596171163524604, 0.051639957852048536, 0.09635964301472325, 0.018878169943893706], [0.12091604972325908, 0.49543248650077165, 0.014508705165106665, 0.031003066231775914, 0.3223760542774759, 0.015763638101610668], [0.3926997482572292, 0.47213842310823917, 0.015691752247400156, 0.037294082346118064, 0.0656707552947971, 0.016505238746216188], [0.6692872128513543, 0.1955900179521532, 0.015879880334608472, 0.03528784885463673, 0.06716760913021884, 0.01678743087702866], [0.4261531318141678, 0.43891346968905637, 0.015898994953094873, 0.03414910131502469, 0.06806919942389789, 0.016816102804758266], [0.6846301950325717, 0.17789781064965177, 0.019067470522198655, 0.03528784885463673, 0.0663292440639126, 0.01678743087702866], [0.689200093076699, 0.17868003277767805, 0.015861133304939108, 0.03853408416450749, 0.06096534634365173, 0.01675931033252462], [0.4447305424927453, 0.43133751917709917, 0.01587988033460847, 0.03328539422151671, 0.05797923289700172, 0.016787430877028657], [0.6846805687909003, 0.1845333367728674, 0.015691752247400156, 0.03529162771299804, 0.06329747572961783, 0.016505238746216188], [0.1497943365849404, 0.44332489892787913, 0.014653220694319423, 0.03175612547910088, 0.3446003422469698, 0.015871076066790352], [0.15445812299986714, 0.14729390733397502, 0.014653220694319423, 0.03651967812730411, 0.6312039947777439, 0.015871076066790352], [0.41237832319136675, 0.16620513965243358, 0.01567643430828359, 0.036730344788002606, 0.3525274962223721, 0.01648226183754134], [0.6940180891691127, 0.1564501307873401, 0.015739362058167863, 0.037107056880034794, 0.08010870764297692, 0.01657665346236775], [0.12183915735102484, 0.1546672609289958, 0.014305895379269625, 0.03337483469217415, 0.6601999895280776, 0.015612862120457939], [0.688577323490955, 0.16340688073485218, 0.015739362058167863, 0.037107056880034794, 0.07859272337362244, 0.01657665346236775], [0.540704893988427, 0.2744782052193791, 0.021029449598021027, 0.048306586126351955, 0.09760160718284856, 0.017879257884972168], [0.12038490044962706, 0.14762766084301382, 0.021128912273047605, 0.033038716067080046, 0.6620527690256596, 0.015767041341571725], [0.12218257503438494, 0.16007832244505998, 0.014565317373843858, 0.03241503731005123, 0.6549530222130772, 0.01580572562358277], [0.13592662940342112, 0.13440793791731567, 0.01454508857624488, 0.03132719883678162, 0.6680024584475762, 0.01579068681866052], [0.7099302996022576, 0.15843303523884267, 0.015707341300483388, 0.036356672092966766, 0.06304402943960861, 0.016528622325841034], [0.7273375222360117, 0.15322795570486525, 0.015806994686548153, 0.03365792548501684, 0.053291499482619874, 0.016678102404938184], [0.39142808787976635, 0.13337887982522081, 0.014653220694319423, 0.02585708664876033, 0.4188116488851427, 0.015871076066790352], [0.12206625319204961, 0.33884733282138924, 0.01365610197410812, 0.0216619514275388, 0.48915537224672173, 0.014612988338192419], [0.03845681000971817, 0.02395777818270165, 0.012749031827016522, 0.013657972546161322, 0.0209386333819242, 0.8902397740524781], [0.5183072230730421, 0.37547347653797886, 0.016729214629704905, 0.031177997073640072, 0.04312533411367536, 0.015186754571958654], [0.5163778648149779, 0.3694384884065339, 0.01444822751337296, 0.03075720598986658, 0.053902749567598, 0.015075463707650547], [0.09613219515744581, 0.3622134731701181, 0.01365610197410812, 0.028126764561085274, 0.48525847679905015, 0.014612988338192419], [0.31208706946365977, 0.5696903026861664, 0.01453558119891551, 0.030019119906009722, 0.05846143250928417, 0.015206494235964372], [0.5246210362674477, 0.3528350852075602, 0.014535581198915511, 0.030019119906009722, 0.06278268318410239, 0.015206494235964374], [0.741126037056536, 0.13863612247467985, 0.014590726926931488, 0.030502239408367035, 0.05985566130549726, 0.015289212827988338], [0.7367590634423616, 0.14768611386681882, 0.014509498759989034, 0.03073049264234755, 0.05514746071090826, 0.015167370577574658], [0.6924361175652538, 0.17402552567907265, 0.015842743361549165, 0.0342333072554852, 0.06673058072119932, 0.016731725417439704], [0.701508222678477, 0.16061725015608172, 0.01567643430828359, 0.036216902271969414, 0.06949892874764692, 0.01648226183754134], [0.7125126547364159, 0.15101910763724466, 0.015861133304939108, 0.03598204796541246, 0.06786574602346315, 0.01675931033252462], [0.7171490125048414, 0.14527913765597872, 0.015879880334608472, 0.03273581265554171, 0.07216872597200119, 0.01678743087702866], [0.7453060919435501, 0.112377337891987, 0.05237834665823851, 0.023432120748170228, 0.04983456260989046, 0.01667154014816352], [0.9053006697204429, 0.027794972131188242, 0.01347723043597001, 0.014638286099111178, 0.023938400305377625, 0.014850441307910026]], [[0.8858467170571933, 0.0372087251196775, 0.01396095490047871, 0.015846165280927187, 0.03094679516250945, 0.01619064247921391], [0.5734523858944746, 0.18393808583744492, 0.10907056655089571, 0.040822152036639935, 0.07389386446381088, 0.018822945216734038], [0.18711065645916825, 0.2177502020876975, 0.01584228557592795, 0.034615711876060565, 0.5268542052256355, 0.017826938775510205], [0.520414585676756, 0.29624078953701344, 0.017743400685820733, 0.05197985699959509, 0.09458170661197542, 0.019039660488839184], [0.36798649530851024, 0.494157390409768, 0.015661380471565584, 0.038114371507461026, 0.06762068122023068, 0.01645968108246433], [0.13042822756366357, 0.47829212407314, 0.014524689788750107, 0.027699884565642423, 0.33327955237157747, 0.015775521637226318], [0.39543165245479783, 0.4485900000636639, 0.015691752247400156, 0.037294082346118064, 0.08648727414180377, 0.016505238746216188], [0.41157205942696773, 0.16753309888462348, 0.01587988033460847, 0.035287848854636726, 0.35293968162213496, 0.016787430877028657], [0.6890707091811901, 0.16017454172280976, 0.015861133304939108, 0.03853408416450748, 0.07960022129402886, 0.01675931033252462], [0.680109489401229, 0.18011578478818246, 0.015755809083705795, 0.03808731581564498, 0.06933027691056295, 0.01660132400067465], [0.6933384421692903, 0.17874869795453882, 0.015861133304939108, 0.03467117753986008, 0.060621238698847064, 0.01675931033252462], [0.4140721386346922, 0.45562355299241114, 0.015842743361549165, 0.03660720176304578, 0.061122637830862026, 0.016731725417439704], [0.6700955657183363, 0.1968090793109138, 0.015739362058167863, 0.036897705879020984, 0.06388163357119328, 0.01657665346236775], [0.6794236363119811, 0.1774916904510326, 0.01567643430828359, 0.03673034478800261, 0.07419563230315877, 0.01648226183754134], [0.4459307132877409, 0.1445306034199667, 0.014450751434835419, 0.02672890783627556, 0.35263847077618665, 0.015720553244994682], [0.686735224149431, 0.16518311109934977, 0.01567643430828359, 0.03673034478800261, 0.07919262381739167, 0.01648226183754134], [0.7036655797878747, 0.1505918065586644, 0.01577255788952883, 0.03623781244736483, 0.07710579610715801, 0.0166264472094092], [0.42042714438843204, 0.17172155836256836, 0.015842743361549165, 0.03660720176304578, 0.3386696267069648, 0.016731725417439704], [0.4090107162848504, 0.4482673055190422, 0.015824700398223184, 0.03747326400269293, 0.07271935282274061, 0.01670466097245073], [0.675687220701657, 0.18809863257680967, 0.015755809083705795, 0.03606713108935528, 0.06778988254779766, 0.016601324000674652], [0.6932720002063557, 0.17312346126144273, 0.015772557889528832, 0.03743651348764466, 0.06376901994561865, 0.0166264472094092], [0.4369305533896488, 0.43083822943993577, 0.015789616858422662, 0.039329948304599786, 0.060459616344642926, 0.016652035662749948], [0.7187667855551518, 0.16629881970938176, 0.015806994686548153, 0.03365792548501684, 0.04879137215896315, 0.016678102404938184], [0.4370449393971149, 0.4348537803336147, 0.015789616858422662, 0.03520001140345466, 0.060459616344642926, 0.016652035662749948], [0.15762062927238535, 0.1518960693825501, 0.014653220694319423, 0.02484248363504938, 0.6351165209489054, 0.015871076066790352], [0.03845681000971817, 0.02395777818270165, 0.012749031827016522, 0.013657972546161322, 0.0209386333819242, 0.8902397740524781], [0.08666949649524745, 0.37994036120778335, 0.013819808032650274, 0.023833208981429158, 0.4809175852280619, 0.014819540054827902], [0.3155578726750716, 0.15750104280148625, 0.01365610197410812, 0.027425885924896663, 0.4712461082862449, 0.014612988338192419], [0.42264974547953593, 0.43563994877201706, 0.018665996112730808, 0.03732623708462452, 0.06952722707004211, 0.016190845481049564], [0.09982308905886603, 0.3585225792686979, 0.01365610197410812, 0.028126764561085274, 0.48525847679905015, 0.014612988338192419], [0.5114469835187172, 0.3602251637806023, 0.014522421422911696, 0.030242388236978203, 0.06837628846883166, 0.015186754571958653], [0.31049975991116147, 0.14819121659901408, 0.014522421422911696, 0.03024238823697821, 0.4813574592579758, 0.015186754571958654], [0.5216600328367764, 0.3488787923351635, 0.014576550312889644, 0.031182716882375505, 0.0684339597258694, 0.015267947906925573], [0.1894891543943039, 0.6713609993281424, 0.018665996112730808, 0.03823061026246709, 0.06606239442130608, 0.016190845481049564], [0.4070913502739287, 0.45458156706838776, 0.015739362058167863, 0.0365936143640016, 0.06941745277314632, 0.01657665346236775], [0.11846110237288905, 0.1652509403227958, 0.014345346334706067, 0.031926381436141925, 0.6543740381748326, 0.01564219135863445], [0.6940474527542608, 0.15516071926816807, 0.015755809083705795, 0.0357630395743359, 0.0826716553188546, 0.01660132400067465], [0.43027961842802703, 0.15746538640543636, 0.015772557889528832, 0.03547887988037601, 0.34437711018722256, 0.0166264472094092], [0.7347085931401895, 0.09979243925291632, 0.0601776613993705, 0.032037831703881185, 0.056682150502967744, 0.01660132400067465], [0.9053006697204429, 0.027794972131188242, 0.01347723043597001, 0.014638286099111178, 0.023938400305377625, 0.014850441307910026]], [[0.8858467170571933, 0.0372087251196775, 0.01396095490047871, 0.015846165280927187, 0.03094679516250945, 0.01619064247921391], [0.5193692199082748, 0.21066873509405062, 0.1222148087958223, 0.05212985315009967, 0.076871829452436, 0.018745553599316463], [0.5253506899691378, 0.29026286628122056, 0.017727079510311577, 0.052300840812398997, 0.09532241308105893, 0.019036110345872083], [0.5206387461948248, 0.303291429198739, 0.017849965657013037, 0.05060061614109411, 0.0885862064453174, 0.01903303636301159], [0.27498351731830745, 0.552860942032154, 0.021029449598021027, 0.04606066538043121, 0.0871861677861142, 0.017879257884972168], [0.6719257542450621, 0.184836829337182, 0.015617736995366328, 0.03246328236246715, 0.07876218119175679, 0.016394215868165446], [0.4229861978697978, 0.17966043446947008, 0.014520133424066698, 0.027707641467105644, 0.3393534584952893, 0.015772134274270457], [0.4011804623321033, 0.16452787952049677, 0.015772557889528832, 0.03458784224154425, 0.3673048108069177, 0.0166264472094092], [0.6714677858294849, 0.16591197479775474, 0.01567643430828359, 0.037316518161406784, 0.0931450250655287, 0.01648226183754134], [0.1319309509326569, 0.1578543755270467, 0.014450751434835419, 0.03090474942580499, 0.6491386194346613, 0.015720553244994682], [0.6738581878657405, 0.1915955035414056, 0.015755809083705795, 0.03627648209036909, 0.06591269341810434, 0.01660132400067465], [0.41404487678105567, 0.45471526897584635, 0.015824700398223184, 0.03561281201116554, 0.0630976808612587, 0.01670466097245073], [0.29905450581469706, 0.525483788272456, 0.021029449598021027, 0.04888790956481824, 0.08766508886503527, 0.017879257884972168], [0.6817944777736852, 0.1869656679832169, 0.015824700398223184, 0.03561281201116554, 0.0630976808612587, 0.01670466097245073], [0.4094723098496161, 0.4515936592435328, 0.015661380471565584, 0.03752819813405685, 0.06928477121876431, 0.01645968108246433], [0.1467741272605431, 0.175519215737627, 0.014653220694319423, 0.03311683591491014, 0.61406552432581, 0.015871076066790352], [0.6986105220380224, 0.16005565018713322, 0.015772557889528832, 0.036028461446351016, 0.07290636122955522, 0.0166264472094092], [0.691640842178128, 0.16929841951389266, 0.015861133304939108, 0.036531629531387465, 0.06990866513912818, 0.01675931033252462], [0.41180249372264227, 0.4519164663027295, 0.015842743361549165, 0.03660720176304578, 0.06709936943259363, 0.016731725417439704], [0.7004948817017672, 0.17176097835090906, 0.015861133304939108, 0.036531629531387465, 0.05859206677847245, 0.01675931033252462], [0.705213563999156, 0.15560885313728545, 0.015789616858422662, 0.04627631399774287, 0.060459616344642926, 0.016652035662749948], [0.7159134241961641, 0.1554487071229601, 0.015806994686548153, 0.04736139943042627, 0.04879137215896315, 0.016678102404938184], [0.12231741628015673, 0.44286663970533674, 0.014345346334706067, 0.030012974430580458, 0.3748154318905855, 0.01564219135863445], [0.698304117009678, 0.17950010628452948, 0.015772557889528832, 0.037999121467899695, 0.05179765013895474, 0.0166264472094092], [0.04621775819418676, 0.027764444959802105, 0.013498767779839209, 0.014655601422387136, 0.02392189703153989, 0.8739415306122448], [0.03845681000971817, 0.02395777818270165, 0.012749031827016522, 0.013657972546161322, 0.0209386333819242, 0.8902397740524781], [0.03845681000971817, 0.02395777818270165, 0.012749031827016522, 0.013657972546161322, 0.0209386333819242, 0.8902397740524781], [0.10840244591455639, 0.575191684776025, 0.013656101974108117, 0.02899545920875566, 0.2591413197883622, 0.014612988338192419], [0.5145666388064645, 0.38085871817421385, 0.014509498759989034, 0.03183059155123455, 0.043067182130523386, 0.015167370577574658], [0.5134208898616615, 0.3736025758068315, 0.014522421422911698, 0.030735947946296832, 0.05253141039033988, 0.015186754571958654], [0.5202200208200599, 0.35868793061249055, 0.014472091051528694, 0.029440179115518106, 0.06206851938551862, 0.015111259014884148], [0.09706012788619606, 0.11266862277141071, 0.01365610197410812, 0.022707575368814913, 0.7392945836612776, 0.014612988338192419], [0.5221392123175111, 0.1295975655258825, 0.014425172908714031, 0.027793367939245778, 0.2910037995079843, 0.015040881800662154], [0.09047865625085313, 0.13525448660032408, 0.01365610197410812, 0.026628394302524727, 0.7193693725339976, 0.014612988338192419], [0.6682800622558799, 0.18228207573666566, 0.015661380471565584, 0.037014755618023656, 0.08030204483540064, 0.01645968108246433], [0.5237497834148365, 0.30383242228630924, 0.021029449598021027, 0.045929867606776295, 0.08757921920908476, 0.017879257884972168], [0.6907903286832535, 0.15867059778575335, 0.015739362058167863, 0.03638426336298779, 0.08183879464746968, 0.01657665346236775], [0.119420680232122, 0.1653173854192651, 0.014305895379269625, 0.028855041706452075, 0.6564881351424331, 0.015612862120457939], [0.703363757042409, 0.11150662852851058, 0.07198851373719324, 0.03760494318069962, 0.059115069863621486, 0.016421087647566265], [0.9053006697204429, 0.027794972131188242, 0.01347723043597001, 0.014638286099111178, 0.023938400305377625, 0.014850441307910026]], [[0.8858467170571933, 0.0372087251196775, 0.01396095490047871, 0.015846165280927187, 0.03094679516250945, 0.01619064247921391], [0.09211148838522726, 0.44413004872622236, 0.06601666996026238, 0.03076722431520946, 0.35125053104350523, 0.01572403756957328], [0.3864811211440261, 0.4569514920066944, 0.02785712915841404, 0.0319195469874762, 0.0804108821996631, 0.016379828503726296], [0.11870190951192074, 0.4879547602277566, 0.01449261537946557, 0.027754489069363758, 0.33534454942665376, 0.015751676384839652], [0.7288986338941033, 0.1520418103677011, 0.01444822751337296, 0.034262472129847975, 0.0552733923873241, 0.015075463707650547], [0.10188869877540654, 0.3621123069770208, 0.01365610197410812, 0.023735125978430742, 0.4839947779568413, 0.014612988338192419], [0.7196156120904366, 0.13112053598854398, 0.014472091051528694, 0.030054216477788533, 0.08962628537681812, 0.015111259014884148], [0.5184585494321601, 0.13189532570623805, 0.014460055527937107, 0.032589701761229675, 0.2875031618429384, 0.015093205729496767], [0.3295130158567645, 0.12172097584359588, 0.01365610197410812, 0.026055364745874478, 0.4944415532414646, 0.014612988338192419], [0.43041116455636913, 0.42885203247052717, 0.018665996112730808, 0.03833337994176738, 0.067546581437556, 0.016190845481049564], [0.5243001856022356, 0.36085129323767196, 0.014509498759989034, 0.03129840183431305, 0.053873249988215716, 0.015167370577574658], [0.7393743781660997, 0.15008114567976508, 0.014590726926931488, 0.02955216975135431, 0.051112366647861056, 0.015289212827988338], [0.7413964860486992, 0.14745653170038725, 0.014576550312889642, 0.03023264722536278, 0.05106983680573552, 0.015267947906925573], [0.7435408782736048, 0.14477066482110387, 0.014576550312889645, 0.030124352294487212, 0.051719606390988986, 0.015267947906925573], [0.4243494121670645, 0.43168286263319144, 0.018665996112730808, 0.04055478608664291, 0.06855609751932072, 0.016190845481049564], [0.09500176710509865, 0.35475243290770997, 0.01365610197410812, 0.027094098590722128, 0.4948826110841687, 0.014612988338192419], [0.6859899585012922, 0.16799432966972233, 0.015755809083705795, 0.03606713108935528, 0.07759144765524979, 0.01660132400067465], [0.6996653391975021, 0.1631257294989895, 0.015861133304939108, 0.036531629531387465, 0.06805685813465724, 0.01675931033252462], [0.43276679884190944, 0.4394890612107668, 0.015861133304939108, 0.036531629531387465, 0.058592066778472444, 0.01675931033252462], [0.6955398226788782, 0.16483242143303556, 0.015707341300483388, 0.046671508838013694, 0.0607202834237482, 0.016528622325841034], [0.13436893367057876, 0.1263817680919355, 0.014379368042068623, 0.029941540948836165, 0.6792609049451681, 0.015667484301412873], [0.41689468490793713, 0.1636452729412424, 0.015789616858422662, 0.32655877328500477, 0.060459616344642926, 0.016652035662749948], [0.6907087942359421, 0.15881233061171213, 0.015691752247400156, 0.05266066241325122, 0.06562122174547823, 0.016505238746216188], [0.6980956680528494, 0.1647409852222021, 0.015755809083705795, 0.04067532768922627, 0.06413088595134164, 0.01660132400067465], [0.13303459342417404, 0.11635463063385182, 0.014345346334706067, 0.03231699296968515, 0.6883062452789486, 0.01564219135863445], [0.7936389553999958, 0.09771190707412525, 0.014548984674474949, 0.026286719923312385, 0.05258683347878803, 0.015226599449303529], [0.34931069064732245, 0.3328056425969142, 0.014619905977192368, 0.029715395610642896, 0.2582153837645484, 0.015332981403379659], [0.5307150272461486, 0.3578800812630916, 0.01453558119891551, 0.03199930972477833, 0.049663506331101455, 0.015206494235964372], [0.03845681000971817, 0.02395777818270165, 0.012749031827016522, 0.013657972546161322, 0.0209386333819242, 0.8902397740524781], [0.3218800915721393, 0.5699102546450663, 0.01453558119891551, 0.033812938624614125, 0.044654639723300235, 0.015206494235964372], [0.10049674855719172, 0.33034643324218993, 0.01365610197410812, 0.022707575368814913, 0.5181801525195028, 0.014612988338192419], [0.7444398867635039, 0.13025874251064232, 0.014413936210644972, 0.028443397293211166, 0.06742001046843894, 0.015024026753558566], [0.09862289623123899, 0.11652839114084865, 0.01365610197410812, 0.022707575368814913, 0.733872046946797, 0.014612988338192419], [0.7378770080558315, 0.12180952732610484, 0.014392020006146644, 0.027644179877692535, 0.08328611228741314, 0.014991152446811071], [0.12550423110520895, 0.44756132696897954, 0.014653220694319423, 0.035819445804702706, 0.36059069935999905, 0.015871076066790352], [0.42007016123755564, 0.15899972456759237, 0.015661380471565588, 0.03558074426513814, 0.353228308375684, 0.01645968108246433], [0.7032685285453244, 0.1504587972446718, 0.015842743361549165, 0.03609375924701259, 0.07760444618400227, 0.016731725417439704], [0.7033016401975524, 0.15746538640543636, 0.015772557889528832, 0.03547887988037601, 0.07135508841769715, 0.0166264472094092], [0.7508091762305684, 0.09979243925291631, 0.06017766139937049, 0.03203783170388118, 0.04058156741258874, 0.01660132400067465], [0.9053006697204429, 0.027794972131188242, 0.01347723043597001, 0.014638286099111178, 0.023938400305377625, 0.014850441307910026]], [[0.8858467170571933, 0.0372087251196775, 0.01396095490047871, 0.015846165280927187, 0.03094679516250945, 0.01619064247921391], [0.38172389651758487, 0.11507592470510344, 0.391043525512241, 0.02109118691953607, 0.07477966519802866, 0.01628580114750583], [0.1197169584699593, 0.4717732733196042, 0.014520133424066698, 0.027888974380177213, 0.3503285261319221, 0.015772134274270457], [0.40619285631549956, 0.44316642882463236, 0.01895046513694469, 0.04340416901401406, 0.0717808419626931, 0.016505238746216188], [0.5276528680482672, 0.3455312329154798, 0.014590726926931488, 0.041768040382304396, 0.055167918899028744, 0.015289212827988338], [0.7366558391115403, 0.12914344547077708, 0.01453558119891551, 0.040229420194961285, 0.0642292197878414, 0.015206494235964372], [0.3125666518697238, 0.14188095072066872, 0.014522421422911696, 0.035005063986308795, 0.4808381574284282, 0.015186754571958654], [0.33359368088139496, 0.12172097584359588, 0.01365610197410812, 0.026055364745874478, 0.49036088821683405, 0.014612988338192419], [0.6958613235147659, 0.17148736644145102, 0.014460055527937107, 0.030071844618372527, 0.0730262041679765, 0.015093205729496767], [0.29770863633988703, 0.5868303847693551, 0.014509498759989033, 0.030015927460087355, 0.05576818209310662, 0.015167370577574658], [0.1105918555880443, 0.3481926512021356, 0.01365610197410812, 0.027617289685341787, 0.4853291132121777, 0.014612988338192419], [0.5301256533624674, 0.355580544797726, 0.014472091051528694, 0.03273262535710318, 0.05197782641629048, 0.015111259014884148], [0.5351396999779963, 0.350573914699047, 0.014522421422911696, 0.03064580735671857, 0.05393140197136769, 0.015186754571958653], [0.536641259411713, 0.34907235526533026, 0.014522421422911696, 0.030645807356718575, 0.0539314019713677, 0.015186754571958654], [0.7290102035948961, 0.1561869031388099, 0.014509498759989036, 0.031133911762087914, 0.0539921121666425, 0.01516737057757466], [0.09445883295030466, 0.3541898758306482, 0.01365610197410812, 0.02779497722691074, 0.49528722367983574, 0.014612988338192419], [0.4312032997920906, 0.16168525249415489, 0.015772557889528832, 0.036028461446351016, 0.3386839811684655, 0.0166264472094092], [0.7153902008108395, 0.1493612624983495, 0.015879880334608472, 0.03328539422151671, 0.06929583125765747, 0.01678743087702866], [0.7008518904197854, 0.16441381798393417, 0.015789616858422662, 0.040701832284937164, 0.0615908067901706, 0.016652035662749948], [0.43725590329028863, 0.13751288848881094, 0.014455438223249401, 0.032293319549178474, 0.36275841287889926, 0.015724037569573284], [0.3801192739296588, 0.193138807602929, 0.015691752247400156, 0.32892370572831764, 0.06562122174547823, 0.016505238746216188], [0.37724185344595085, 0.4551713917852137, 0.015691752247400156, 0.06976854202974078, 0.06562122174547823, 0.016505238746216188], [0.12040327367881277, 0.20009121615956518, 0.014616255395099741, 0.039653110751735575, 0.6093925492612647, 0.015843594753522115], [0.6951316135147367, 0.17127371536153596, 0.015739362058167863, 0.03722178126677076, 0.06405687433642095, 0.01657665346236775], [0.7072647931857146, 0.16537533377560948, 0.015755809083705795, 0.03054472354826919, 0.06445801640602629, 0.01660132400067465], [0.03845681000971817, 0.02395777818270165, 0.012749031827016522, 0.013657972546161322, 0.0209386333819242, 0.8902397740524781], [0.7629145414114276, 0.12425911742914321, 0.014619905977192368, 0.029715395610642903, 0.05315805816821446, 0.01533298140337966], [0.7687512006133669, 0.1241626172195607, 0.014619905977192368, 0.029715395610642903, 0.04741789917585761, 0.01533298140337966], [0.03845681000971817, 0.02395777818270165, 0.012749031827016522, 0.013657972546161322, 0.0209386333819242, 0.8902397740524781], [0.7361792025162477, 0.14050472002057274, 0.014605176168166444, 0.04007700383793894, 0.05332301076723341, 0.01531088668984077], [0.7283091128141718, 0.14234684685375168, 0.014460055527937107, 0.03834250008343742, 0.06144827899120515, 0.015093205729