{"round_id": "597e60cf-d1a1-4627-ac4d-2a61da68b6df", "seed_index": 0, "prediction": [[[0.9144359660455486, 0.013292549482401656, 0.01209370890269151, 0.012303895238095237, 0.03346265300207039, 0.014411227329192547], [0.9144359660455486, 0.013292549482401656, 0.01209370890269151, 0.012303895238095237, 0.03346265300207039, 0.014411227329192547], [0.9144359660455486, 0.013292549482401656, 0.01209370890269151, 0.012303895238095237, 0.03346265300207039, 0.014411227329192547], [0.9144359660455486, 0.013292549482401656, 0.01209370890269151, 0.012303895238095237, 0.03346265300207039, 0.014411227329192547], [0.9143794223320973, 0.013322747012772971, 0.012129833951380304, 0.012338981046559538, 0.033393121961269055, 0.014435893695920889], [0.9141892466322291, 0.013424311556770992, 0.012251334751342043, 0.012456986528917248, 0.03315926547148789, 0.014518855059252506], [0.9213709799551119, 0.012869702654593296, 0.011973425276681372, 0.012130564816964631, 0.027949278538812787, 0.01370604875783608], [0.9212061230250038, 0.012928304034361099, 0.012040069642583218, 0.012195799048933885, 0.027872559288234393, 0.013757144960883571], [0.9211393421977687, 0.01295204248815528, 0.012067066177594376, 0.012222224361913496, 0.02784148158337154, 0.013777843191196699], [0.9211393421977687, 0.01295204248815528, 0.012067066177594376, 0.012222224361913496, 0.02784148158337154, 0.013777843191196699], [0.9211393421977687, 0.01295204248815528, 0.012067066177594376, 0.012222224361913496, 0.02784148158337154, 0.013777843191196699], [0.9211393421977687, 0.01295204248815528, 0.012067066177594376, 0.012222224361913496, 0.02784148158337154, 0.013777843191196699], [0.9211393421977687, 0.01295204248815528, 0.012067066177594376, 0.012222224361913496, 0.02784148158337154, 0.013777843191196699], [0.9211393421977687, 0.01295204248815528, 0.012067066177594376, 0.012222224361913496, 0.02784148158337154, 0.013777843191196699], [0.9211393421977687, 0.01295204248815528, 0.012067066177594376, 0.012222224361913496, 0.02784148158337154, 0.013777843191196699], [0.9211393421977687, 0.01295204248815528, 0.012067066177594376, 0.012222224361913496, 0.02784148158337154, 0.013777843191196699], [0.9211393421977687, 0.01295204248815528, 0.012067066177594376, 0.012222224361913496, 0.02784148158337154, 0.013777843191196699], [0.9211393421977687, 0.01295204248815528, 0.012067066177594376, 0.012222224361913496, 0.02784148158337154, 0.013777843191196699], [0.9211393421977687, 0.01295204248815528, 0.012067066177594376, 0.012222224361913496, 0.02784148158337154, 0.013777843191196699], [0.9212061230250038, 0.012928304034361099, 0.012040069642583218, 0.012195799048933885, 0.027872559288234393, 0.013757144960883571], [0.9214394804629844, 0.012845352909189776, 0.011945733550842849, 0.012103459022760816, 0.027981156529169576, 0.013684817525052436], [0.9141892466322291, 0.013424311556770992, 0.012251334751342043, 0.012456986528917248, 0.03315926547148789, 0.014518855059252506], [0.9143794223320973, 0.013322747012772971, 0.012129833951380304, 0.012338981046559538, 0.033393121961269055, 0.014435893695920889], [0.9143794223320973, 0.013322747012772971, 0.012129833951380304, 0.012338981046559538, 0.033393121961269055, 0.014435893695920889], [0.9141892466322291, 0.013424311556770992, 0.012251334751342043, 0.012456986528917248, 0.03315926547148789, 0.014518855059252506], [0.9214394804629844, 0.012845352909189776, 0.011945733550842849, 0.012103459022760816, 0.027981156529169576, 0.013684817525052436], [0.9212061230250038, 0.012928304034361099, 0.012040069642583218, 0.012195799048933885, 0.027872559288234393, 0.013757144960883571], [0.9211393421977687, 0.01295204248815528, 0.012067066177594376, 0.012222224361913496, 0.02784148158337154, 0.013777843191196699], [0.9211393421977687, 0.01295204248815528, 0.012067066177594376, 0.012222224361913496, 0.02784148158337154, 0.013777843191196699], [0.9211393421977687, 0.01295204248815528, 0.012067066177594376, 0.012222224361913496, 0.02784148158337154, 0.013777843191196699], [0.9211393421977687, 0.01295204248815528, 0.012067066177594376, 0.012222224361913496, 0.02784148158337154, 0.013777843191196699], [0.9211393421977687, 0.01295204248815528, 0.012067066177594376, 0.012222224361913496, 0.02784148158337154, 0.013777843191196699], [0.9211393421977687, 0.01295204248815528, 0.012067066177594376, 0.012222224361913496, 0.02784148158337154, 0.013777843191196699], [0.9211393421977687, 0.01295204248815528, 0.012067066177594376, 0.012222224361913496, 0.02784148158337154, 0.013777843191196699], [0.9211393421977687, 0.01295204248815528, 0.012067066177594376, 0.012222224361913496, 0.02784148158337154, 0.013777843191196699], [0.9211061351639968, 0.012963846529366895, 0.012080490312738367, 0.012235364454614798, 0.027826028070175438, 0.013788135469107551], [0.9211061351639968, 0.012963846529366895, 0.012080490312738367, 0.012235364454614798, 0.027826028070175438, 0.013788135469107551], [0.9211061351639968, 0.012963846529366895, 0.012080490312738367, 0.012235364454614798, 0.027826028070175438, 0.013788135469107551], [0.9211061351639968, 0.012963846529366895, 0.012080490312738367, 0.012235364454614798, 0.027826028070175438, 0.013788135469107551], [0.9211393421977687, 0.01295204248815528, 0.012067066177594376, 0.012222224361913496, 0.02784148158337154, 0.013777843191196699]], [[0.9144359660455486, 0.013292549482401656, 0.01209370890269151, 0.012303895238095237, 0.03346265300207039, 0.014411227329192547], [0.8972860269848638, 0.01700652140910841, 0.012596025248045442, 0.013940866494611624, 0.04280221967104026, 0.0163683401923305], [0.8972860269848638, 0.01700652140910841, 0.012596025248045442, 0.013940866494611624, 0.04280221967104026, 0.0163683401923305], [0.8972860269848638, 0.01700652140910841, 0.012596025248045442, 0.013940866494611624, 0.04280221967104026, 0.0163683401923305], [0.9144359660455486, 0.013292549482401656, 0.01209370890269151, 0.012303895238095237, 0.03346265300207039, 0.014411227329192547], [0.9055544737373736, 0.01422954898989899, 0.012767326767676768, 0.013023690404040403, 0.03883096313131313, 0.01559399696969697], [0.07928494721154515, 0.015574252372932756, 0.01263737216324927, 0.014835082043385376, 0.8625463757533063, 0.015121970455581207], [0.9102681047662484, 0.016630416238580834, 0.012531734812172027, 0.01332119680383081, 0.03294087227022583, 0.0143076751089421], [0.08742083382844443, 0.015574252372932758, 0.01263737216324927, 0.014835082043385378, 0.8544104891364069, 0.015121970455581207], [0.9087534629828388, 0.01686451836109454, 0.013021568863358757, 0.013785121838211475, 0.0331011215231149, 0.014474206431381606], [0.9059073172012849, 0.01910135125557382, 0.013325166835975458, 0.014068721525819932, 0.033114512369885135, 0.014482930811460975], [0.07348755479491131, 0.015596541743866498, 0.012676772232211926, 0.014861677929872294, 0.8682305584113473, 0.01514689488779059], [0.07348755479491131, 0.015596541743866498, 0.012676772232211926, 0.014861677929872294, 0.8682305584113473, 0.01514689488779059], [0.9110025344586912, 0.01580920187677437, 0.012426765105029847, 0.013229498364851244, 0.03307488641384361, 0.014457113780809626], [0.9117255971724556, 0.016209840043651134, 0.012410406963674, 0.013205336753084792, 0.03201823637308695, 0.014430582694047608], [0.07787246689611126, 0.015574252372932758, 0.01263737216324927, 0.014835082043385378, 0.8639588560687401, 0.015121970455581207], [0.9087534629828388, 0.01686451836109454, 0.013021568863358757, 0.013785121838211475, 0.0331011215231149, 0.014474206431381606], [0.9084838633240367, 0.018705566811090264, 0.01335521117275295, 0.014106451665173311, 0.030840939268171205, 0.014507967758775553], [0.9009611072071413, 0.019647536627997918, 0.013633011086576175, 0.014356287785073737, 0.036910280077986524, 0.01449177721522428], [0.9014760831373078, 0.01850158896174138, 0.013935187094351436, 0.014639188976291403, 0.03695618894067232, 0.014491762889635428], [0.9009312836069671, 0.01965115743309749, 0.013548655316540027, 0.014282511637049508, 0.037166409087717935, 0.01441998291862784], [0.8974285878839381, 0.02104853447719977, 0.013943990527174231, 0.014941535635614515, 0.03716265712607358, 0.015474694349999745], [0.9012079699910012, 0.01805198917963087, 0.013462285444919543, 0.014499122710940775, 0.037363203748400665, 0.015415428925107187], [0.8973057399770312, 0.0210848841504548, 0.013823687212711301, 0.014843227880996077, 0.03755431819935036, 0.015388142579456261], [0.8977240569603335, 0.018594325103930855, 0.013430214001499926, 0.014456267660819231, 0.04041288470357077, 0.015382251569845514], [0.0736899877485297, 0.015582306578463425, 0.012651609274484533, 0.014844692396978248, 0.8681004271679745, 0.015130976833569457], [0.9098857012912716, 0.016333245894257928, 0.012722129913369592, 0.01350540721448457, 0.03308791411905424, 0.01446560156756201], [0.9087534629828388, 0.01686451836109454, 0.013021568863358757, 0.013785121838211475, 0.0331011215231149, 0.014474206431381606], [0.9124938345784094, 0.015922108759032553, 0.012739985902507777, 0.013531616880393307, 0.030822503235997348, 0.014489950643659533], [0.9098857012912716, 0.016333245894257928, 0.012722129913369592, 0.01350540721448457, 0.03308791411905424, 0.01446560156756201], [0.9081502526601878, 0.016460931078297387, 0.016241250927366734, 0.01381701305628819, 0.030831656427871612, 0.01449889584998823], [0.8983153590594225, 0.023789818943397316, 0.01335521117275295, 0.019190703797480363, 0.0308409392681712, 0.014507967758775551], [0.8908771892287758, 0.02747283918226437, 0.013669406094470656, 0.019484271339224205, 0.03397912507406769, 0.014517169081197174], [0.8908771892287758, 0.02747283918226437, 0.013669406094470656, 0.019484271339224205, 0.03397912507406769, 0.014517169081197174], [0.8855672049666239, 0.021252618711828507, 0.01398811530451381, 0.0306768827971209, 0.03398867561357676, 0.01452650260633601], [0.8791376643586245, 0.018694197422591576, 0.014311436797421162, 0.04245113639412867, 0.030869593823233316, 0.014535971204000853], [0.9211268752959145, 0.012956474074074074, 0.012072105994654449, 0.0122271575410462, 0.02783567987781596, 0.013781707216494845], [0.11079174534477611, 0.016565161106721085, 0.013118467578657877, 0.01569767812849574, 0.8277925803135613, 0.016034367527788015], [0.09570245481362832, 0.015582306578463425, 0.012651609274484533, 0.014844692396978248, 0.8460879601028759, 0.015130976833569457], [0.9211061351639968, 0.012963846529366895, 0.012080490312738367, 0.012235364454614798, 0.027826028070175438, 0.013788135469107551]], [[0.9144359660455486, 0.013292549482401656, 0.01209370890269151, 0.012303895238095237, 0.03346265300207039, 0.014411227329192547], [0.8972860269848638, 0.01700652140910841, 0.012596025248045442, 0.013940866494611624, 0.04280221967104026, 0.0163683401923305], [0.8935763473756579, 0.018263161589595633, 0.01318102719132664, 0.01393250494733422, 0.04469156532375789, 0.01635539357232782], [0.9006934336140104, 0.017646865156815496, 0.012678738817965586, 0.013679237872821328, 0.039952218357554525, 0.015349506180832657], [0.9027478438222512, 0.017307333936947906, 0.012988738631664281, 0.014063094958794643, 0.037529297869971556, 0.015363690780370238], [0.9142439116539441, 0.013395117353689567, 0.012216409974554707, 0.012423066463104326, 0.03322648631043257, 0.014495008244274809], [0.9215475411783091, 0.012806940771995623, 0.01190204938271605, 0.012060699171745584, 0.02803144460071886, 0.013651324894514767], [0.0788667562393975, 0.015600968487646912, 0.012684597217975182, 0.01486695996207682, 0.8628288731293307, 0.015151844963572959], [0.9087956216110261, 0.01728423269298228, 0.012501474009192062, 0.013768613230902563, 0.03318863259362014, 0.01446142586227692], [0.8959028240742456, 0.024826692890944354, 0.01252368079465998, 0.015797230426325665, 0.036448373533474514, 0.014501198280349738], [0.8950859322278124, 0.021746242644866645, 0.012547355068805255, 0.015171794617480961, 0.040905076466075795, 0.014543598974958898], [0.902853360710484, 0.01952708794559052, 0.012509846425920651, 0.014058911207502647, 0.036574372825244984, 0.014476420885257187], [0.9087956216110261, 0.01728423269298228, 0.012501474009192062, 0.013768613230902563, 0.03318863259362014, 0.01446142586227692], [0.9083074289320927, 0.0174624958313846, 0.01250648309681949, 0.01407018674118418, 0.033183008245571785, 0.01447039715294703], [0.07752764888253649, 0.015586766500684846, 0.012659492908509668, 0.014850014018009816, 0.8642401136800933, 0.015135964010165754], [0.9068808192997923, 0.01724498798932629, 0.012493812840118128, 0.013750889645188428, 0.03518178553963709, 0.014447704685937587], [0.9014726741653118, 0.02026124199662782, 0.01252368079465998, 0.014655867702746534, 0.036585337060304014, 0.01450119828034974], [0.8885500607178258, 0.025303636588796394, 0.012518423231039738, 0.01505040977248898, 0.04408568772140317, 0.014491781968445847], [0.12281757764290706, 0.023729622914925075, 0.012723450508776065, 0.01834700733464161, 0.8072059180941193, 0.015176423504630738], [0.11322118984123085, 0.02272012374782311, 0.012737327863376762, 0.01790246114121019, 0.8182336951053176, 0.015185202301041437], [0.11667374231493186, 0.02455993956665481, 0.012723450508776065, 0.016581574261777764, 0.8142848698432288, 0.01517642350463074], [0.867428134206017, 0.029750118396688896, 0.0128705466826718, 0.01711383036575676, 0.057361513188107664, 0.015475857160757809], [0.8867599348995125, 0.022136809719291717, 0.01285893942247663, 0.015885210219163413, 0.04685917777571069, 0.015499927963844966], [0.8755834639862053, 0.026225794096206283, 0.012829715082552014, 0.01765933199804873, 0.0522278989550484, 0.015473795881939091], [0.8848024784637452, 0.02303042100542428, 0.012987907654488897, 0.01664046025122673, 0.04698422223452125, 0.015554510390593513], [0.07169554932980159, 0.018988487376510967, 0.012676772232211926, 0.01655765074619453, 0.8649346454274903, 0.015146894887790589], [0.9087956216110261, 0.01728423269298228, 0.012501474009192062, 0.013768613230902563, 0.03318863259362014, 0.01446142586227692], [0.09337568613324056, 0.02163603102391455, 0.012615105749863917, 0.015266963673297504, 0.8419983286681524, 0.015107884751530909], [0.9087956216110261, 0.01728423269298228, 0.012501474009192062, 0.013768613230902563, 0.03318863259362014, 0.01446142586227692], [0.07075016068059009, 0.018995926620734224, 0.01279831342069139, 0.016609034176640898, 0.8656227834163298, 0.015223781685013598], [0.9006722989121064, 0.020680217295185935, 0.012509846425920651, 0.015212040557098062, 0.036449175924431775, 0.014476420885257187], [0.8929048704294348, 0.022899371994462066, 0.012547355068805256, 0.01632492396707638, 0.040779879565262585, 0.0145435989749589], [0.8816568294412315, 0.027370930774912913, 0.01255687818335081, 0.015544371039764124, 0.0483103356596275, 0.014560654901113017], [0.8734322307120216, 0.031246582435996276, 0.012541745690286803, 0.0150309241268024, 0.05321496447335523, 0.014533552561537794], [0.880995915193341, 0.028928010866270844, 0.012551124096772451, 0.016425827920285796, 0.0465487726081989, 0.014550349315131097], [0.7125086894951541, 0.058880159119776655, 0.017078572630155463, 0.02009844811135472, 0.17506212662092022, 0.016372004022638647], [0.8897368154376281, 0.01906496876990082, 0.014261799820252696, 0.030922735741486476, 0.031503833751556715, 0.014509846479175345], [0.9157023349990745, 0.013444422357949286, 0.012372721451045714, 0.012560617064593743, 0.03147544216176198, 0.014444461965574678], [0.8866136856891536, 0.027449400571810195, 0.014132086339466748, 0.021100483096912155, 0.03554183292689416, 0.015162511375763348], [0.9211061351639968, 0.012963846529366895, 0.012080490312738367, 0.012235364454614798, 0.027826028070175438, 0.013788135469107551]], [[0.9144359660455486, 0.013292549482401656, 0.01209370890269151, 0.012303895238095237, 0.03346265300207039, 0.014411227329192547], [0.8972860269848638, 0.01700652140910841, 0.012596025248045442, 0.013940866494611624, 0.04280221967104026, 0.0163683401923305], [0.9006934336140104, 0.017646865156815496, 0.012678738817965586, 0.013679237872821328, 0.039952218357554525, 0.015349506180832657], [0.8995125084463474, 0.018382566738591868, 0.012690436123780223, 0.014070377227040083, 0.039973655374297215, 0.01537045608994298], [0.8983255520857908, 0.01913779871529218, 0.012735538574962518, 0.014495577140751005, 0.03989379100652303, 0.015411742476680475], [0.8888726882914844, 0.02105658838609601, 0.013917335213719201, 0.014919753824979348, 0.04577811699949212, 0.01545551728422875], [0.8999088711862206, 0.019655367106787273, 0.013450580370240295, 0.014196736926527911, 0.03845193203285578, 0.014336512377367827], [0.918466100947459, 0.01312816778639104, 0.01213068285960379, 0.01230556658053402, 0.029910527820844093, 0.014058954005167958], [0.8948485803672425, 0.019099078853322016, 0.019584098136653745, 0.014028156114326285, 0.03799456943228651, 0.014445517096168883], [0.08987101429425953, 0.015547157842996021, 0.01258947819839976, 0.01480275259610057, 0.8520979242723259, 0.015091672795918184], [0.879846251121116, 0.026918084602582937, 0.012527212001361317, 0.01567460389907655, 0.05052632569392757, 0.014507522681935458], [0.09943672483991463, 0.024802074395989283, 0.01277253150664401, 0.01696700819704069, 0.830814188980579, 0.015207472079832168], [0.08588091207275222, 0.021772226023254584, 0.012761856798992494, 0.0169630894343576, 0.8474211963969409, 0.015200719273702123], [0.9074213534235718, 0.018012229240023287, 0.012514977496185659, 0.014359470111250053, 0.03320635908177937, 0.014485610647189895], [0.9087956216110261, 0.01728423269298228, 0.012501474009192062, 0.013768613230902563, 0.03318863259362014, 0.01446142586227692], [0.0855157995121696, 0.02175919777964861, 0.01279831342069139, 0.01697647292487829, 0.8477264346775985, 0.015223781685013598], [0.09882815255681342, 0.024638166863697873, 0.01279831342069139, 0.017755713890294293, 0.8307558715834894, 0.015223781685013598], [0.10497656549771142, 0.025527187114475103, 0.01279831342069139, 0.021626033186938225, 0.8198481190951702, 0.015223781685013598], [0.8772550370129586, 0.027495735369095047, 0.01253622069288617, 0.016156861668682118, 0.052032487981431064, 0.014523657274946821], [0.6988231534840076, 0.05590301737332452, 0.017078572630155463, 0.02009844811135472, 0.19172480437851896, 0.016372004022638647], [0.8750802713760664, 0.030299943723006484, 0.01253622069288617, 0.01654344882872126, 0.0510164581043729, 0.014523657274946821], [0.3267760334512429, 0.02455993956665481, 0.012723450508776065, 0.016581574261777764, 0.6041825787069177, 0.01517642350463074], [0.8864806123471677, 0.02534580276811168, 0.012443606180810468, 0.015864314924197025, 0.04542724434827479, 0.014438419431438435], [0.11447094862335597, 0.024596014651017344, 0.012676772232211926, 0.016561869584046075, 0.816547500021578, 0.01514689488779059], [0.8921015473397607, 0.022587323715230347, 0.012532600794226684, 0.016157576419588066, 0.042103777705391025, 0.014517174025803256], [0.9074267447793986, 0.018508847727753998, 0.012092691664642148, 0.014426305439445997, 0.03381291769708407, 0.013732492691675209], [0.9089115646592593, 0.017898451762085207, 0.01210462421999442, 0.013994464294358024, 0.03333703113090396, 0.0137538639333992], [0.9019893286289856, 0.02043768588909993, 0.012100088324624404, 0.015105997903908888, 0.03662115912192766, 0.013745740131453552], [0.9085716404534786, 0.017900071028886258, 0.012081219901569875, 0.013931295973750401, 0.033803825912035124, 0.013711946730279678], [0.07712560059342632, 0.020442300590271162, 0.012320423083191912, 0.014460024580429031, 0.8613199763967974, 0.014331674755884143], [0.09125919935283307, 0.020813269838994796, 0.012320423083191912, 0.01510618834112503, 0.846169244627971, 0.014331674755884143], [0.8883195604906703, 0.027438826935214718, 0.012095619818965645, 0.014705506459006555, 0.043702749271463906, 0.013737737024678929], [0.8927802940028273, 0.025695523242050017, 0.012115448254818901, 0.015328437952874559, 0.04030704673583097, 0.013773249811598273], [0.10854233538102098, 0.021344649073129274, 0.012320423083191912, 0.015112657489088466, 0.8283482602176852, 0.014331674755884143], [0.284048761803846, 0.02064930519559645, 0.012320423083191912, 0.014099442124683495, 0.654550393036798, 0.014331674755884143], [0.09981394173274612, 0.02052260641898939, 0.012320423083191912, 0.014745605885379494, 0.8382657481238088, 0.01433167475588414], [0.11605765011914503, 0.02283262619667179, 0.01279831342069139, 0.014943720823130897, 0.8181439077553473, 0.015223781685013598], [0.8962267833592442, 0.02473178876030497, 0.013633011086576177, 0.019440539917380793, 0.031476099661269685, 0.014491777215224284], [0.9211268752959145, 0.012956474074074074, 0.012072105994654449, 0.0122271575410462, 0.02783567987781596, 0.013781707216494845], [0.9211061351639968, 0.012963846529366895, 0.012080490312738367, 0.012235364454614798, 0.027826028070175438, 0.013788135469107551]], [[0.9144359660455486, 0.013292549482401656, 0.01209370890269151, 0.012303895238095237, 0.03346265300207039, 0.014411227329192547], [0.9007239365169195, 0.017154103168168944, 0.01256365326365852, 0.013653076973416129, 0.04058610361133434, 0.015319126466502507], [0.8995125084463474, 0.018382566738591868, 0.012690436123780223, 0.014070377227040083, 0.039973655374297215, 0.01537045608994298], [0.8983023250154096, 0.019136495851765682, 0.01270242323868904, 0.014471207337723682, 0.039995623508418794, 0.015391925047993173], [0.8802314724237432, 0.029392126687399635, 0.01269518169958513, 0.017137856199702844, 0.045164407559404846, 0.015378955430164085], [0.8716246640282392, 0.032427576936529194, 0.012769066298698648, 0.01826088500023465, 0.04948025373852595, 0.015437553997772375], [0.3264790417117712, 0.028095687368190424, 0.012737327863376762, 0.01568899376811777, 0.6018137469875023, 0.015185202301041437], [0.17373616454093008, 0.01607267198773585, 0.012941272094081824, 0.015284543863304679, 0.7663749136315406, 0.015590433882406756], [0.9211061351639968, 0.012963846529366895, 0.012080490312738367, 0.012235364454614798, 0.027826028070175438, 0.013788135469107551], [0.9213795146728612, 0.012866668834688347, 0.011969975067750677, 0.012127187611304685, 0.027953250329074718, 0.013703403484320557], [0.9003313600603292, 0.021822967965549764, 0.014311436797421162, 0.014999899606507428, 0.0339983643661915, 0.014535971204000853], [0.8788418189144738, 0.028186732112182956, 0.01251897566401302, 0.014951908801240081, 0.05100779313056479, 0.014492771377525441], [0.09947351487661422, 0.024804557537518125, 0.012769485095017555, 0.016965889837214004, 0.8307810077298233, 0.015205544923812785], [0.9014726741653118, 0.02026124199662782, 0.01252368079465998, 0.014655867702746534, 0.036585337060304014, 0.01450119828034974], [0.9074213534235718, 0.018012229240023287, 0.012514977496185659, 0.014359470111250053, 0.03320635908177937, 0.014485610647189895], [0.08402133602278813, 0.024125575748599283, 0.012723450508776065, 0.01863318815935127, 0.8453200260558544, 0.01517642350463074], [0.8875410920731354, 0.026579620165367926, 0.012510385610746405, 0.014331503331869493, 0.044560012252015356, 0.014477386566865603], [0.12281757764290706, 0.023729622914925075, 0.012723450508776065, 0.01834700733464161, 0.8072059180941193, 0.015176423504630738], [0.8692300625710915, 0.027741263521354427, 0.012551124096772451, 0.01535031304614392, 0.06057688744950663, 0.014550349315131099], [0.8729019622324937, 0.027741263521354427, 0.012551124096772451, 0.01535031304614392, 0.05690498778810436, 0.014550349315131097], [0.8698003426786435, 0.02991674622199294, 0.012541745690286803, 0.01558740943481611, 0.05762020341272289, 0.014533552561537794], [0.12362985716540206, 0.026593237892179322, 0.012676772232211926, 0.016548910396009132, 0.8054043274264068, 0.01514689488779059], [0.8722035307609888, 0.029678729328808585, 0.012527212001361317, 0.016400987355064827, 0.05468201787184092, 0.01450752268193546], [0.11117623876551398, 0.024596014651017344, 0.012676772232211926, 0.016561869584046075, 0.81984220987942, 0.01514689488779059], [0.8824079352520682, 0.02699123081283747, 0.012541745690286803, 0.016662924308957983, 0.04686261137431183, 0.014533552561537794], [0.9019893286289856, 0.02043768588909993, 0.012100088324624404, 0.015105997903908888, 0.03662115912192766, 0.013745740131453552], [0.9021307177837871, 0.019740242952194925, 0.012112322893866975, 0.014854123393409841, 0.03739494069579805, 0.013767652280943147], [0.8939511721160412, 0.024089502590531265, 0.012107671473729285, 0.015525043497181479, 0.04056728874871778, 0.013759321573798892], [0.08869390216509164, 0.022948094812031493, 0.012320423083191912, 0.014460024580429031, 0.8472458806033717, 0.014331674755884143], [0.8954570741648686, 0.02370527063400119, 0.012075150989267678, 0.01413723622518175, 0.0409241906961801, 0.013701077290500609], [0.2625699130302703, 0.026424235433346197, 0.012320423083191912, 0.014099442124683495, 0.6702543115726239, 0.014331674755884143], [0.10070727843970644, 0.020641096106158587, 0.012320423083191912, 0.014099442124683495, 0.8379000854903753, 0.014331674755884143], [0.7530669778166648, 0.050532503862129784, 0.01586970823411373, 0.01837385545476663, 0.1468731486401179, 0.015283805992207], [0.8875152524833206, 0.027935889625186512, 0.012103090024271831, 0.014964521932730929, 0.04373012975014126, 0.013751116184348692], [0.09665959055130759, 0.022875485330219394, 0.012320423083191912, 0.017821907267823497, 0.8359909190115735, 0.014331674755884143], [0.8865654708725809, 0.027352873916549746, 0.012088790066743245, 0.014106231776360372, 0.04616112844940032, 0.0137255049183655], [0.8863689989194483, 0.02645676593839181, 0.012518423231039738, 0.016203539122084394, 0.043960490820589955, 0.014491781968445847], [0.8992916123669343, 0.021414371346223236, 0.012523680794659982, 0.01580899705234195, 0.0364601401594908, 0.01450119828034974], [0.9081502526601878, 0.016460931078297387, 0.016241250927366734, 0.01381701305628819, 0.030831656427871612, 0.01449889584998823], [0.9211061351639968, 0.012963846529366895, 0.012080490312738367, 0.012235364454614798, 0.027826028070175438, 0.013788135469107551]], [[0.9144359660455486, 0.013292549482401656, 0.01209370890269151, 0.012303895238095237, 0.03346265300207039, 0.014411227329192547], [0.11168580874911739, 0.01697087781919998, 0.013099205700995481, 0.015996433868072316, 0.8258730366674636, 0.016374637195151243], [0.8958637622549714, 0.02014392601829247, 0.01268337008022712, 0.015186610057814513, 0.04076453080353288, 0.01535780078516144], [0.8802314724237432, 0.029392126687399635, 0.01269518169958513, 0.017137856199702844, 0.045164407559404846, 0.015378955430164085], [0.13605610021847184, 0.02773093580392793, 0.013099205700995481, 0.018315728826625577, 0.7884233922548279, 0.016374637195151243], [0.8463925907632857, 0.03425066289265312, 0.012794340614191352, 0.01700563963226103, 0.07411271400940979, 0.015444052088199007], [0.12204908627319423, 0.028225632224036477, 0.012748081542176938, 0.014909813234282226, 0.806875381662093, 0.015192005064217069], [0.8233912191400065, 0.08796766481510473, 0.01388246023813281, 0.014581184513397441, 0.04572071326183792, 0.01445675803152043], [0.9211061351639968, 0.012963846529366895, 0.012080490312738367, 0.012235364454614798, 0.027826028070175438, 0.013788135469107551], [0.8876598393613485, 0.018694197422591576, 0.014311436797421162, 0.026472058264020777, 0.03832649695061698, 0.014535971204000853], [0.7038089691798732, 0.05888015911977666, 0.017078572630155463, 0.020098448111354722, 0.18376184693620123, 0.016372004022638647], [0.11101708159435444, 0.02334951397534504, 0.012684597217975182, 0.01840264028553808, 0.8193943219632144, 0.015151844963572959], [0.8788418189144738, 0.028186732112182956, 0.01251897566401302, 0.014951908801240081, 0.05100779313056479, 0.014492771377525441], [0.8863734506810164, 0.025512839124385803, 0.012532600794226684, 0.01440002772281963, 0.04666390765174803, 0.014517174025803253], [0.9032632921897663, 0.019525135191347603, 0.01253807085569121, 0.014135089022056919, 0.03601144181916689, 0.014526970921971118], [0.8949154240251114, 0.022587323715230347, 0.012532600794226684, 0.01547554259696151, 0.039971934842666874, 0.014517174025803256], [0.8844038979622798, 0.023374847403494107, 0.01255687818335081, 0.015809692327590448, 0.04929402922217174, 0.014560654901113017], [0.8785585106182221, 0.024815748112198964, 0.012551124096772451, 0.016425827920285796, 0.05309843993738961, 0.014550349315131097], [0.49316622814690236, 0.05590301737332453, 0.017078572630155463, 0.020098448111354722, 0.39738172971562435, 0.01637200402263865], [0.12617333110543882, 0.02310654327621478, 0.012563656314791796, 0.01705648666411664, 0.806024644733393, 0.01507533790604489], [0.8626538850602384, 0.026876509226262342, 0.012541745690286803, 0.01558740943481611, 0.06780689802685862, 0.014533552561537794], [0.6653611125681219, 0.026876509226262342, 0.012541745690286803, 0.015587409434816108, 0.26509967051897493, 0.014533552561537794], [0.8730207556274296, 0.02665566368669378, 0.012566649540632895, 0.016427595037671106, 0.05675118067683453, 0.014578155430738227], [0.6904919846172051, 0.05989778690585149, 0.017078572630155463, 0.020098448111354722, 0.19606120371279462, 0.016372004022638647], [0.8814296463892928, 0.0275981746522675, 0.012551124096772451, 0.016982313228299503, 0.04688839231823669, 0.014550349315131097], [0.10096715712878311, 0.02215649943139491, 0.012296159491321665, 0.015470369837231858, 0.8347955098531745, 0.01431430425809395], [0.8868679797984522, 0.02651540436244955, 0.012107671473729285, 0.014633202889970854, 0.04611641990159914, 0.013759321573798892], [0.8931399534575349, 0.024592793781861286, 0.012115448254818901, 0.015789887819291998, 0.04058866687489456, 0.013773249811598273], [0.0965067149893464, 0.02780858503259851, 0.012320423083191912, 0.01548379172393581, 0.8335488104150431, 0.014331674755884143], [0.0911837732258815, 0.022829605124862297, 0.012320423083191912, 0.01510618834112503, 0.8442283354690551, 0.014331674755884143], [0.09418508914297, 0.026714898853351605, 0.012320423083191912, 0.014460024580429031, 0.8379878895841733, 0.014331674755884143], [0.8880296800827929, 0.02742076497572829, 0.012095619818965645, 0.014846389743000643, 0.04386980835483354, 0.013737737024678929], [0.8929086702969433, 0.025010310904789446, 0.012128322294604508, 0.015088463671044378, 0.041067925577907644, 0.013796307254710826], [0.8935915126613335, 0.025192232050719996, 0.012107671473729285, 0.01506359363076404, 0.0402856686096542, 0.013759321573798892], [0.25180204166876174, 0.023166148750224796, 0.012320423083191912, 0.018182489723569034, 0.6801972220183683, 0.014331674755884143], [0.09187969173444813, 0.020813269838994793, 0.012320423083191912, 0.01510618834112503, 0.845548752246356, 0.01433167475588414], [0.09213660386804874, 0.02016128996663782, 0.01279831342069139, 0.015378565111867505, 0.8443014459477409, 0.015223781685013598], [0.07114088129448437, 0.018992852048099737, 0.012748081542176937, 0.01658779786763217, 0.8653383821833897, 0.015192005064217067], [0.9074409603941771, 0.01671727450647183, 0.015885479793609207, 0.013454331390044743, 0.03208143666834488, 0.014420517247352119], [0.9211393421977687, 0.01295204248815528, 0.012067066177594376, 0.012222224361913496, 0.02784148158337154, 0.013777843191196699]], [[0.9144359660455486, 0.013292549482401656, 0.01209370890269151, 0.012303895238095237, 0.03346265300207039, 0.014411227329192547], [0.8986853430339049, 0.01911332928460963, 0.013339721749839033, 0.014365493326361427, 0.03918602881756688, 0.01531008378771802], [0.8803440485798683, 0.02934272185829012, 0.012728332840749108, 0.01714904108870308, 0.0450370186468738, 0.01539883698551556], [0.8717783705118729, 0.032363755371622734, 0.012801550970842195, 0.018266465477881997, 0.04933289180961705, 0.015456965858162957], [0.8592364044064973, 0.03048639551439912, 0.012895442596478176, 0.017605968682832318, 0.06424829418415338, 0.0155274946156396], [0.8480219559610305, 0.031181556651012028, 0.01296620086991178, 0.018040356011881607, 0.0742056252897653, 0.015584305216398829], [0.458275353424083, 0.07982708210100876, 0.017078572630155463, 0.020098448111354722, 0.4083485397107595, 0.01637200402263865], [0.8853195494610522, 0.02182296796554976, 0.014311436797421162, 0.014999899606507428, 0.04901017496546852, 0.014535971204000853], [0.9211061351639968, 0.012963846529366895, 0.012080490312738367, 0.012235364454614798, 0.027826028070175438, 0.013788135469107551], [0.9003469210552644, 0.01812384816887032, 0.01398811530451381, 0.01469780466701302, 0.03831680819800225, 0.01452650260633601], [0.8853804865167818, 0.023989416529278315, 0.012566649540632895, 0.016136431017483722, 0.047348860965085116, 0.014578155430738225], [0.879846251121116, 0.026918084602582937, 0.012527212001361317, 0.01567460389907655, 0.05052632569392757, 0.014507522681935458], [0.0914423034063487, 0.027475620379071357, 0.01279831342069139, 0.021465578486513953, 0.8315944026223608, 0.015223781685013598], [0.1123624146481761, 0.02268973359910162, 0.01279831342069139, 0.017916168590718564, 0.8190095880562986, 0.015223781685013597], [0.8949154240251114, 0.022587323715230347, 0.012532600794226684, 0.01547554259696151, 0.039971934842666874, 0.014517174025803256], [0.9032632921897663, 0.019525135191347603, 0.01253807085569121, 0.014135089022056919, 0.03601144181916689, 0.014526970921971118], [0.8949154240251114, 0.022587323715230347, 0.012532600794226684, 0.01547554259696151, 0.039971934842666874, 0.014517174025803256], [0.8830558907454122, 0.023374847403494103, 0.012556878183350809, 0.015809692327590448, 0.05064203643903935, 0.014560654901113017], [0.8795150731208814, 0.023989416529278315, 0.012566649540632895, 0.016136431017483722, 0.053214274360985435, 0.014578155430738225], [0.8738990190138416, 0.027134319681924403, 0.012541745690286803, 0.015030924126802401, 0.056860438925606965, 0.014533552561537795], [0.8796611781793674, 0.025512839124385803, 0.012532600794226684, 0.015082061545446189, 0.0526941463307705, 0.014517174025803254], [0.8632042201655494, 0.029916746221992932, 0.012541745690286803, 0.015587409434816108, 0.0642163259258168, 0.014533552561537794], [0.8720393437054129, 0.02665566368669378, 0.012566649540632895, 0.016427595037671106, 0.05773259259885126, 0.014578155430738229], [0.8779965407684621, 0.02665566368669378, 0.012566649540632895, 0.016427595037671106, 0.05177539553580199, 0.014578155430738229], [0.8688258771894335, 0.03356969867990269, 0.012556878183350809, 0.01891768101814941, 0.051569210028050365, 0.014560654901113017], [0.8894438428969698, 0.026318035515539566, 0.012095619818965645, 0.015307839609418082, 0.04309692513442796, 0.013737737024678929], [0.8931399534575349, 0.024592793781861286, 0.012115448254818901, 0.015789887819291998, 0.04058866687489456, 0.013773249811598273], [0.7189607910506456, 0.07121470429574026, 0.01586970823411373, 0.01837385545476663, 0.1602971349725268, 0.015283805992207002], [0.2628958435680359, 0.0220254457054109, 0.012320423083191912, 0.01548379172393581, 0.6729428211635412, 0.014331674755884143], [0.8878463226506859, 0.02738808791467534, 0.012088790066743245, 0.01456768164277781, 0.04438361280675228, 0.0137255049183655], [0.2679938719215546, 0.021635312493134676, 0.012320423083191912, 0.015473239944834002, 0.6682454778014006, 0.014331674755884143], [0.8828159231895736, 0.02761813382263828, 0.012107671473729285, 0.014171753023553415, 0.04952719691670659, 0.013759321573798892], [0.8920399213741533, 0.02440435815680634, 0.012120219670065092, 0.014597514505459055, 0.04305619086318134, 0.013781795430334703], [0.9022571133162041, 0.02060010468948867, 0.012112322893866975, 0.01502475592188287, 0.03623805089761421, 0.013767652280943147], [0.8935915126613335, 0.025192232050719996, 0.012107671473729285, 0.01506359363076404, 0.0402856686096542, 0.013759321573798892], [0.9048722277814617, 0.019015644508530404, 0.012100088324624404, 0.014604800077125947, 0.035661499176803856, 0.013745740131453552], [0.8971730604197279, 0.025211775779894897, 0.01252368079465998, 0.01524937955685349, 0.035340905168513875, 0.014501198280349738], [0.9087956216110261, 0.01728423269298228, 0.012501474009192062, 0.013768613230902563, 0.03318863259362014, 0.01446142586227692], [0.07809259853619074, 0.015559849558336739, 0.01261191285845209, 0.014817896469901653, 0.8638118776445283, 0.015105864932590453], [0.9211393421977687, 0.01295204248815528, 0.012067066177594376, 0.012222224361913496, 0.02784148158337154, 0.013777843191196699]], [[0.9144359660455486, 0.013292549482401656, 0.01209370890269151, 0.012303895238095237, 0.03346265300207039, 0.014411227329192547], [0.07818260119752683, 0.01564467570707113, 0.012761856798992494, 0.014919111826295909, 0.8632910351964116, 0.015200719273702123], [0.09343270640390486, 0.020161289966637817, 0.01279831342069139, 0.015378565111867503, 0.8430053434118847, 0.015223781685013597], [0.0919944196325123, 0.02250810910637066, 0.012726539358876101, 0.017018262524566206, 0.8405742918705016, 0.015178377507173126], [0.8828927879657411, 0.0299148040223405, 0.012488372677463493, 0.016177762768976707, 0.044055923863545614, 0.01447034870193251], [0.11065427684464868, 0.028207355489104045, 0.012761856798992494, 0.014919111826295909, 0.8182566797672566, 0.015200719273702121], [0.0930491626502549, 0.02505783054186835, 0.012320423083191912, 0.014099442124683495, 0.8411414668441172, 0.014331674755884143], [0.9012313267723757, 0.01705106851064818, 0.013271439488721247, 0.013854144651723549, 0.0408599010841992, 0.013732119492332018], [0.9260405712839973, 0.01245768678051866, 0.011725188361796332, 0.01185361340923466, 0.024781734851359892, 0.013141205313092978], [0.9041059301697695, 0.02027288907178624, 0.013042752302246064, 0.013648592776893351, 0.03518409964802739, 0.013745736031277352], [0.897098919419103, 0.021782253258444073, 0.012107671473729285, 0.01506359363076404, 0.0401882406441606, 0.013759321573798892], [0.899808980700529, 0.022672050354183453, 0.012088331977161984, 0.014328794233856867, 0.0373771582556902, 0.013724684478578435], [0.09488116736480637, 0.02052260641898939, 0.012320423083191912, 0.016564261241259988, 0.841379867135868, 0.01433167475588414], [0.09488116736480637, 0.02052260641898939, 0.012320423083191912, 0.016564261241259988, 0.841379867135868, 0.01433167475588414], [0.897098919419103, 0.021782253258444073, 0.012107671473729285, 0.01506359363076404, 0.0401882406441606, 0.013759321573798892], [0.904322657113802, 0.02043768588909993, 0.012100088324624404, 0.01454044044567776, 0.03485338809534236, 0.013745740131453552], [0.08471667671449531, 0.02417642404905205, 0.012651609274484533, 0.018624937084574703, 0.8446993760438238, 0.015130976833569457], [0.8949154240251114, 0.022587323715230347, 0.012532600794226684, 0.01547554259696151, 0.039971934842666874, 0.014517174025803256], [0.8844684121869195, 0.023374847403494107, 0.01255687818335081, 0.015809692327590448, 0.049229514997532024, 0.014560654901113017], [0.8894721575038416, 0.0252818547749535, 0.012518423231039738, 0.015220307920463545, 0.04301547460125568, 0.014491781968445847], [0.1108777794524554, 0.024579117042396147, 0.012698636387554328, 0.016571099276455684, 0.8201126417172105, 0.015160726123927857], [0.11151972878194633, 0.02461546172339542, 0.012651609274484533, 0.016551247341553617, 0.8195309760450507, 0.015130976833569457], [0.48428870321441314, 0.0598977869058515, 0.017078572630155463, 0.020098448111354722, 0.4022644851155866, 0.01637200402263865], [0.8657036783432426, 0.030523690061422963, 0.012551124096772451, 0.015906798354157627, 0.06076435982927328, 0.014550349315131097], [0.874990001594735, 0.029678729328808585, 0.012527212001361317, 0.016400987355064827, 0.05189554703809488, 0.01450752268193546], [0.09344028787414427, 0.02365164777900218, 0.012320423083191912, 0.015473239944834002, 0.8407827265629434, 0.014331674755884143], [0.09227533282503733, 0.021906956018241705, 0.012320423083191912, 0.016129955484631812, 0.843035657833013, 0.014331674755884143], [0.09541924588164644, 