{"round_id": "597e60cf-d1a1-4627-ac4d-2a61da68b6df", "seed_index": 3, "prediction": [[[0.9211393421977687, 0.01295204248815528, 0.012067066177594376, 0.012222224361913496, 0.02784148158337154, 0.013777843191196699], [0.9211061351639968, 0.012963846529366895, 0.012080490312738367, 0.012235364454614798, 0.027826028070175438, 0.013788135469107551], [0.9211393421977687, 0.01295204248815528, 0.012067066177594376, 0.012222224361913496, 0.02784148158337154, 0.013777843191196699], [0.9211393421977687, 0.01295204248815528, 0.012067066177594376, 0.012222224361913496, 0.02784148158337154, 0.013777843191196699], [0.9211393421977687, 0.01295204248815528, 0.012067066177594376, 0.012222224361913496, 0.02784148158337154, 0.013777843191196699], [0.9211393421977687, 0.01295204248815528, 0.012067066177594376, 0.012222224361913496, 0.02784148158337154, 0.013777843191196699], [0.9211393421977687, 0.01295204248815528, 0.012067066177594376, 0.012222224361913496, 0.02784148158337154, 0.013777843191196699], [0.9211393421977687, 0.01295204248815528, 0.012067066177594376, 0.012222224361913496, 0.02784148158337154, 0.013777843191196699], [0.9211393421977687, 0.01295204248815528, 0.012067066177594376, 0.012222224361913496, 0.02784148158337154, 0.013777843191196699], [0.9211393421977687, 0.01295204248815528, 0.012067066177594376, 0.012222224361913496, 0.02784148158337154, 0.013777843191196699], [0.9211393421977687, 0.01295204248815528, 0.012067066177594376, 0.012222224361913496, 0.02784148158337154, 0.013777843191196699], [0.9211393421977687, 0.01295204248815528, 0.012067066177594376, 0.012222224361913496, 0.02784148158337154, 0.013777843191196699], [0.9211393421977687, 0.01295204248815528, 0.012067066177594376, 0.012222224361913496, 0.02784148158337154, 0.013777843191196699], [0.9212061230250038, 0.012928304034361099, 0.012040069642583218, 0.012195799048933885, 0.027872559288234393, 0.013757144960883571], [0.9214394804629844, 0.012845352909189776, 0.011945733550842849, 0.012103459022760816, 0.027981156529169576, 0.013684817525052436], [0.9141892466322291, 0.013424311556770992, 0.012251334751342043, 0.012456986528917248, 0.03315926547148789, 0.014518855059252506], [0.9143794223320973, 0.013322747012772971, 0.012129833951380304, 0.012338981046559538, 0.033393121961269055, 0.014435893695920889], [0.9144359660455486, 0.013292549482401656, 0.01209370890269151, 0.012303895238095237, 0.03346265300207039, 0.014411227329192547], [0.9144359660455486, 0.013292549482401656, 0.01209370890269151, 0.012303895238095237, 0.03346265300207039, 0.014411227329192547], [0.9144359660455486, 0.013292549482401656, 0.01209370890269151, 0.012303895238095237, 0.03346265300207039, 0.014411227329192547], [0.9144359660455486, 0.013292549482401656, 0.01209370890269151, 0.012303895238095237, 0.03346265300207039, 0.014411227329192547], [0.9144359660455486, 0.013292549482401656, 0.01209370890269151, 0.012303895238095237, 0.03346265300207039, 0.014411227329192547], [0.9143794223320973, 0.013322747012772971, 0.012129833951380304, 0.012338981046559538, 0.033393121961269055, 0.014435893695920889], [0.9141892466322291, 0.013424311556770992, 0.012251334751342043, 0.012456986528917248, 0.03315926547148789, 0.014518855059252506], [0.9214394804629844, 0.012845352909189776, 0.011945733550842849, 0.012103459022760816, 0.027981156529169576, 0.013684817525052436], [0.9212061230250038, 0.012928304034361099, 0.012040069642583218, 0.012195799048933885, 0.027872559288234393, 0.013757144960883571], [0.9211393421977687, 0.01295204248815528, 0.012067066177594376, 0.012222224361913496, 0.02784148158337154, 0.013777843191196699], [0.9211393421977687, 0.01295204248815528, 0.012067066177594376, 0.012222224361913496, 0.02784148158337154, 0.013777843191196699], [0.9211393421977687, 0.01295204248815528, 0.012067066177594376, 0.012222224361913496, 0.02784148158337154, 0.013777843191196699], [0.9211393421977687, 0.01295204248815528, 0.012067066177594376, 0.012222224361913496, 0.02784148158337154, 0.013777843191196699], [0.9211393421977687, 0.01295204248815528, 0.012067066177594376, 0.012222224361913496, 0.02784148158337154, 0.013777843191196699], [0.9211393421977687, 0.01295204248815528, 0.012067066177594376, 0.012222224361913496, 0.02784148158337154, 0.013777843191196699], [0.9211393421977687, 0.01295204248815528, 0.012067066177594376, 0.012222224361913496, 0.02784148158337154, 0.013777843191196699], [0.9211393421977687, 0.01295204248815528, 0.012067066177594376, 0.012222224361913496, 0.02784148158337154, 0.013777843191196699], [0.9211393421977687, 0.01295204248815528, 0.012067066177594376, 0.012222224361913496, 0.02784148158337154, 0.013777843191196699], [0.9211393421977687, 0.01295204248815528, 0.012067066177594376, 0.012222224361913496, 0.02784148158337154, 0.013777843191196699], [0.9211393421977687, 0.01295204248815528, 0.012067066177594376, 0.012222224361913496, 0.02784148158337154, 0.013777843191196699], [0.9212061230250038, 0.012928304034361099, 0.012040069642583218, 0.012195799048933885, 0.027872559288234393, 0.013757144960883571], [0.9214394804629844, 0.012845352909189776, 0.011945733550842849, 0.012103459022760816, 0.027981156529169576, 0.013684817525052436], [0.9141892466322291, 0.013424311556770992, 0.012251334751342043, 0.012456986528917248, 0.03315926547148789, 0.014518855059252506]], [[0.9211061351639968, 0.012963846529366895, 0.012080490312738367, 0.012235364454614798, 0.027826028070175438, 0.013788135469107551], [0.9009245397556527, 0.016333245894257928, 0.020260045849454865, 0.01350540721448457, 0.034511159718587876, 0.01446560156756201], [0.07573817972505277, 0.014652751077189875, 0.012252611043758885, 0.014048670497525291, 0.8690246600772566, 0.014283127579216365], [0.7313315334722194, 0.017355017697223828, 0.012757301531918928, 0.014590019729966607, 0.21024878266429106, 0.013717344904380353], [0.727473423581715, 0.01780792663033451, 0.013012572760595425, 0.014828476001871566, 0.21315292048838105, 0.013724680537102487], [0.8900520729282477, 0.019330919121573163, 0.013307032994445038, 0.016125124553101878, 0.04743137480686573, 0.013753475595766293], [0.8968975503534808, 0.01780792663033451, 0.013012572760595425, 0.014828476001871566, 0.04372879371661505, 0.013724680537102487], [0.9040971314003206, 0.017670714210238997, 0.012733336738737416, 0.014559924374791696, 0.037241519032515685, 0.01369737424339576], [0.07156700703529494, 0.014697791389550501, 0.012320423083191912, 0.014099442124683495, 0.872983661611395, 0.014331674755884143], [0.8970115145046259, 0.017305940494610463, 0.013217812594627544, 0.016021403499741908, 0.042743385550518244, 0.013699943355875797], [0.09715784167154638, 0.014697791389550501, 0.012320423083191912, 0.014099442124683495, 0.8473928269751435, 0.014331674755884143], [0.08146573857820325, 0.014697791389550501, 0.012320423083191912, 0.014099442124683495, 0.8630849300684866, 0.014331674755884143], [0.06488146238157583, 0.014697791389550501, 0.012320423083191912, 0.015038747638160233, 0.8787299007516373, 0.014331674755884143], [0.06410864510120068, 0.014697791389550501, 0.012320423083191912, 0.014099442124683495, 0.8804420235454892, 0.014331674755884143], [0.9072509003196647, 0.017355017697223824, 0.012757301531918928, 0.014590019729966607, 0.034329415816845704, 0.013717344904380351], [0.9100656934360405, 0.016460931078297387, 0.01432581015151406, 0.01381701305628819, 0.030831656427871612, 0.01449889584998823], [0.9112134597282405, 0.015922108759032553, 0.014020360752676677, 0.013531616880393307, 0.030822503235997348, 0.014489950643659533], [0.902573054175624, 0.016752314394788807, 0.014617614248683651, 0.014018726590282046, 0.0364476021243177, 0.01559068846630389], [0.9057007110755565, 0.015998623855137162, 0.01243004739877815, 0.013518171871576681, 0.0368701807347344, 0.015482265064217064], [0.9000295645500226, 0.01773997920832054, 0.014403545299029867, 0.013759194660413011, 0.038685145097472895, 0.015382571184740868], [0.1017999892778787, 0.017003463604552176, 0.01318372855134798, 0.016042091462525006, 0.8355555057733577, 0.01641522133033824], [0.8964062764629906, 0.019068816294613128, 0.015159767116231144, 0.014458492170412614, 0.039520132088468544, 0.015386515867283759], [0.11195615137659527, 0.017588414924057237, 0.013398203895793104, 0.016533799330127764, 0.8235803114220857, 0.016943119051340945], [0.8964088630184721, 0.018641003834873448, 0.015396956555074117, 0.014742694795186598, 0.03919545221784823, 0.015615029578545079], [0.9112134597282405, 0.015922108759032553, 0.014020360752676677, 0.013531616880393307, 0.030822503235997348, 0.014489950643659533], [0.9086053264411027, 0.016333245894257928, 0.014002504763538492, 0.01350540721448457, 0.03308791411905424, 0.01446560156756201], [0.08144074996005739, 0.01553254991064719, 0.012563656314791796, 0.014785322274190053, 0.8606023836342686, 0.01507533790604489], [0.9002724426214507, 0.01886978106736146, 0.013325166835975458, 0.015535332717831583, 0.03751434594592009, 0.014482930811460975], [0.8953262326273069, 0.01941596643978555, 0.013633011086576175, 0.015822898977085387, 0.04131011365402148, 0.01449177721522428], [0.09191098095705391, 0.01602368871604164, 0.012975335680881113, 0.015256462286394651, 0.8482792924658307, 0.015554239893797915], [0.8997218589283508, 0.017252842173099088, 0.017474795518405965, 0.013754436730179358, 0.03734561589562792, 0.014450450754336847], [0.09154752888887757, 0.015596541743866498, 0.012676772232211926, 0.014861677929872294, 0.8501705843173809, 0.01514689488779059], [0.07636996473493265, 0.015596541743866498, 0.012676772232211926, 0.014861677929872294, 0.865348148471326, 0.01514689488779059], [0.9054095108150811, 0.016333245894257928, 0.017198320389560068, 0.01350540721448457, 0.03308791411905424, 0.014465601567562008], [0.9065263439825008, 0.01580920187677437, 0.016902955581220326, 0.013229498364851244, 0.03307488641384361, 0.014457113780809628], [0.9121042747623052, 0.015292239780937501, 0.012135391851521501, 0.01295731814256513, 0.03306203476481234, 0.014448740697858318], [0.9147419388693667, 0.014866729474735175, 0.012141708963323271, 0.01297261774266622, 0.03080457508279375, 0.014472429867114953], [0.9121042747623052, 0.015292239780937501, 0.012135391851521501, 0.01295731814256513, 0.03306203476481234, 0.014448740697858318], [0.07028527286045458, 0.01553254991064719, 0.012563656314791796, 0.014785322274190053, 0.8717578607338715, 0.01507533790604489], [0.9143304032820513, 0.013348925948717949, 0.01216115158974359, 0.012369397743589743, 0.0333328438974359, 0.014457277538461539]], [[0.9211393421977687, 0.01295204248815528, 0.012067066177594376, 0.012222224361913496, 0.02784148158337154, 0.013777843191196699], [0.9100656934360405, 0.016460931078297387, 0.01432581015151406, 0.01381701305628819, 0.030831656427871612, 0.01449889584998823], [0.9011527443331937, 0.02290968258895098, 0.012092691664642148, 0.015478168333924663, 0.03463422038761325, 0.013732492691675209], [0.8856712866005231, 0.02726442252221519, 0.012100088324624404, 0.01526602019117693, 0.045952442230006864, 0.013745740131453552], [0.2657390280128037, 0.025823987310109625, 0.012320423083191912, 0.015149489935371043, 0.6666353969026396, 0.014331674755884143], [0.877083786522429, 0.026240277684099055, 0.012103090024271831, 0.015158804449402433, 0.05566292513544872, 0.013751116184348692], [0.10165339489141702, 0.025823987310109625, 0.012320423083191912, 0.015149489935371043, 0.8307210300240262, 0.014331674755884143], [0.2705544924523463, 0.02070835174104737, 0.012320423083191912, 0.015547701687727795, 0.6665373562798025, 0.01433167475588414], [0.8872379205758717, 0.026795205433776607, 0.012088790066743245, 0.014300514293031875, 0.045852064712211066, 0.0137255049183655], [0.09204944876304201, 0.026197143962600436, 0.012320423083191912, 0.01621305140483962, 0.8388882580304418, 0.014331674755884143], [0.5481032892469572, 0.06582626866206444, 0.01586970823411373, 0.01837385545476663, 0.33654307240989106, 0.015283805992207002], [0.09825543433725693, 0.021288763187230667, 0.012320423083191912, 0.019508127208825526, 0.8342955774276108, 0.014331674755884143], [0.28083581057805573, 0.02141546196383772, 0.012320423083191912, 0.02000157683025084, 0.6510950527887795, 0.014331674755884143], [0.09268935920800034, 0.023641642098460668, 0.012320423083191912, 0.02288902871440375, 0.834127872140059, 0.014331674755884143], [0.8986684171432585, 0.021052748376831396, 0.012100088324624404, 0.015211417705021178, 0.03922158831881088, 0.013745740131453552], [0.8981849330378701, 0.020266869587307522, 0.012538070855691212, 0.014944253817649553, 0.03953890177951057, 0.014526970921971118], [0.9095114427293322, 0.017269912275214072, 0.012529016665578652, 0.013832331264867334, 0.032346542224152335, 0.014510754840855383], [0.9083132674684975, 0.016714385560243895, 0.012520184054593209, 0.013536982762258367, 0.03442024454579907, 0.01449493560860787], [0.9094657423970455, 0.016925800808768945, 0.012498190164666757, 0.013787764493600023, 0.03286695764884293, 0.014455544487075846], [0.07670894622087232, 0.016367012990290846, 0.01258947819839976, 0.015622607743395397, 0.8636202820511235, 0.015091672795918182], [0.9071740728873354, 0.017244987989326294, 0.01249381284011813, 0.01375088964518843, 0.034888531952094126, 0.014447704685937588], [0.09668297081639603, 0.020491246636020914, 0.01258947819839976, 0.015343990303095204, 0.8398006412501698, 0.015091672795918182], [0.8832412592460644, 0.02604537098475631, 0.012518423231039738, 0.01654160839070817, 0.04716155617898539, 0.014491781968445847], [0.8979544907180048, 0.020266869587307522, 0.01253807085569121, 0.01562628764027611, 0.03908731027674911, 0.014526970921971116], [0.9164259971019321, 0.016028371279446965, 0.01209711628625782, 0.013177853439747676, 0.02853024469061588, 0.013740417201999623], [0.9164259971019321, 0.016028371279446965, 0.01209711628625782, 0.013177853439747676, 0.02853024469061588, 0.013740417201999623], [0.9053578982297563, 0.019123910215485464, 0.012092691664642148, 0.015097282698789414, 0.03459572449965139, 0.013732492691675209], [0.9000618712341449, 0.02035530543992639, 0.012112322893866975, 0.015525100652753258, 0.038177747498365375, 0.013767652280943147], [0.8888407684342794, 0.026686472809304078, 0.012095619818965645, 0.015361238842095497, 0.043278163070676307, 0.013737737024678929], [0.25993265129645793, 0.02190264437277499, 0.012320423083191912, 0.015180650084018825, 0.6763319564076721, 0.01433167475588414], [0.9024623736409308, 0.019471333755276536, 0.012081219901569875, 0.014992916013521505, 0.03728020995842139, 0.013711946730279678], [0.73233407801938, 0.022008948615490208, 0.012100088324624404, 0.016167617943679994, 0.20364352696537186, 0.013745740131453552], [0.8909933794237402, 0.02142195169114585, 0.012509846425920651, 0.016021205352690696, 0.04457719622124528, 0.014476420885257187], [0.9065455192697808, 0.01728423269298228, 0.012501474009192062, 0.013768613230902563, 0.035438734934865504, 0.01446142586227692], [0.06977475459020478, 0.019793796017658467, 0.012745012606325578, 0.017387632238953087, 0.8651087408874556, 0.015190063659402406], [0.07207247391737903, 0.017459488966262437, 0.01273732786337676, 0.015704611178065334, 0.8668408957738749, 0.015185202301041437], [0.9106377613059418, 0.016401685748675246, 0.012490091616235285, 0.013511962134668196, 0.032517459231458476, 0.014441039963021034], [0.9124499171428551, 0.015643143316226134, 0.012503151811574811, 0.012967451569291166, 0.0319719053487749, 0.014464430811278059], [0.9121042747623052, 0.015292239780937501, 0.012135391851521501, 0.01295731814256513, 0.03306203476481234, 0.014448740697858318], [0.9144359660455486, 0.013292549482401656, 0.01209370890269151, 0.012303895238095237, 0.03346265300207039, 0.014411227329192547]], [[0.9211393421977687, 0.01295204248815528, 0.012067066177594376, 0.012222224361913496, 0.02784148158337154, 0.013777843191196699], [0.8938808113694074, 0.01886978106736146, 0.013325166835975458, 0.015535332717831583, 0.04390597719796324, 0.014482930811460975], [0.8905519759509428, 0.027264422522215184, 0.012100088324624404, 0.01526602019117693, 0.04107175287958706, 0.013745740131453552], [0.8838313179421649, 0.025922521881550822, 0.012107671473729285, 0.014366035540224918, 0.05001313158853117, 0.013759321573798892], [0.11004252297486086, 0.026527540277080312, 0.012320423083191912, 0.016162705299776016, 0.8206151336092067, 0.014331674755884143], [0.3643404900013355, 0.0715277136093821, 0.015869708234113735, 0.01837385545476663, 0.5146044267081951, 0.015283805992207002], [0.7169002916887024, 0.02399991130096256, 0.012115448254818901, 0.015522720469546065, 0.21768837847437195, 0.013773249811598273], [0.8824265230085611, 0.02574321499412726, 0.012095619818965645, 0.014899788975678058, 0.05109711617798909, 0.013737737024678929], [0.8965356660371361, 0.02404473931202683, 0.012112322893866975, 0.01568597603593385, 0.03785364344009311, 0.013767652280943147], [0.8929344659108777, 0.02349662010963254, 0.012107671473729285, 0.015257876147435545, 0.04244404478452602, 0.013759321573798892], [0.8930688856576516, 0.02263591978405219, 0.012115448254818901, 0.015522720469546065, 0.04288377602233293, 0.013773249811598273], [0.8907759448899285, 0.02436116151773047, 0.012095619818965645, 0.015040672259672146, 0.043988864489024296, 0.013737737024678929], [0.10987357523269946, 0.022110805841370547, 0.012320423083191912, 0.18699779313958123, 0.6543657279472727, 0.014331674755884143], [0.8844035960545815, 0.024876286167188684, 0.012103090024271833, 0.015158804449402433, 0.0497071071202067, 0.013751116184348693], [0.7296277512751033, 0.021441093200173587, 0.012120219670065093, 0.015011807274085215, 0.20801733315023813, 0.013781795430334705], [0.8876191717887305, 0.022371797658173487, 0.012547355068805255, 0.015715638125247275, 0.04720243838408445, 0.014543598974958898], [0.8962967074843273, 0.020266869587307522, 0.012538070855691212, 0.014944253817649553, 0.041427127333053315, 0.014526970921971118], [0.9038142993898716, 0.017269912275214072, 0.012529016665578652, 0.013832331264867334, 0.038043685563612886, 0.01451075484085538], [0.9070920739268631, 0.016714385560243895, 0.012520184054593209, 0.013536982762258367, 0.03564143808743357, 0.01449493560860787], [0.9077146070111146, 0.018012229240023287, 0.012514977496185659, 0.014359470111250053, 0.03291310549423639, 0.014485610647189895], [0.8979544907180048, 0.020266869587307522, 0.01253807085569121, 0.01562628764027611, 0.03908731027674911, 0.014526970921971116], [0.88960662255335, 0.02332905811119026, 0.012532600794226684, 0.0169667412151807, 0.0430478033002491, 0.014517174025803256], [0.8809441754601549, 0.026579808957669177, 0.01255687818335081, 0.016600472569896794, 0.04875800992781521, 0.014560654901113017], [0.88960662255335, 0.02332905811119026, 0.012532600794226684, 0.0169667412151807, 0.0430478033002491, 0.014517174025803256], [0.9060356613868462, 0.018513514249816673, 0.01210462421999442, 0.014665441553701442, 0.03492689465624191, 0.0137538639333992], [0.9068427181096169, 0.01851351424981667, 0.01210462421999442, 0.014665441553701442, 0.03411983793347127, 0.0137538639333992], [0.8996635227331514, 0.020258966938561322, 0.012112322893866975, 0.015305090400798601, 0.03889244475267836, 0.013767652280943147], [0.8941127206049427, 0.02443987792480936, 0.012107671473729285, 0.015719326013852983, 0.039861082408866606, 0.013759321573798892], [0.09686682197037917, 0.022791602473652174, 0.012320423083191912, 0.01653383953462336, 0.8371556381822691, 0.014331674755884143], [0.10075155043285798, 0.02857474180083979, 0.012320423083191912, 0.01653383953462336, 0.8274877703926028, 0.014331674755884143], [0.27071509180055014, 0.02070835174104737, 0.012320423083191912, 0.015547701687727795, 0.6663767569315985, 0.014331674755884143], [0.8846515276346556, 0.027789202269492816, 0.012095619818965645, 0.014899788975678058, 0.04682612427652879, 0.013737737024678929], [0.10893482852970934, 0.02192239104988615, 0.01279831342069139, 0.016247603190567325, 0.8248730821241321, 0.015223781685013598], [0.09057806071014049, 0.021365357964454205, 0.012769485095017553, 0.017123778965467705, 0.8429577723411071, 0.015205544923812785], [0.9071740728873354, 0.017244987989326294, 0.01249381284011813, 0.01375088964518843, 0.034888531952094126, 0.014447704685937588], [0.06993796832875206, 0.019795071913110262, 0.012723450508776065, 0.017381112186036014, 0.8649859735586948, 0.01517642350463074], [0.9094657423970455, 0.016925800808768945, 0.012498190164666757, 0.013787764493600023, 0.03286695764884293, 0.014455544487075846], [0.9124499171428551, 0.015643143316226134, 0.012503151811574811, 0.012967451569291166, 0.0319719053487749, 0.014464430811278059], [0.9147419388693667, 0.014866729474735175, 0.012141708963323271, 0.01297261774266622, 0.03080457508279375, 0.014472429867114953], [0.9144359660455486, 0.013292549482401656, 0.01209370890269151, 0.012303895238095237, 0.03346265300207039, 0.014411227329192547]], [[0.9211393421977687, 0.01295204248815528, 0.012067066177594376, 0.012222224361913496, 0.02784148158337154, 0.013777843191196699], [0.094338319733547, 0.015630799220076475, 0.012737327863376762, 0.014902554271843421, 0.8472057966101147, 0.015185202301041437], [0.09295142966842912, 0.025823987310109625, 0.012320423083191912, 0.015149489935371043, 0.839422995247014, 0.01433167475588414], [0.883562082664327, 0.02642581307288084, 0.012115448254818901, 0.014630879862335435, 0.04949252633403955, 0.013773249811598273], [0.8837907803068519, 0.02572515303464084, 0.012095619818965645, 0.015040672259672146, 0.04961003755519061, 0.013737737024678929], [0.2760044758978513, 0.025945626047523408, 0.012320423083191912, 0.015149489935371043, 0.656248310280178, 0.014331674755884143], [0.7158239733865617, 0.026630336867966398, 0.012095619818965645, 0.014899788975678058, 0.21681254392614926, 0.013737737024678929], [0.0947863886769963, 0.020377955426567493, 0.012320423083191912, 0.015598047792791397, 0.8425855102645687, 0.014331674755884143], [0.902298145462106, 0.02290968258895098, 0.012092691664642148, 0.015478168333924663, 0.03348881925870092, 0.013732492691675209], [0.8905519759509428, 0.027264422522215184, 0.012100088324624404, 0.01526602019117693, 0.04107175287958706, 0.013745740131453552], [0.10249151806086901, 0.028851764816924544, 0.012320423083191912, 0.01798136065565651, 0.8240232586274738, 0.014331674755884143], [0.888221986562362, 0.02455853036464045, 0.012107671473729285, 0.014366035540224918, 0.04698645448524438, 0.013759321573798892], [0.8878526933229983, 0.024876286167188684, 0.012103090024271833, 0.015158804449402433, 0.04625800985178994, 0.013751116184348693], [0.5510153441868284, 0.045681163181542056, 0.01586970823411373, 0.01837385545476663, 0.3537761229505421, 0.015283805992207002], [0.8821998695833322, 0.025061821555970476, 0.012115448254818901, 0.014630879862335435, 0.052218730931944644, 0.013773249811598273], [0.8718297861415133, 0.027556854696030926, 0.012541745690286803, 0.015265219061095037, 0.05827284184953598, 0.014533552561537794], [0.8864367295101847, 0.022371797658173487, 0.012547355068805255, 0.015715638125247275, 0.04838488066263023, 0.014543598974958898], [0.6971460870648283, 0.020266869587307522, 0.012538070855691212, 0.014944253817649553, 0.24057774775255247, 0.014526970921971118], [0.9038142993898716, 0.017269912275214072, 0.012529016665578652, 0.013832331264867334, 0.038043685563612886, 0.01451075484085538], [0.899054835230994, 0.020266869587307522, 0.012538070855691212, 0.014944253817649553, 0.03866899958638661, 0.014526970921971118], [0.8897771307560511, 0.022487977040826564, 0.012547355068805255, 0.016662993235700155, 0.04398094492365802, 0.0145435989749589], [0.8789661215691336, 0.027413765826944013, 0.012541745690286803, 0.016897219243250623, 0.049647595108847205, 0.014533552561537794], [0.8749891293386699, 0.028020709666374037, 0.012551124096772451, 0.017216608162592142, 0.05267207942046026, 0.014550349315131097], [0.10929080134846965, 0.026106227629093245, 0.012563656314791796, 0.019153626372408646, 0.8178103504291917, 0.015075337906044888], [0.8970022441430908, 0.021052748376831396, 0.012100088324624404, 0.015776975163252306, 0.040322203860747474, 0.013745740131453552], [0.8983314303007712, 0.020258966938561322, 0.012112322893866975, 0.015305090400798601, 0.04022453718505865, 0.013767652280943147], [0.8931842051830462, 0.023652004030895703, 0.012120219670065092, 0.015253246888547997, 0.0420085287971102, 0.013781795430334703], [0.8930315297395592, 0.02416161827751373, 0.012128322294604508, 0.015524185802178663, 0.041358036631433025, 0.013796307254710826], [0.7034114756531327, 0.0757615063820743, 0.01586970823411373, 0.01837385545476663, 0.1712996482837055, 0.015283805992207002], [0.8862183096288476, 0.027369070888057664, 0.012115448254818901, 0.015092329728752876, 0.04543159168792472, 0.013773249811598273], [0.8866698688326461, 0.02796850915691637, 0.012107671473729285, 0.014366035540224916, 0.04512859342268436, 0.013759321573798892], [0.8840262345003083, 0.029388008185162233, 0.012115448254818901, 0.014630879862335437, 0.04606617938577698, 0.013773249811598273], [0.11421525049947517, 0.023822351370055114, 0.012698636387554328, 0.016161861082324137, 0.8179411745366634, 0.015160726123927859], [0.8838740741330375, 0.02719850033435172, 0.012518423231039737, 0.01701270391767703, 0.04490451641544802, 0.014491781968445847], [0.8985873056049782, 0.02141999893690294, 0.012538070855691212, 0.016097383167244968, 0.036830270513211756, 0.014526970921971118], [0.9077146070111146, 0.018012229240023287, 0.012514977496185659, 0.014359470111250053, 0.03291310549423639, 0.014485610647189895], [0.9104031568363391, 0.016714385560243895, 0.012520184054593209, 0.013536982762258367, 0.03233035517795749, 0.01449493560860787], [0.9094657423970455, 0.016925800808768945, 0.012498190164666757, 0.013787764493600023, 0.03286695764884293, 0.014455544487075846], [0.9147419388693667, 0.014866729474735175, 0.012141708963323271, 0.01297261774266622, 0.03080457508279375, 0.014472429867114953], [0.9144359660455486, 0.013292549482401656, 0.01209370890269151, 0.012303895238095237, 0.03346265300207039, 0.014411227329192547]], [[0.9211393421977687, 0.01295204248815528, 0.012067066177594376, 0.012222224361913496, 0.02784148158337154, 0.013777843191196699], [0.8838764637976548, 0.018503233650140942, 0.013945191328503654, 0.017336691605167757, 0.05183767139780289, 0.014500748220729918], [0.8902778179749454, 0.02399991130096256, 0.012115448254818901, 0.015522720469546065, 0.04431085218812888, 0.013773249811598273], [0.5480176252975373, 0.045681163181542056, 0.01586970823411373, 0.01837385545476663, 0.35677384183983324, 0.015283805992207002], [0.8907459384758413, 0.023218360462336912, 0.012128322294604508, 0.015062735935761224, 0.04504833557674527, 0.013796307254710826], [0.8815638389131242, 0.027322850674609822, 0.012107671473729285, 0.015112877563189717, 0.05013343980154814, 0.013759321573798892], [0.8909996097968554, 0.026829048454103492, 0.012112322893866977, 0.015685976035933854, 0.04060539053829715, 0.013767652280943149], [0.901025867767728, 0.023896712052731695, 0.012081219901569875, 0.014983158868229072, 0.03430109467946164, 0.01371194673027968], [0.8977765574233333, 0.024141077813391906, 0.012112322893866975, 0.01590598628788851, 0.03629640330057611, 0.013767652280943147], [0.8944350569086902, 0.023496620109632535, 0.012107671473729285, 0.015257876147435543, 0.04094345378671339, 0.013759321573798892], [0.08293507606803716, 0.19336908146280282, 0.012320423083191912, 0.01958197179717576, 0.6774617728329082, 0.014331674755884143], [0.8931837217755457, 0.02330517480140134, 0.012088331977161984, 0.014858888209206195, 0.04283919875810617, 0.013724684478578435], [0.4383929200118674, 0.023059134984307224, 0.012320423083191912, 0.018620027401158902, 0.4932758197635904, 0.014331674755884143], [0.8835173490789314, 0.024858224207702263, 0.012103090024271831, 0.015299687733396523, 0.05047053277134915, 0.013751116184348692], [0.2823015002756275, 0.022110805841370547, 0.012320423083191912, 0.01798136065565651, 0.6509542353882692, 0.014331674755884143], [0.1337072286791639, 0.02465310549284591, 0.012737327863376762, 0.019627198765660464, 0.7940899368979114, 0.015185202301041438], [0.8742201730047037, 0.027556854696030933, 0.012541745690286803, 0.015265219061095039, 0.05588245498634567, 0.014533552561537794], [0.8865206887740289, 0.022487977040826564, 0.012547355068805255, 0.0159809594130736, 0.04791942072830669, 0.0145435989749589], [0.8953584749814308, 0.021002976392587733, 0.01252368079465998, 0.015465032498339167, 0.04114863705263236, 0.014501198280349738], [0.8924204992387007, 0.02332905811119026, 0.012532600794226684, 0.016284707392554144, 0.04091596043752495, 0.014517174025803256], [0.8806724749181566, 0.027413765826944013, 0.012541745690286803, 0.016897219243250623, 0.04794124175982405, 0.014533552561537794], [0.10865627804483338, 0.026058889551711414, 0.012611912858452088, 0.019155365480368114, 0.8184116891320445, 0.015105864932590453], [0.44471413962654643, 0.08819409464040881, 0.017078572630155463, 0.020098448111354722, 0.413542740968896, 0.01637200402263865], [0.8698936389422316, 0.028020709666374044, 0.012551124096772451, 0.017216608162592142, 0.05776756981689872, 0.014550349315131099], [0.7189597461359337, 0.026865779696727647, 0.012107671473729285, 0.014827485406642357, 0.2134799957131682, 0.013759321573798892], [0.8827778537935514, 0.026865779696727647, 0.012107671473729285, 0.014827485406642357, 0.0496618880555504, 0.013759321573798892], [0.8896649323342857, 0.02416161827751373, 0.012128322294604508, 0.015524185802178663, 0.04472463403670662, 0.013796307254710826], [0.8842778975298768, 0.028241595075466135, 0.012107671473729285, 0.014827485406642357, 0.046786028940486446, 0.013759321573798892], [0.09790222285684788, 0.019442438935724615, 0.012296159491321663, 0.026069586382482572, 0.8299752880755292, 0.014314304258093949], [0.8854997287056421, 0.028395579278439297, 0.012107671473729285, 0.014827485406642357, 0.04541021356174795, 0.013759321573798892], [0.8827425548151331, 0.030783742066219262, 0.012115448254818901, 0.015435033503369479, 0.04514997154886114, 0.013773249811598273], [0.7229003717225798, 0.049387355094695065, 0.015869708234113735, 0.01837385545476663, 0.17818490350163768, 0.015283805992207002], [0.8784234426173869, 0.0321178378010709, 0.012551124096772451, 0.016660122854578435, 0.04569712331506031, 0.014550349315131099], [0.8823320370240109, 0.027909645171672513, 0.012556878183350809, 0.016043987261883084, 0.04659679745796957, 0.014560654901113017], [0.8904099456430242, 0.02364110639042198, 0.012547355068805256, 0.017134088762669013, 0.04172390516012066, 0.0145435989749589], [0.8985873056049782, 0.02141999893690294, 0.012538070855691212, 0.016097383167244968, 0.036830270513211756, 0.014526970921971118], [0.9077146070111146, 0.018012229240023287, 0.012514977496185659, 0.014359470111250053, 0.03291310549423639, 0.014485610647189895], [0.07692623132502728, 0.016355513513476784, 0.012563656314791796, 0.015608285877019644, 0.8634709750636396, 0.015075337906044888], [0.9065263439825008, 0.01580920187677437, 0.016902955581220326, 0.013229498364851244, 0.03307488641384361, 0.014457113780809628], [0.9143794223320973, 0.013322747012772971, 0.012129833951380304, 0.012338981046559538, 0.033393121961269055, 0.014435893695920889]], [[0.9211393421977687, 0.01295204248815528, 0.012067066177594376, 0.012222224361913496, 0.02784148158337154, 0.013777843191196699], [0.8890191876615126, 0.022157016861744955, 0.013669406094470656, 0.015866630398928803, 0.04477058990214579, 0.014517169081197174], [0.8926861066219489, 0.023496620109632535, 0.012107671473729285, 0.015257876147435543, 0.042692404073454676, 0.013759321573798892], [0.8903392878169355, 0.024083809212122158, 0.012128322294604508, 0.01528274618771588, 0.044369527233911174, 0.013796307254710826], [0.8908875572996076, 0.024243462132597336, 0.012107671473729285, 0.016658204940494546, 0.0423437825797724, 0.013759321573798892], [0.892162353787409, 0.026652666879492297, 0.012112322893866975, 0.018293903603399313, 0.0370111005548891, 0.013767652280943147], [0.7357263416614783, 0.1881087545303937, 0.012092691664642148, 0.016878497126983662, 0.03346122232482693, 0.013732492691675209], [0.09025487424035854, 0.024684446029879074, 0.012320423083191912, 0.015598047792791397, 0.8428105340978949, 0.014331674755884143], [0.8882367730576093, 0.026669546674544922, 0.012095619818965645, 0.014899788975678058, 0.044360534448523094, 0.013737737024678929], [0.8927248246622185, 0.02399991130096256, 0.012115448254818901, 0.015522720469546064, 0.04186384550085584, 0.013773249811598273], [0.09502989293229254, 0.027571445306590954, 0.012320423083191912, 0.016968145291251537, 0.8337784186307888, 0.014331674755884143], [0.7287990525452307, 0.02330517480140134, 0.012088331977161984, 0.014858888209206195, 0.20722386798842118, 0.013724684478578435], [0.10728204595783687, 0.0220333720717603, 0.012320423083191912, 0.016872722018440728, 0.8271597621128859, 0.014331674755884143], [0.7189084497215794, 0.024558530364640445, 0.012107671473729285, 0.014366035540224916, 0.216299991326027, 0.013759321573798892], [0.7196190613594868, 0.025061821555970476, 0.012115448254818901, 0.014630879862335437, 0.2147995391557901, 0.013773249811598273], [0.6738579575403874, 0.060275260380197586, 0.017078572630155463, 0.020098448111354722, 0.2123177573152662, 0.016372004022638647], [0.8749482374909516, 0.028163798535460964, 0.012551124096772451, 0.015584607980436559, 0.054201882581247376, 0.014550349315131099], [0.8758498899396859, 0.027556854696030926, 0.012541745690286803, 0.015265219061095037, 0.054252738051363235, 0.014533552561537794], [0.10389728892815514, 0.023757929048477486, 0.012651609274484533, 0.01701440937234349, 0.8275477865429699, 0.015130976833569457], [0.08771692161267419, 0.023033714537122198, 0.012651609274484533, 0.018716729689264827, 0.8427500480528848, 0.015130976833569457], [0.88960662255335, 0.02332905811119026, 0.012532600794226684, 0.0169667412151807, 0.0430478033002491, 0.014517174025803256], [0.8720558855410523, 0.03012304615675801, 0.012527212001361317, 0.016465384141382898, 0.0543209494775099, 0.014507522681935458], [0.10798925308046284, 0.026009126715267047, 0.012662641207011065, 0.019157193669211696, 0.819043829708358, 0.015137955619689263], [0.8687888221819299, 0.030101264342915116, 0.012527212001361317, 0.016635282289357463, 0.05743989650250067, 0.014507522681935458], [0.09134072411276424, 0.025025991697712982, 0.012320423083191912, 0.02025630467776337, 0.8367248816726833, 0.014331674755884143], [0.09515774373201692, 0.022791602473652178, 0.012320423083191912, 0.01653383953462336, 0.8388647164206314, 0.014331674755884143], [0.5379572797067642, 0.07564635113883557, 0.01586970823411373, 0.01837385545476663, 0.3368689994733128, 0.015283805992207002], [0.8882135402523295, 0.02657061302112864, 0.012128322294604508, 0.015524185802178663, 0.043767031375047935, 0.013796307254710826], [0.7197087665543027, 0.18908032120277737, 0.012107671473729285, 0.014827485406642357, 0.050516433788749475, 0.013759321573798892], [0.8852580518660715, 0.0253266252780363, 0.012100088324624404, 0.016182859278608228, 0.04738663512120593, 0.013745740131453552], [0.09330077535674017, 0.021803210384427937, 0.012252611043758885, 0.016182525077299767, 0.8421777505585568, 0.014283127579216365], [0.7216562977094922, 0.19583085236075204, 0.012115448254818901, 0.017023311467358693, 0.03960084039597979, 0.013773249811598273], [0.8751021123446109, 0.03581051309719208, 0.012541745690286803, 0.016340733935236915, 0.04567134237113546, 0.014533552561537794], [0.8889630991575953, 0.025087952875850764, 0.012547355068805255, 0.01713408876266901, 0.04172390516012065, 0.0145435989749589], [0.8985873056049782, 0.02141999893690294, 0.012538070855691212, 0.016097383167244968, 0.036830270513211756, 0.014526970921971118], [0.9095114427293322, 0.017269912275214072, 0.012529016665578652, 0.013832331264867334, 0.032346542224152335, 0.014510754840855383], [0.9104031568363391, 0.016714385560243895, 0.012520184054593209, 0.013536982762258367, 0.03233035517795749, 0.01449493560860787], [0.9094657423970455, 0.016925800808768945, 0.012498190164666757, 0.013787764493600023, 0.03286695764884293, 0.014455544487075846], [0.9147419388693667, 0.014866729474735175, 0.012141708963323271, 0.01297261774266622, 0.03080457508279375, 0.014472429867114953], [0.9141892466322291, 0.013424311556770992, 0.012251334751342043, 0.012456986528917248, 0.03315926547148789, 0.014518855059252506]], [[0.9211393421977687, 0.01295204248815528, 0.012067066177594376, 0.012222224361913496, 0.02784148158337154, 0.013777843191196699], [0.8938808113694074, 0.01886978106736146, 0.013325166835975458, 0.015535332717831583, 0.04390597719796324, 0.014482930811460975], [0.09049771272785405, 0.020381307139758317, 0.012296159491321663, 0.015585017492005077, 0.846925498890967, 0.014314304258093949], [0.8844393531280732, 0.028729494747546255, 0.012095619818965645, 0.015768524903945404, 0.045229270376790434, 0.013737737024678929], [0.09025487424035854, 0.020377955426567493, 0.012320423083191912, 0.015598047792791397, 0.8471170247012064, 0.014331674755884143], [0.7364731836844431, 0.02431001138200998, 0.012092691664642148, 0.18067724027536736, 0.03271438030186213, 0.013732492691675209], [0.8925607022884025, 0.026749005380857373, 0.012112322893866975, 0.018513913855353968, 0.03629640330057611, 0.013767652280943147], [0.8855932921976262, 0.028391785588618157, 0.012095619818965645, 0.015821030921587934, 0.044360534448523094, 0.013737737024678929], [0.09295142966842913, 0.19678228878187792, 0.012320423083191912, 0.015149489935371043, 0.6684646937752458, 0.014331674755884143], [0.7248787547817424, 0.05415806400255395, 0.01586970823411373, 0.01837385545476663, 0.17143581153461615, 0.015283805992207002], [0.8948245783758978, 0.02263591978405219, 0.012115448254818901, 0.015522720469546065, 0.04112808330408696, 0.013773249811598273], [0.894297218589702, 0.022132628592722168, 0.012107671473729285, 0.015257876147435545, 0.042445283622612094, 0.013759321573798892], [0.8988825096092884, 0.021052748376831392, 0.012100088324624404, 0.015211417705021178, 0.039007495852780946, 0.013745740131453552], [0.8906606141632715, 0.023478650148749676, 0.012100088324624404, 0.014319577097810551, 0.045695330134090335, 0.013745740131453552], [0.8923641297486961, 0.02134475469880851, 0.012120219670065092, 0.014791797022130558, 0.04559730342996489, 0.013781795430334703], [0.8741897299842476, 0.028163798535460964, 0.012551124096772451, 0.015584607980436557, 0.05496039008795125, 0.014550349315131097], [0.12605128067552845, 0.02406333146783362, 0.012563656314791796, 0.01836780229499896, 0.8038785913408022, 0.01507533790604489], [0.8778568060323776, 0.027556854696030926, 0.012541745690286803, 0.015265219061095037, 0.052245821958671695, 0.014533552561537794], [0.8924204992387007, 0.02332905811119026, 0.012532600794226684, 0.016284707392554144, 0.04091596043752495, 0.014517174025803256], [0.8989777493789013, 0.021002976392587733, 0.01252368079465998, 0.015465032498339169, 0.03752936265516209, 0.01450119828034974], [0.8961638726935505, 0.021002976392587733, 0.01252368079465998, 0.016147066320965724, 0.03966120551788623, 0.01450119828034974], [0.88960662255335, 0.02332905811119026, 0.012532600794226684, 0.0169667412151807, 0.0430478033002491, 0.014517174025803256], [0.8805128652289659, 0.027413765826944013, 0.012541745690286803, 0.016897219243250623, 0.04810085144901481, 0.014533552561537794], [0.88960662255335, 0.02332905811119026, 0.012532600794226684, 0.0169667412151807, 0.0430478033002491, 0.014517174025803256], [0.2589716298977249, 0.022021134059944186, 0.012320423083191912, 0.014534486323322824, 0.677820651879932, 0.014331674755884143], [0.8957390447024394, 0.025151005076496695, 0.011784104319568379, 0.014067350262609057, 0.040076419314772106, 0.013182076324114455], [0.08074272872544513, 0.02124445390514968, 0.01198194969990622, 0.01648