{"round_id": "597e60cf-d1a1-4627-ac4d-2a61da68b6df", "seed_index": 1, "prediction": [[[0.9143794223320973, 0.013322747012772971, 0.012129833951380304, 0.012338981046559538, 0.033393121961269055, 0.014435893695920889], [0.9144359660455486, 0.013292549482401656, 0.01209370890269151, 0.012303895238095237, 0.03346265300207039, 0.014411227329192547], [0.9143794223320973, 0.013322747012772971, 0.012129833951380304, 0.012338981046559538, 0.033393121961269055, 0.014435893695920889], [0.9141892466322291, 0.013424311556770992, 0.012251334751342043, 0.012456986528917248, 0.03315926547148789, 0.014518855059252506], [0.9214394804629844, 0.012845352909189776, 0.011945733550842849, 0.012103459022760816, 0.027981156529169576, 0.013684817525052436], [0.9212061230250038, 0.012928304034361099, 0.012040069642583218, 0.012195799048933885, 0.027872559288234393, 0.013757144960883571], [0.9211393421977687, 0.01295204248815528, 0.012067066177594376, 0.012222224361913496, 0.02784148158337154, 0.013777843191196699], [0.9211393421977687, 0.01295204248815528, 0.012067066177594376, 0.012222224361913496, 0.02784148158337154, 0.013777843191196699], [0.9211393421977687, 0.01295204248815528, 0.012067066177594376, 0.012222224361913496, 0.02784148158337154, 0.013777843191196699], [0.9211393421977687, 0.01295204248815528, 0.012067066177594376, 0.012222224361913496, 0.02784148158337154, 0.013777843191196699], [0.9211393421977687, 0.01295204248815528, 0.012067066177594376, 0.012222224361913496, 0.02784148158337154, 0.013777843191196699], [0.9211393421977687, 0.01295204248815528, 0.012067066177594376, 0.012222224361913496, 0.02784148158337154, 0.013777843191196699], [0.9211393421977687, 0.01295204248815528, 0.012067066177594376, 0.012222224361913496, 0.02784148158337154, 0.013777843191196699], [0.9211393421977687, 0.01295204248815528, 0.012067066177594376, 0.012222224361913496, 0.02784148158337154, 0.013777843191196699], [0.9211393421977687, 0.01295204248815528, 0.012067066177594376, 0.012222224361913496, 0.02784148158337154, 0.013777843191196699], [0.9211393421977687, 0.01295204248815528, 0.012067066177594376, 0.012222224361913496, 0.02784148158337154, 0.013777843191196699], [0.9211393421977687, 0.01295204248815528, 0.012067066177594376, 0.012222224361913496, 0.02784148158337154, 0.013777843191196699], [0.9212061230250038, 0.012928304034361099, 0.012040069642583218, 0.012195799048933885, 0.027872559288234393, 0.013757144960883571], [0.9214394804629844, 0.012845352909189776, 0.011945733550842849, 0.012103459022760816, 0.027981156529169576, 0.013684817525052436], [0.9141892466322291, 0.013424311556770992, 0.012251334751342043, 0.012456986528917248, 0.03315926547148789, 0.014518855059252506], [0.9143794223320973, 0.013322747012772971, 0.012129833951380304, 0.012338981046559538, 0.033393121961269055, 0.014435893695920889], [0.9144359660455486, 0.013292549482401656, 0.01209370890269151, 0.012303895238095237, 0.03346265300207039, 0.014411227329192547], [0.9144359660455486, 0.013292549482401656, 0.01209370890269151, 0.012303895238095237, 0.03346265300207039, 0.014411227329192547], [0.9143794223320973, 0.013322747012772971, 0.012129833951380304, 0.012338981046559538, 0.033393121961269055, 0.014435893695920889], [0.9141892466322291, 0.013424311556770992, 0.012251334751342043, 0.012456986528917248, 0.03315926547148789, 0.014518855059252506], [0.9214394804629844, 0.012845352909189776, 0.011945733550842849, 0.012103459022760816, 0.027981156529169576, 0.013684817525052436], [0.9212061230250038, 0.012928304034361099, 0.012040069642583218, 0.012195799048933885, 0.027872559288234393, 0.013757144960883571], [0.9211393421977687, 0.01295204248815528, 0.012067066177594376, 0.012222224361913496, 0.02784148158337154, 0.013777843191196699], [0.9211393421977687, 0.01295204248815528, 0.012067066177594376, 0.012222224361913496, 0.02784148158337154, 0.013777843191196699], [0.9211393421977687, 0.01295204248815528, 0.012067066177594376, 0.012222224361913496, 0.02784148158337154, 0.013777843191196699], [0.9211393421977687, 0.01295204248815528, 0.012067066177594376, 0.012222224361913496, 0.02784148158337154, 0.013777843191196699], [0.9211393421977687, 0.01295204248815528, 0.012067066177594376, 0.012222224361913496, 0.02784148158337154, 0.013777843191196699], [0.9211393421977687, 0.01295204248815528, 0.012067066177594376, 0.012222224361913496, 0.02784148158337154, 0.013777843191196699], [0.9211393421977687, 0.01295204248815528, 0.012067066177594376, 0.012222224361913496, 0.02784148158337154, 0.013777843191196699], [0.9211393421977687, 0.01295204248815528, 0.012067066177594376, 0.012222224361913496, 0.02784148158337154, 0.013777843191196699], [0.9211393421977687, 0.01295204248815528, 0.012067066177594376, 0.012222224361913496, 0.02784148158337154, 0.013777843191196699], [0.9211393421977687, 0.01295204248815528, 0.012067066177594376, 0.012222224361913496, 0.02784148158337154, 0.013777843191196699], [0.9211393421977687, 0.01295204248815528, 0.012067066177594376, 0.012222224361913496, 0.02784148158337154, 0.013777843191196699], [0.9211061351639968, 0.012963846529366895, 0.012080490312738367, 0.012235364454614798, 0.027826028070175438, 0.013788135469107551], [0.9211393421977687, 0.01295204248815528, 0.012067066177594376, 0.012222224361913496, 0.02784148158337154, 0.013777843191196699]], [[0.9141892466322291, 0.013424311556770992, 0.012251334751342043, 0.012456986528917248, 0.03315926547148789, 0.014518855059252506], [0.8995290429399869, 0.018067963783700874, 0.01523281384445957, 0.01455720056395606, 0.03715033077781797, 0.015462648090078569], [0.8779540078305821, 0.021272848556210228, 0.013885664351589253, 0.01683030609052561, 0.05462900010826199, 0.015428173062830626], [0.8720343801879746, 0.021945441164387604, 0.014403956564708413, 0.017259763810761906, 0.058832594819308394, 0.015523863452858881], [0.148096878538914, 0.015635146625820332, 0.012745012606325577, 0.014907741637158481, 0.7934251569323792, 0.015190063659402404], [0.0722904348531642, 0.01566529991371422, 0.01279831342069139, 0.014943720823130897, 0.8690784493042856, 0.015223781685013598], [0.8940196586395038, 0.019203217119185264, 0.013197548061716014, 0.015425698754304874, 0.04377534129661629, 0.014378536128673479], [0.0762615666961496, 0.01566529991371422, 0.01279831342069139, 0.014943720823130897, 0.8651073174613002, 0.015223781685013598], [0.0722904348531642, 0.01566529991371422, 0.01279831342069139, 0.014943720823130897, 0.8690784493042856, 0.015223781685013598], [0.8938808113694074, 0.01886978106736146, 0.013325166835975458, 0.015535332717831583, 0.04390597719796324, 0.014482930811460975], [0.9100656934360405, 0.016460931078297387, 0.01432581015151406, 0.01381701305628819, 0.030831656427871612, 0.01449889584998823], [0.9112134597282405, 0.015922108759032553, 0.014020360752676677, 0.013531616880393307, 0.030822503235997348, 0.014489950643659533], [0.9123453069540012, 0.015390759693127528, 0.013719147816703765, 0.013250179037058388, 0.03081347699528951, 0.014481129503819658], [0.9147419388693667, 0.014866729474735175, 0.012141708963323271, 0.01297261774266622, 0.03080457508279375, 0.014472429867114953], [0.9121042747623052, 0.015292239780937501, 0.012135391851521501, 0.01295731814256513, 0.03306203476481234, 0.014448740697858318], [0.9147419388693667, 0.014866729474735175, 0.012141708963323271, 0.01297261774266622, 0.03080457508279375, 0.014472429867114953], [0.9121042747623052, 0.015292239780937501, 0.012135391851521501, 0.01295731814256513, 0.03306203476481234, 0.014448740697858318], [0.08144074996005739, 0.01553254991064719, 0.012563656314791796, 0.014785322274190053, 0.8606023836342686, 0.01507533790604489], [0.9093414460420293, 0.016727103590029525, 0.013981599814865464, 0.013476115383119918, 0.032034973882291866, 0.014438761287664087], [0.096839717904959, 0.016993190637762137, 0.01315708194991469, 0.016027697488390086, 0.8405798852083466, 0.016402426810627504], [0.098470630613632, 0.017630434702035656, 0.013537415762306887, 0.016600280952983344, 0.8367611314798197, 0.01700010648922229], [0.09888610847564124, 0.017621136493573445, 0.013506610721977464, 0.016585569785577018, 0.8364130783118977, 0.016987496211333143], [0.8774158841218284, 0.020779863582836802, 0.01472740386069917, 0.019230854547123397, 0.05238088610124968, 0.015465107786262457], [0.8871198185982879, 0.022000540653006967, 0.01429581050254204, 0.0172134355273973, 0.04393043544116501, 0.015439959277600643], [0.8779933693629157, 0.0207487172708987, 0.014832873806225413, 0.019234672502103683, 0.05163644079572696, 0.015553926262129415], [0.10398789511174232, 0.01554715784299602, 0.01258947819839976, 0.01480275259610057, 0.837981043454843, 0.015091672795918182], [0.8291573555110103, 0.08770092561559517, 0.013903924351622911, 0.017288717662887657, 0.037473088824282325, 0.014475988034601473], [0.16710823925191653, 0.015547157842996021, 0.01258947819839976, 0.01480275259610057, 0.7748606993146689, 0.015091672795918184], [0.8953262326273069, 0.01941596643978555, 0.013633011086576175, 0.015822898977085387, 0.04131011365402148, 0.01449177721522428], [0.9002724426214507, 0.01886978106736146, 0.013325166835975458, 0.015535332717831583, 0.03751434594592009, 0.014482930811460975], [0.08144074996005739, 0.01553254991064719, 0.012563656314791796, 0.014785322274190053, 0.8606023836342686, 0.01507533790604489], [0.8901039383568364, 0.02395403319966851, 0.013325166835975458, 0.020619584850138636, 0.03751434594592009, 0.014482930811460975], [0.9068698778100189, 0.016460931078297387, 0.017521625777535636, 0.01381701305628819, 0.030831656427871612, 0.01449889584998823], [0.9050330618681273, 0.01724346593804712, 0.01746638851193612, 0.013729783615463984, 0.032098463064253124, 0.01442883700217238], [0.08627212821700858, 0.01566529991371422, 0.01279831342069139, 0.014943720823130897, 0.8550967559404412, 0.015223781685013598], [0.07136894108094963, 0.01566529991371422, 0.01279831342069139, 0.014943720823130897, 0.8699999430765001, 0.015223781685013598], [0.07136894108094963, 0.01566529991371422, 0.01279831342069139, 0.014943720823130897, 0.8699999430765001, 0.015223781685013598], [0.07136894108094963, 0.01566529991371422, 0.01279831342069139, 0.014943720823130897, 0.8699999430765001, 0.015223781685013598], [0.06909586935226064, 0.015622948535739676, 0.012723450508776065, 0.014893186761648233, 0.8724881213369446, 0.01517642350463074], [0.9211061351639968, 0.012963846529366895, 0.012080490312738367, 0.012235364454614798, 0.027826028070175438, 0.013788135469107551]], [[0.9214394804629844, 0.012845352909189776, 0.011945733550842849, 0.012103459022760816, 0.027981156529169576, 0.013684817525052436], [0.8937474217980751, 0.018862025369020097, 0.013236308120086544, 0.015478802873676343, 0.04426443472372866, 0.014411007115413155], [0.12335808030052545, 0.02212451217295535, 0.012651609274484533, 0.015380992496821354, 0.811353828921644, 0.015130976833569457], [0.8787436440958156, 0.026276244388504226, 0.012541745690286803, 0.016340733935236915, 0.05156407932861868, 0.014533552561537794], [0.8836248994624238, 0.026240277684099055, 0.012103090024271831, 0.015158804449402433, 0.04912181219545399, 0.013751116184348692], [0.08658046243078119, 0.028058376534170433, 0.012320423083191912, 0.018871955078511048, 0.8398371081174612, 0.01433167475588414], [0.09290337633486646, 0.020004798774076682, 0.012320423083191912, 0.014534486323322826, 0.8459052407286579, 0.014331674755884143], [0.8915202098946919, 0.028149020842725983, 0.012081667005495596, 0.01520919825788431, 0.03932715650447666, 0.013712747494725367], [0.09270497111911721, 0.02570549762294043, 0.012320423083191912, 0.015795653696067048, 0.8391417797227991, 0.014331674755884143], [0.8976351682685318, 0.02483852075029691, 0.012100088324624404, 0.016157860798387557, 0.035522621726705714, 0.013745740131453552], [0.9091760465944334, 0.018513514249816673, 0.01210462421999442, 0.014099884095470312, 0.032352066906885975, 0.0137538639333992], [0.9164259971019321, 0.016028371279446965, 0.01209711628625782, 0.013177853439747676, 0.02853024469061588, 0.013740417201999623], [0.9171654260673248, 0.01556771629948118, 0.012089792090810687, 0.012932943960354661, 0.02851682203561181, 0.013727299546416773], [0.9163881013804723, 0.015743026477100627, 0.01207155427316769, 0.013140897692036451, 0.0289617846158337, 0.013694635561389269], [0.06402870403649813, 0.014679878213891646, 0.012293453266365977, 0.014079249523253717, 0.8806063481097982, 0.01431236685019227], [0.9095918670922492, 0.01604979458265847, 0.01263424083893279, 0.013123640104060282, 0.033902430062266765, 0.014698027319832545], [0.9112733122230378, 0.016172289657882352, 0.012511564987150843, 0.013248774817044548, 0.03231455948141023, 0.014479498833473946], [0.9086006825196358, 0.0174624958313846, 0.01250648309681949, 0.01407018674118418, 0.03288975465802881, 0.01447039715294703], [0.9095114427293322, 0.017269912275214072, 0.012529016665578652, 0.013832331264867334, 0.032346542224152335, 0.014510754840855383], [0.9003584359240733, 0.020268822341550433, 0.01250984642592065, 0.014868076003095282, 0.03751839842010305, 0.014476420885257187], [0.10520550107569437, 0.03158256830258305, 0.012737327863376762, 0.015432042245706993, 0.8198573582115972, 0.015185202301041437], [0.11011926664515734, 0.025349850586615437, 0.012723450508776065, 0.01865031644673294, 0.8179806923080873, 0.015176423504630738], [0.8759932463465092, 0.030786683319043218, 0.012483994564886455, 0.0169289820500391, 0.04932054027439461, 0.014486553445127417], [0.12022021723518916, 0.026401041522275105, 0.012676772232211926, 0.01909587026750858, 0.8064592038550246, 0.01514689488779059], [0.8730824923899374, 0.030946225075529493, 0.012551124096772451, 0.016141093288450262, 0.052728715834179235, 0.014550349315131097], [0.7207727755920801, 0.055001903362164394, 0.01586970823411373, 0.01837385545476663, 0.17469795136466804, 0.015283805992207002], [0.8914296249546332, 0.02416161827751373, 0.012128322294604508, 0.015524185802178663, 0.042959941416359115, 0.013796307254710826], [0.8831279504202156, 0.027369070888057664, 0.012115448254818901, 0.015092329728752876, 0.048521950896556726, 0.013773249811598273], [0.8852044263190418, 0.026865779696727647, 0.012107671473729285, 0.014827485406642357, 0.047235315530059975, 0.013759321573798892], [0.8991920085407307, 0.02035530543992639, 0.012112322893866975, 0.015525100652753258, 0.03904761019177963, 0.013767652280943147], [0.9058826422631666, 0.020080110454144283, 0.012092691664642148, 0.0154879254792171, 0.03272413744715457, 0.013732492691675209], [0.9005866152675551, 0.02131150567858521, 0.012112322893866977, 0.015915743433180946, 0.036306160445868554, 0.013767652280943149], [0.904864942511084, 0.020080110454144283, 0.012092691664642148, 0.0154879254792171, 0.0337418371992371, 0.013732492691675209], [0.07840056794374477, 0.017499004552316354, 0.012320423083191912, 0.014534486323322824, 0.86291384334154, 0.014331674755884143], [0.10579999447794701, 0.02192239104988615, 0.01279831342069139, 0.016247603190567325, 0.8280079161758945, 0.015223781685013598], [0.8961900452906296, 0.02139842647023528, 0.012423777325003837, 0.01596147339065382, 0.03961990144307603, 0.014406376080401313], [0.06853863878057626, 0.016460015337956987, 0.01279831342069139, 0.018775184127303668, 0.868204066648458, 0.015223781685013598], [0.07159034600966849, 0.017477251080987723, 0.01279831342069139, 0.01573843624737366, 0.8671718715562651, 0.015223781685013598], [0.9072915367903636, 0.016175878609262787, 0.01686294829699531, 0.01313939032648028, 0.03215256612850513, 0.014377679848392944], [0.9211393421977687, 0.01295204248815528, 0.012067066177594376, 0.012222224361913496, 0.02784148158337154, 0.013777843191196699]], [[0.9212061230250038, 0.012928304034361099, 0.012040069642583218, 0.012195799048933885, 0.027872559288234393, 0.013757144960883571], [0.8889346013752639, 0.019415966439785555, 0.013633011086576177, 0.015822898977085387, 0.04770174490606463, 0.014491777215224282], [0.33061310745090555, 0.02929810833316438, 0.012651609274484533, 0.016139137300445708, 0.5961670608074303, 0.015130976833569457], [0.876806808906017, 0.026883188227934257, 0.012551124096772451, 0.016660122854578435, 0.052548406599566874, 0.014550349315131099], [0.5478820016506942, 0.05469344721230206, 0.01586970823411373, 0.01837385545476663, 0.34789718145591614, 0.015283805992207], [0.8833825528234999, 0.026425813072880847, 0.012115448254818901, 0.014630879862335437, 0.04967205617486667, 0.013773249811598273], [0.8745069409442361, 0.026462683047003055, 0.012095619818965645, 0.014324214533377417, 0.0588728046317387, 0.013737737024678929], [0.8873518645911013, 0.025922521881550815, 0.012107671473729285, 0.014366035540224918, 0.04649258493959473, 0.013759321573798892], [0.09295142966842912, 0.025823987310109625, 0.012320423083191912, 0.015149489935371043, 0.839422995247014, 0.01433167475588414], [0.8944350569086902, 0.023496620109632535, 0.012107671473729285, 0.015257876147435543, 0.04094345378671339, 0.013759321573798892], [0.9023951997189613, 0.02035530543992639, 0.012112322893866975, 0.01495954319452213, 0.03640997647178008, 0.013767652280943147], [0.9091760465944334, 0.018513514249816673, 0.01210462421999442, 0.014099884095470312, 0.032352066906885975, 0.0137538639333992], [0.9164259971019321, 0.016028371279446965, 0.01209711628625782, 0.013177853439747676, 0.02853024469061588, 0.013740417201999623], [0.9171654260673248, 0.01556771629948118, 0.012089792090810687, 0.012932943960354661, 0.02851682203561181, 0.013727299546416773], [0.9175184001059228, 0.015148591796089704, 0.0120608769058493, 0.01266038297874789, 0.028936235848265414, 0.013675512365124884], [0.0759085419440445, 0.016409373144057736, 0.012684597217975182, 0.01567536461848764, 0.864170278111862, 0.015151844963572959], [0.9086006825196358, 0.0174624958313846, 0.01250648309681949, 0.01407018674118418, 0.03288975465802881, 0.01447039715294703], [0.9095114427293322, 0.017269912275214072, 0.012529016665578652, 0.013832331264867334, 0.032346542224152335, 0.014510754840855383], [0.9007683674033558, 0.020266869587307522, 0.01253807085569121, 0.014944253817649553, 0.036955467414024966, 0.014526970921971118], [0.886055135931415, 0.02604537098475631, 0.012518423231039738, 0.01585957456808161, 0.04502971331626124, 0.014491781968445847], [0.11012590259021887, 0.025474681669238053, 0.012745012606325578, 0.01786720515512459, 0.8185971343196906, 0.015190063659402406], [0.8752750907208058, 0.030722478737113014, 0.01253622069288617, 0.016777743763013896, 0.0501648088112343, 0.014523657274946821], [0.6797766177699474, 0.06724717165917668, 0.017078572630155463, 0.02009844811135472, 0.199427185806727, 0.016372004022638647], [0.12059755605992907, 0.02642724425077953, 0.012651609274484533, 0.019094732004182297, 0.8060978815770551, 0.015130976833569457], [0.8689145519210905, 0.02729904424036888, 0.012541745690286803, 0.015821704369108746, 0.060889401217607386, 0.014533552561537794], [0.8784422079608069, 0.03040450252798811, 0.012128322294604508, 0.017859958821063636, 0.04736870114082604, 0.013796307254710826], [0.8891248376059996, 0.02416161827751373, 0.012128322294604508, 0.015524185802178663, 0.04526472876499273, 0.013796307254710826], [0.5560586066741781, 0.05500190336216439, 0.01586970823411373, 0.01837385545476663, 0.33941212028257006, 0.015283805992207], [0.09242405839252349, 0.022791602473652174, 0.012320423083191912, 0.01653383953462336, 0.8415984017601249, 0.014331674755884143], [0.8904921949282252, 0.02443987792480936, 0.012107671473729285, 0.015719326013852983, 0.0434816080855842, 0.013759321573798892], [0.8987657608206715, 0.021215167177220134, 0.012112322893866975, 0.015695733181226287, 0.03844336364607179, 0.013767652280943147], [0.8922736549665093, 0.02554260738499809, 0.012107671473729285, 0.015257876147435545, 0.041058868453528886, 0.013759321573798892], [0.8969201374741612, 0.022008948615490208, 0.012100088324624404, 0.016167617943679994, 0.03905746751059061, 0.013745740131453552], [0.08943946411169419, 0.01988630908690749, 0.012320423083191912, 0.015180650084018827, 0.8488414788783034, 0.014331674755884143], [0.8732679585614503, 0.031452882370761354, 0.012527212001361317, 0.01590889883336919, 0.05233552555112221, 0.014507522681935458], [0.890239437440323, 0.024482187460785676, 0.012532600794226684, 0.017437836742149555, 0.04079076353671173, 0.014517174025803254], [0.0924876414333032, 0.019043421965836884, 0.01279831342069139, 0.015468362225151324, 0.8449784792700036, 0.015223781685013598], [0.9090888751985691, 0.01728423269298228, 0.012501474009192062, 0.013768613230902563, 0.03289537900607716, 0.01446142586227692], [0.9080176441022189, 0.015922108759032553, 0.017216176378698253, 0.013531616880393307, 0.030822503235997348, 0.014489950643659533], [0.9211393421977687, 0.01295204248815528, 0.012067066177594376, 0.012222224361913496, 0.02784148158337154, 0.013777843191196699]], [[0.9211393421977687, 0.01295204248815528, 0.012067066177594376, 0.012222224361913496, 0.02784148158337154, 0.013777843191196699], [0.8964573574921594, 0.018473996622877898, 0.01335521117275295, 0.01557306285718496, 0.041632404096249305, 0.014507967758775553], [0.8868506491476346, 0.027894509005506794, 0.012532600794226684, 0.01742607011613328, 0.040778996910695454, 0.014517174025803256], [0.8776609576259091, 0.02532610813657632, 0.01255687818335081, 0.01577866597405676, 0.054116735178993826, 0.014560654901113017], [0.8878972791329176, 0.023218360462336912, 0.012128322294604508, 0.015062735935761224, 0.04789699491966909, 0.013796307254710826], [0.881669326958001, 0.023904781636193428, 0.012115448254818901, 0.014630879862335437, 0.05390631347705284, 0.013773249811598273], [0.10070185955523087, 0.02247467881946043, 0.012320423083191912, 0.024662456412284393, 0.8255089073739481, 0.014331674755884143], [0.8865406459325951, 0.026425813072880847, 0.012115448254818901, 0.014630879862335437, 0.046513963065771505, 0.013773249811598273], [0.7248787547817424, 0.05415806400255395, 0.01586970823411373, 0.01837385545476663, 0.17143581153461615, 0.015283805992207002], [0.8937522145443001, 0.023314698963701985, 0.012128322294604508, 0.01528274618771588, 0.04172571075496683, 0.013796307254710826], [0.8969972938914873, 0.02134475469880851, 0.012120219670065092, 0.014791797022130558, 0.04096413928717366, 0.013781795430334703], [0.9023951997189613, 0.02035530543992639, 0.012112322893866975, 0.01495954319452213, 0.03640997647178008, 0.013767652280943147], [0.9091760465944334, 0.018513514249816673, 0.01210462421999442, 0.014099884095470312, 0.032352066906885975, 0.0137538639333992], [0.9164259971019321, 0.016028371279446965, 0.01209711628625782, 0.013177853439747676, 0.02853024469061588, 0.013740417201999623], [0.9171654260673248, 0.01556771629948118, 0.012089792090810687, 0.012932943960354661, 0.02851682203561181, 0.013727299546416773], [0.9099690943342995, 0.016740256893446617, 0.012493298760906258, 0.013485151703304665, 0.03286541433948544, 0.014446783968557461], [0.9095114427293322, 0.017269912275214072, 0.012529016665578652, 0.013832331264867334, 0.032346542224152335, 0.014510754840855383], [0.9086006825196358, 0.0174624958313846, 0.01250648309681949, 0.01407018674118418, 0.03288975465802881, 0.01447039715294703], [0.9077146070111146, 0.018012229240023287, 0.012514977496185659, 0.014359470111250053, 0.03291310549423639, 0.014485610647189895], [0.08698964126224998, 0.02299503116088808, 0.012723450508776065, 0.01872400356899031, 0.8433914499944647, 0.015176423504630738], [0.8832412592460644, 0.02604537098475631, 0.012518423231039738, 0.01654160839070817, 0.04716155617898539, 0.014491781968445847], [0.8827657682199627, 0.026579808957669177, 0.01255687818335081, 0.016600472569896794, 0.04693641716800735, 0.014560654901113017], [0.8817792810818562, 0.027194378083453388, 0.012566649540632895, 0.016927211259790065, 0.0469543246035292, 0.014578155430738225], [0.8808014468343249, 0.027413765826944013, 0.012541745690286803, 0.016897219243250623, 0.047812269843655844, 0.014533552561537794], [0.8847013607830413, 0.02237179765817349, 0.012547355068805255, 0.01639767194787383, 0.04943821556714718, 0.0145435989749589], [0.7281876976896683, 0.0236520040308957, 0.012120219670065092, 0.015253246888547997, 0.207005036290488, 0.013781795430334703], [0.882837877433464, 0.026865779696727647, 0.012107671473729285, 0.014827485406642357, 0.049601864415637895, 0.013759321573798892], [0.8861358263221775, 0.024943169116139384, 0.012115448254818901, 0.015984170335963502, 0.04704813615930255, 0.013773249811598273], [0.09242405839252349, 0.022791602473652174, 0.012320423083191912, 0.01653383953462336, 0.8415984017601249, 0.014331674755884143], [0.7233532334044295, 0.02095761871206226, 0.012100088324624404, 0.01488513455604168, 0.21495818487138854, 0.013745740131453552], [0.8901846293681467, 0.02554260738499809, 0.012107671473729285, 0.015257876147435545, 0.04314789405189159, 0.013759321573798892], [0.09259962948049028, 0.021780409526890667, 0.012320423083191912, 0.01621305140483962, 0.8427548117487034, 0.014331674755884143], [0.7188419366356926, 0.027703249250827844, 0.012088790066743245, 0.014300514293031875, 0.21334000483533894, 0.0137255049183655], [0.10270975670357467, 0.022110805841370547, 0.012320423083191912, 0.016162705299776016, 0.8323646343162027, 0.014331674755884143], [0.872902066789786, 0.02935054588037738, 0.012551124096772451, 0.016660122854578435, 0.05398579106335463, 0.014550349315131097], [0.8781034041715259, 0.028743602040947357, 0.012541745690286803, 0.016340733935236915, 0.04973696160046534, 0.014533552561537794], [0.10579999447794701, 0.02192239104988615, 0.01279831342069139, 0.016247603190567325, 0.8280079161758945, 0.015223781685013598], [0.8981773741256956, 0.021421951691145847, 0.01250984642592065, 0.016021205352690696, 0.03739320151928984, 0.014476420885257187], [0.9068698778100189, 0.016460931078297387, 0.017521625777535636, 0.01381701305628819, 0.030831656427871612, 0.01449889584998823], [0.9211393421977687, 0.01295204248815528, 0.012067066177594376, 0.012222224361913496, 0.02784148158337154, 0.013777843191196699]], [[0.9211393421977687, 0.01295204248815528, 0.012067066177594376, 0.012222224361913496, 0.02784148158337154, 0.013777843191196699], [0.8964573574921594, 0.018473996622877898, 0.01335521117275295, 0.01557306285718496, 0.041632404096249305, 0.014507967758775553], [0.8853638065606743, 0.0270534279351431, 0.012547355068805255, 0.017122322136652733, 0.043369489323765636, 0.0145435989749589], [0.8782958242507116, 0.025326108136576313, 0.012556878183350809, 0.01577866597405676, 0.053481868554191264, 0.014560654901113017], [0.7270683378217108, 0.023218360462336912, 0.012128322294604508, 0.015062735935761224, 0.20872593623087576, 0.013796307254710826], [0.711991684010991, 0.05469344721230206, 0.01586970823411373, 0.01837385545476663, 0.18378749909561942, 0.015283805992207], [0.8882723230621901, 0.026222215724612634, 0.012103090024271833, 0.015299687733396523, 0.04435156727118011, 0.013751116184348693], [0.8941718828921729, 0.022708746215718882, 0.012120219670065092, 0.014791797022130557, 0.042425558769577626, 0.013781795430334703], [0.8933538660433068, 0.023218360462336912, 0.012128322294604508, 0.015062735935761224, 0.04244040800927981, 0.013796307254710826], [0.8873518645911013, 0.025922521881550815, 0.012107671473729285, 0.014366035540224918, 0.04649258493959473, 0.013759321573798892], [0.8893769603915822, 0.02455853036464045, 0.012107671473729285, 0.014366035540224918, 0.045831480656024166, 0.013759321573798892], [0.9023951997189613, 0.02035530543992639, 0.012112322893866975, 0.01495954319452213, 0.03640997647178008, 0.013767652280943147], [0.9091760465944334, 0.018513514249816673, 0.01210462421999442, 0.014099884095470312, 0.032352066906885975, 0.0137538639333992], [0.9164259971019321, 0.016028371279446965, 0.01209711628625782, 0.013177853439747676, 0.02853024469061588, 0.013740417201999623], [0.9156707746889579, 0.016188065803254405, 0.01207843095504766, 0.013375088436238115, 0.028980688397644387, 0.013706951718857403], [0.0760932966351273, 0.016399595288853812, 0.012662641207011063, 0.01566318692223795, 0.8640433243270805, 0.015137955619689263], [0.8984474658489062, 0.020222889135046836, 0.012502000416782968, 0.014846899602581964, 0.03951837633686162, 0.014462368659820153], [0.0760932966351273, 0.016399595288853812, 0.012662641207011063, 0.01566318692223795, 0.8640433243270805, 0.015137955619689263], [0.9099690943342995, 0.016740256893446617, 0.012493298760906258, 0.013485151703304665, 0.03286541433948544, 0.014446783968557461], [0.07159034600966849, 0.017477251080987723, 0.01279831342069139, 0.01573843624737366, 0.8671718715562651, 0.015223781685013598], [0.8975445592387226, 0.020268822341550433, 0.01250984642592065, 0.015550109825721838, 0.0396502412828272, 0.014476420885257187], [0.8897771307560511, 0.022487977040826564, 0.012547355068805255, 0.016662993235700155, 0.04398094492365802, 0.0145435989749589], [0.8826027545968075, 0.027413765826944013, 0.012541745690286803, 0.016897219243250623, 0.04601096208117324, 0.014533552561537794], [0.8897771307560511, 0.022487977040826564, 0.012547355068805255, 0.016662993235700155, 0.04398094492365802, 0.0145435989749589], [0.8872622452294506, 0.022487977040826564, 0.012547355068805255, 0.016662993235700155, 0.04649583045025843, 0.0145435989749589], [0.8969147350524339, 0.021052748376831392, 0.012100088324624404, 0.015776975163252306, 0.040409712951404324, 0.013745740131453552], [0.08599139253061693, 0.022404552942599465, 0.012296159491321663, 0.015585017492005077, 0.849408573285363, 0.014314304258093949], [0.8878102384141298, 0.02443987792480936, 0.012107671473729285, 0.015719326013852983, 0.04616356459967966, 0.013759321573798892], [0.721354873632678, 0.02095761871206226, 0.012100088324624404, 0.01488513455604168, 0.21695654464314004, 0.013745740131453552], [0.8811030296507486, 0.026865779696727647, 0.012107671473729285, 0.014827485406642357, 0.05133671219835328, 0.013759321573798892], [0.8832739861087384, 0.028471800348246395, 0.012115448254818901, 0.014630879862335435, 0.04773463561426244, 0.013773249811598273], [0.7593937217672876, 0.06708533775459709, 0.015869708234113735, 0.01837385545476663, 0.12399357079702789, 0.015283805992207002], [0.11954326076294526, 0.028130497124011847, 0.012320423083191912, 0.015149489935371043, 0.8105246543385957, 0.01433167475588414], [0.881756802487029, 0.028268202999978183, 0.012103090024271833, 0.015299687733396523, 0.048821100570975655, 0.013751116184348693], [0.47945202402272497, 0.0638980473246755, 0.017078572630155463, 0.020098448111354722, 0.4031009038884509, 0.01637200402263865], [0.8742919604694532, 0.02935054588037738, 0.012551124096772451, 0.016660122854578435, 0.05259589738368748, 0.014550349315131097], [0.11302190907624636, 0.02363694937798104, 0.012761856798992494, 0.01697595374557601, 0.818402611727502, 0.015200719273702123], [0.10740622820522701, 0.02210552602540862, 0.012698636387554328, 0.015408999517749428, 0.8272198837401327, 0.015160726123927859], [0.8901039383568364, 0.02395403319966851, 0.013325166835975458, 0.020619584850138636, 0.03751434594592009, 0.014482930811460975], [0.9211393421977687, 0.01295204248815528, 0.012067066177594376, 0.012222224361913496, 0.02784148158337154, 0.013777843191196699]], [[0.9211393421977687, 0.01295204248815528, 0.012067066177594376, 0.012222224361913496, 0.02784148158337154, 0.013777843191196699], [0.9100656934360405, 0.016460931078297387, 0.01432581015151406, 0.01381701305628819, 0.030831656427871612, 0.01449889584998823], [0.8951985173122896, 0.024832320481624058, 0.01253807085569121, 0.01608561654122869, 0.03681850388719547, 0.014526970921971118], [0.8843083201901567, 0.0270534279351431, 0.012547355068805255, 0.017122322136652733, 0.04442497569428335, 0.0145435989749589], [0.8839364453768206, 0.025922521881550815, 0.012107671473729285, 0.014366035540224918, 0.049908004153875425, 0.013759321573798892], [0.8865926517079709, 0.026240277684099055, 0.012103090024271833, 0.015158804449402433, 0.046154059949906893, 0.013751116184348693], [0.2651892055495392, 0.026197143962600436, 0.012320423083191912, 0.01621305140483962, 0.6657485012439447, 0.014331674755884143], [0.8905519759509428, 0.027264422522215184, 0.012100088324624404, 0.01526602019117693, 0.04107175287958706, 0.013745740131453552], [0.8890013960092014, 0.0266514847150585, 0.012095619818965645, 0.015040672259672146, 0.04347309017242357, 0.013737737024678929], [0.1004130547970056, 0.026527540277080312, 0.012320423083191912, 0.016162705299776016, 0.8302446017870619, 0.014331674755884143], [0.09502989293229253, 0.02140725287439986, 0.012320423083191912, 0.016968145291251537, 0.8399426110629798, 0.01433167475588414], [0.8957003000963831, 0.022132628592722168, 0.012107671473729285, 0.015257876147435545, 0.041042202115930994, 0.013759321573798892], [0.9022538105641598, 0.021052748376831396, 0.012100088324624404, 0.015211417705021178, 0.03563619489790968, 0.013745740131453552], [0.9076912267145728, 0.019123910215485464, 0.012092691664642148, 0.014531725240558284, 0.03282795347306609, 0.013732492691675209], [0.9164259971019321, 0.016028371279446965, 0.01209711628625782, 0.013177853439747676, 0.02853024469061588, 0.013740417201999623], [0.9003584359240733, 0.020268822341550433, 0.01250984642592065, 0.014868076003095282, 0.03751839842010305, 0.014476420885257187], [0.10023526632444281, 0.024194385996477608, 0.012684597217975182, 0.018330765598432917, 0.8294031398990985, 0.015151844963572959], [0.9003584359240733, 0.020268822341550433, 0.01250984642592065, 0.014868076003095282, 0.03751839842010305, 0.014476420885257187], [0.9077146070111146, 0.018012229240023287, 0.012514977496185659, 0.014359470111250053, 0.03291310549423639, 0.014485610647189895], [0.08539911446607844, 0.01962409403581693, 0.01279831342069139, 0.020103017918092114, 0.8468516784743074, 0.015223781685013597], [0.06958951072133708, 0.019792347905435406, 0.012769485095017555, 0.0173950323502325, 0.8652480790041646, 0.015205544923812785], [0.8975445592387226, 0.020268822341550433, 0.01250984642592065, 0.015550109825721838, 0.0396502412828272, 0.014476420885257187], [0.10336577439540556, 0.025082117218596437, 0.01263737216324927, 0.016686383466481637, 0.8271063823006859, 0.015121970455581207], [0.8812686075744677, 0.02604537098475631, 0.012518423231039738, 0.01851426006230498, 0.04716155617898539, 0.014491781968445847], [0.8827657682199627, 0.026579808957669177, 0.01255687818335081, 0.016600472569896794, 0.04693641716800735, 0.014560654901113017], [0.8974040212871605, 0.02124125542225452, 0.012112322893866977, 0.015525100652753258, 0.03994964746302163, 0.013767652280943149], [0.90264777822215, 0.01938386944488507, 0.012081219901569875, 0.014602273233093821, 0.03757291246802145, 0.01371194673027968], [0.7210004557498982, 0.026501851189035704, 0.012112322893866975, 0.017640863419683576, 0.20897685446657235, 0.013767652280943147], [0.8824722381314081, 0.026686472809304078, 0.012095619818965645, 0.015361238842095497, 0.04964669337354777, 0.013737737024678929], [0.10328431934857826, 0.19535525083013003, 0.012320423083191912, 0.017547054899028334, 0.6571612770831873, 0.014331674755884143], [0.10467076295100855, 0.028851764816924544, 0.012320423083191912, 0.016162705299776016, 0.8236626690932147, 0.014331674755884143], [0.8701900073555963, 0.029005733012340405, 0.012103090024271833, 0.014583230007101794, 0.060366823416341, 0.013751116184348693], [0.28769476073513095, 0.018057944383750663, 0.012320423083191912, 0.015149489935371045, 0.6524457071066713, 0.014331674755884143], [0.8723211263587594, 0.02850867032236861, 0.012095619818965645, 0.014324214533377417, 0.05901263194185, 0.013737737024678929], [0.875751574132068, 0.028524214297456732, 0.012566649540632895, 0.01637072595177636, 0.05220868064732795, 0.014578155430738227], [0.8785497490033854, 0.028743602040947357, 0.012541745690286803, 0.016340733935236915, 0.04929061676860574, 0.014533552561537794], [0.890239437440323, 0.024482187460785676, 0.012532600794226684, 0.017437836742149555, 0.04079076353671173, 0.014517174025803254], [0.8967966875805236, 0.02215610574218315, 0.01252368079465998, 0.01661816184793458, 0.03740416575434887, 0.01450119828034974], [0.9068698778100189, 0.016460931078297387, 0.017521625777535636, 0.01381701305628819, 0.030831656427871612, 0.01449889584998823], [0.9211393421977687, 0.01295204248815528, 0.012067066177594376, 0.012222224361913496, 0.02784148158337154, 0.013777843191196699]], [[0.9211061351639968, 0.012963846529366895, 0.012080490312738367, 0.012235364454614798, 0.027826028070175438, 0.013788135469107551], [0.9112134597282405, 0.015922108759032553, 0.014020360752676677, 0.013531616880393307, 0.030822503235997348, 0.014489950643659533], [0.9100656934360405, 0.016460931078297387, 0.01432581015151406, 0.01381701305628819, 0.030831656427871612, 0.01449889584998823], [0.8947885858330071, 0.024834273235866972, 0.01250984642592065, 0.016009438726674416, 0.03738143489327356, 0.014476420885257187], [0.269461585956476, 0.020004798774076682, 0.012320423083191912, 0.014534486323322824, 0.6693470311070485, 0.014331674755884143], [0.10181437301620636, 0.02749230605792652, 0.012320423083191912, 0.015149489935371043, 0.82889173315142, 0.01433167475588414], [0.8921114555049239, 0.028082921565715353, 0.012088331977161984, 0.015946214586566664, 0.038046391887053554, 0.013724684478578435], [0.8905501228459558, 0.028897693232578042, 0.012088331977161984, 0.015805331302572573, 0.03893383616315308, 0.013724684478578435], [0.10111819792223337, 0.025945626047523408, 0.012320423083191912, 0.015149489935371043, 0.831134588255796, 0.014331674755884143], [0.8832396829004957, 0.028047023741810242, 0.012103090024271833, 0.015158804449402435, 0.047700282699670964, 0.013751116184348693], [0.5650444703488098, 0.05415806400255394, 0.01586970823411373, 0.01837385545476663, 0.3312700959675487, 0.015283805992207], [0.8933588900408665, 0.02263591978405219, 0.012115448254818901, 0.015522720469546065, 0.0425937716391182, 0.013773249811598273], [0.09478343438298063, 0.02128876318723067, 0.012320423083191912, 0.017614309051947538, 0.8396613955387651, 0.014331674755884143], [0.08633850287815241, 0.021329819104789614, 0.012320423083191912, 0.015859506654035755, 0.8498200735239462, 0.014331674755884143], [0.9076912267145728, 0.019123910215485464, 0.012092691664642148, 0.014531725240558284, 0.03282795347306609, 0.013732492691675209], [0.8925910074414019, 0.022487977040826564, 0.012547355068805255, 0.0159809594130736, 0.04184910206093387, 0.0145435989749589], [0.8800410704658556, 0.02734061961668948, 0.012527212001361317, 0.01590889883336919, 0.04967467640078897, 0.01450752268193546], [0.8925910074414019, 0.022487977040826564, 0.012547355068805255, 0.0159809594130736, 0.04184910206093387, 0.0145435989749589], [0.8989777493789013, 0.021002976392587733, 0.01252368079465998, 0.015465032498339169, 0.03752936265516209, 0.01450119828034974], [0.10299775750239833, 0.023711535913501794, 0.012723450508776065, 0.017039805616007504, 0.8283510269546854, 0.01517642350463074], [0.8975445592387226, 0.020268822341550433, 0.01250984642592065, 0.015550109825721838, 0.0396502412828272, 0.014476420885257187], [0.8979544907180048, 0.020266869587307522, 0.01253807085569121, 0.01562628764027611, 0.03908731027674911, 0.014526970921971116], [0.8773395761041997, 0.02604537098475631, 0.012518423231039738, 0.022443291532572983, 0.04716155617898539, 0.014491781968445847], [0.10865627804483338, 0.026058889551711414, 0.012611912858452088, 0.019155365480368114, 0.8184116891320445, 0.015105864932590453], [0.8760898818926453, 0.03078800158706755, 0.012551124096772451, 0.019983900083285655, 0.04603674302509808, 0.014550349315131097], [0.8893685085865587, 0.02918408994319345, 0.012107671473729285, 0.015719326013852983, 0.039861082408866606, 0.013759321573798892], [0.09739025922195527, 0.01867182556929499, 0.012320423083191912, 0.02757974284564904, 0.8297060745240246, 0.014331674755884143], [0.8798532990240792, 0.02944