{"round_id": "d0a2c894-2162-4d49-86cf-435b9013f3b8", "seed_index": 1, "prediction": [[[0.8982441112484547, 0.03333115245158632, 0.012919945199835187, 0.01387272641120725, 0.027908820354346928, 0.013723244334569427], [0.8983235928289275, 0.033098331611465616, 0.013028241466626152, 0.013965099564468755, 0.027766618859515854, 0.013818115668996253], [0.9092712523887204, 0.027934423056008698, 0.012541585333644061, 0.01326011248349258, 0.023845244154431754, 0.013147382583702322], [0.9091918877128393, 0.027826417241908263, 0.012628380733241294, 0.013337814695505445, 0.023788988188372447, 0.01322651142813315], [0.9091691756075196, 0.02779550878801773, 0.012653219318355495, 0.013360051046920373, 0.023772889194559076, 0.013249156044627848], [0.9091691756075196, 0.02779550878801773, 0.012653219318355495, 0.013360051046920373, 0.023772889194559076, 0.013249156044627848], [0.9091691756075196, 0.02779550878801773, 0.012653219318355495, 0.013360051046920373, 0.023772889194559076, 0.013249156044627848], [0.9091691756075196, 0.02779550878801773, 0.012653219318355495, 0.013360051046920373, 0.023772889194559076, 0.013249156044627848], [0.9091691756075196, 0.02779550878801773, 0.012653219318355495, 0.013360051046920373, 0.023772889194559076, 0.013249156044627848], [0.9091691756075196, 0.02779550878801773, 0.012653219318355495, 0.013360051046920373, 0.023772889194559076, 0.013249156044627848], [0.9091691756075196, 0.02779550878801773, 0.012653219318355495, 0.013360051046920373, 0.023772889194559076, 0.013249156044627848], [0.9091691756075196, 0.02779550878801773, 0.012653219318355495, 0.013360051046920373, 0.023772889194559076, 0.013249156044627848], [0.9091691756075196, 0.02779550878801773, 0.012653219318355495, 0.013360051046920373, 0.023772889194559076, 0.013249156044627848], [0.9091691756075196, 0.02779550878801773, 0.012653219318355495, 0.013360051046920373, 0.023772889194559076, 0.013249156044627848], [0.9091691756075196, 0.02779550878801773, 0.012653219318355495, 0.013360051046920373, 0.023772889194559076, 0.013249156044627848], [0.9091918877128393, 0.027826417241908263, 0.012628380733241294, 0.013337814695505445, 0.023788988188372447, 0.01322651142813315], [0.9092712523887204, 0.027934423056008698, 0.012541585333644061, 0.01326011248349258, 0.023845244154431754, 0.013147382583702322], [0.8983235928289275, 0.033098331611465616, 0.013028241466626152, 0.013965099564468755, 0.027766618859515854, 0.013818115668996253], [0.8982441112484547, 0.03333115245158632, 0.012919945199835187, 0.01387272641120725, 0.027908820354346928, 0.013723244334569427], [0.8982204795031052, 0.03340037556935817, 0.012887746169772256, 0.013845261697722565, 0.02795110020703933, 0.013695036853002069], [0.8982204795031052, 0.03340037556935817, 0.012887746169772256, 0.013845261697722565, 0.02795110020703933, 0.013695036853002069], [0.8982204795031052, 0.03340037556935817, 0.012887746169772256, 0.013845261697722565, 0.02795110020703933, 0.013695036853002069], [0.8982204795031052, 0.03340037556935817, 0.012887746169772256, 0.013845261697722565, 0.02795110020703933, 0.013695036853002069], [0.8982204795031052, 0.03340037556935817, 0.012887746169772256, 0.013845261697722565, 0.02795110020703933, 0.013695036853002069], [0.8982204795031052, 0.03340037556935817, 0.012887746169772256, 0.013845261697722565, 0.02795110020703933, 0.013695036853002069], [0.8982204795031052, 0.03340037556935817, 0.012887746169772256, 0.013845261697722565, 0.02795110020703933, 0.013695036853002069], [0.8982204795031052, 0.03340037556935817, 0.012887746169772256, 0.013845261697722565, 0.02795110020703933, 0.013695036853002069], [0.8982204795031052, 0.03340037556935817, 0.012887746169772256, 0.013845261697722565, 0.02795110020703933, 0.013695036853002069], [0.8982204795031052, 0.03340037556935817, 0.012887746169772256, 0.013845261697722565, 0.02795110020703933, 0.013695036853002069], [0.8982204795031052, 0.03340037556935817, 0.012887746169772256, 0.013845261697722565, 0.02795110020703933, 0.013695036853002069], [0.8982204795031052, 0.03340037556935817, 0.012887746169772256, 0.013845261697722565, 0.02795110020703933, 0.013695036853002069], [0.8982204795031052, 0.03340037556935817, 0.012887746169772256, 0.013845261697722565, 0.02795110020703933, 0.013695036853002069], [0.8982204795031052, 0.03340037556935817, 0.012887746169772256, 0.013845261697722565, 0.02795110020703933, 0.013695036853002069], [0.8982204795031052, 0.03340037556935817, 0.012887746169772256, 0.013845261697722565, 0.02795110020703933, 0.013695036853002069], [0.8982204795031052, 0.03340037556935817, 0.012887746169772256, 0.013845261697722565, 0.02795110020703933, 0.013695036853002069], [0.8982204795031052, 0.03340037556935817, 0.012887746169772256, 0.013845261697722565, 0.02795110020703933, 0.013695036853002069], [0.8982204795031052, 0.03340037556935817, 0.012887746169772256, 0.013845261697722565, 0.02795110020703933, 0.013695036853002069], [0.8982204795031052, 0.03340037556935817, 0.012887746169772256, 0.013845261697722565, 0.02795110020703933, 0.013695036853002069], [0.8982204795031052, 0.03340037556935817, 0.012887746169772256, 0.013845261697722565, 0.02795110020703933, 0.013695036853002069], [0.8982441112484547, 0.03333115245158632, 0.012919945199835187, 0.01387272641120725, 0.027908820354346928, 0.013723244334569427]], [[0.8982204795031052, 0.03340037556935817, 0.012887746169772256, 0.013845261697722565, 0.02795110020703933, 0.013695036853002069], [0.7902407646701546, 0.09019153582318692, 0.0502017308974586, 0.01741131891851783, 0.036780775438019275, 0.015173874252662634], [0.8306839682494823, 0.08390787304727608, 0.01897922568612865, 0.01760182379219523, 0.03467692119564571, 0.014150188029271999], [0.07619547586072681, 0.06845051041969132, 0.04286251511607303, 0.017744109906994127, 0.7803027624393077, 0.014444626257206996], [0.06718395463751245, 0.07106184311549756, 0.049963385890999475, 0.017753670473350972, 0.7795639089225295, 0.014473236960109957], [0.7616268757494378, 0.10400218559351855, 0.039065766537386165, 0.030985249880409196, 0.050273485916950814, 0.014046436322297481], [0.6950646287813446, 0.10196959442742148, 0.0376693345157483, 0.029971487627392816, 0.1212665832505604, 0.014058371397532514], [0.387653623194972, 0.14633768819331933, 0.09992662957117235, 0.02571309305106243, 0.32635505792725744, 0.014013908062216326], [0.3388772096969863, 0.411275153516915, 0.14125942460384314, 0.028180422269532344, 0.06643554613548315, 0.013972243777240132], [0.3328700785540057, 0.40279147880493565, 0.14891070018094243, 0.03734974189522587, 0.0641076311899538, 0.013970369374936537], [0.4108503997211152, 0.37987262867929783, 0.08322187861809167, 0.043826783937022, 0.06828102051991194, 0.013947288524561322], [0.05950619709823107, 0.07108702041046056, 0.06157508745979933, 0.022126961016263956, 0.7712890526981244, 0.014415681317120588], [0.8062952508763834, 0.0987687127675172, 0.02327796558775245, 0.01680747523994912, 0.04079648648300752, 0.014054109045390142], [0.8098176671307151, 0.0914670604393256, 0.029563392276975103, 0.01902599964461382, 0.03591418806144601, 0.01421169244692434], [0.8071702391652337, 0.09271446989407843, 0.030787435050903048, 0.019318946263190466, 0.035852004892086224, 0.01415690473450813], [0.737045687315049, 0.10732102008753555, 0.05789957045670828, 0.031832469344220946, 0.051845015899950324, 0.014056236896535838], [0.6396791593540727, 0.1511210564250153, 0.1037586967577322, 0.03308446856745564, 0.05829824749819162, 0.014058371397532514], [0.3514985009345723, 0.1814961621462572, 0.37053015488826035, 0.02936020283017194, 0.05314460982580174, 0.013970369374936537], [0.622392780777018, 0.1600035035485193, 0.11216262821128312, 0.033084468567455644, 0.058298247498191624, 0.014058371397532514], [0.522788243048106, 0.11208981245401366, 0.26738822235717313, 0.031832469344220946, 0.051845015899950324, 0.014056236896535838], [0.7435485655988051, 0.10908890779666923, 0.06172791300991821, 0.02808243526720964, 0.043446252675481654, 0.014105925651916217], [0.6689383261011851, 0.12851785946120392, 0.09392451892530569, 0.03761831753087738, 0.05698906803818713, 0.014011909943240818], [0.7682278740953834, 0.10029640119942049, 0.04346839794803292, 0.02696927165244898, 0.04698181820817836, 0.014056236896535838], [0.8224229955621548, 0.08254596562946433, 0.030787435050903048, 0.019318946263190466, 0.030767752759779173, 0.014156904734508131], [0.8211518809629333, 0.08521709873941447, 0.029563392276975103, 0.01902599964461382, 0.030829935929138956, 0.01421169244692434], [0.8160056937339721, 0.09036328596837563, 0.029563392276975103, 0.01902599964461382, 0.030829935929138956, 0.01421169244692434], [0.8057459032411886, 0.09922305795043067, 0.030787435050903048, 0.019318946263190466, 0.030767752759779173, 0.01415690473450813], [0.7454863635940404, 0.1230379117007634, 0.04346839794803292, 0.02696927165244898, 0.04698181820817836, 0.014056236896535838], [0.08633731275239788, 0.10826651610079407, 0.3866866471881498, 0.04186389722234334, 0.36214435409022633, 0.014701272646088587], [0.3296468587093424, 0.4565977755233413, 0.10488844680577204, 0.027370480935212674, 0.06756683439854369, 0.013929603627787853], [0.42772154409387936, 0.17694598789130836, 0.07779578322339839, 0.034375980602160155, 0.26910233279172124, 0.014058371397532514], [0.7231850579675926, 0.12791116962736052, 0.03875426378704325, 0.03082629051144055, 0.06526698121002746, 0.014056236896535838], [0.7684819811648035, 0.10443831130899164, 0.03521605702635993, 0.02038928776220074, 0.05651497109218113, 0.014959391645463286], [0.7750908915802872, 0.10353491015030492, 0.03375804240702734, 0.02001768107667332, 0.05260525260924989, 0.014993222176457106], [0.7599322581570233, 0.11214216737128767, 0.044098617529137414, 0.021039894263474808, 0.04758908027786478, 0.015197982401212009], [0.80641538330448, 0.08883091560271729, 0.031709608449315606, 0.020590958588752123, 0.037171190422771665, 0.015281943631963158], [0.8257753341712406, 0.07816748749965369, 0.019595264436845446, 0.01917225258178774, 0.04212732684292069, 0.015162334467551579], [0.80641538330448, 0.08883091560271729, 0.031709608449315606, 0.020590958588752123, 0.037171190422771665, 0.015281943631963158], [0.8323607748014058, 0.0830708383398863, 0.01618244365385813, 0.017485525629660624, 0.03561847394322592, 0.015281943631963158], [0.8983235928289275, 0.033098331611465616, 0.013028241466626152, 0.013965099564468755, 0.027766618859515854, 0.013818115668996253]], [[0.8982204795031052, 0.03340037556935817, 0.012887746169772256, 0.013845261697722565, 0.02795110020703933, 0.013695036853002069], [0.08628339241628227, 0.09344423830955625, 0.07091121974369391, 0.025651985450189353, 0.7083069541308136, 0.015402209949464632], [0.808572607603384, 0.10569054634264631, 0.014437207550913787, 0.019995216733345818, 0.03706222554043924, 0.014242196229270617], [0.8063732539596299, 0.11048234155402545, 0.014377863040482294, 0.019186647600624995, 0.03541475192416395, 0.014165141921073422], [0.08483820564891109, 0.13104656794075828, 0.014087004911991403, 0.02482194307541307, 0.7307616521657192, 0.014444626257206997], [0.6993274542117448, 0.1997316277199514, 0.014394448875154463, 0.023776403956412808, 0.04858338787780638, 0.014186677358930177], [0.04731432795321638, 0.02796636475633528, 0.01251591641325536, 0.013237132787524367, 0.02386188132553606, 0.8751043767641324], [0.04731432795321638, 0.02796636475633528, 0.01251591641325536, 0.013237132787524367, 0.02386188132553606, 0.8751043767641324], [0.2187010971010977, 0.6132253731091276, 0.018133731797855174, 0.034262705723792815, 0.10021200112440169, 0.01546509114372495], [0.12360240412139253, 0.2353317582159228, 0.014049720735935203, 0.2639270502324016, 0.34867921498972193, 0.014409851704625994], [0.12599602127867646, 0.4446064252647152, 0.014126206166964028, 0.05782313574902391, 0.3429670226918134, 0.014481188848807038], [0.6978283108424723, 0.18889050321258347, 0.014336083090542611, 0.028660818647740553, 0.05617339035530296, 0.01411089385135799], [0.0788641653104254, 0.14467836104436757, 0.014075874335689707, 0.027686484136978932, 0.720260870284904, 0.014434244887634104], [0.7940048329069984, 0.11935533926569594, 0.014377863040482294, 0.0226820709415861, 0.035414751924163955, 0.014165141921073422], [0.7433253754614763, 0.151379744076531, 0.014408357752035677, 0.026278442293145757, 0.05040334344498527, 0.01420473697182595], [0.0998124130652938, 0.19237216159264442, 0.014058467105586872, 0.03308269072752175, 0.6462562581588186, 0.014418009350134545], [0.6332568261594459, 0.23164101799305675, 0.019018807470952317, 0.03730639957405443, 0.06468195761497592, 0.01409499118751437], [0.12528933685463048, 0.4573138473751137, 0.014058467105586872, 0.046661127278710704, 0.3422592120358237, 0.014418009350134545], [0.4070743575845004, 0.4489621868470226, 0.022362858512744895, 0.04161689838779776, 0.06586878875651549, 0.01411490991141882], [0.09747044984609315, 0.19359256724828394, 0.01402077990266298, 0.03317922899700097, 0.647354115107258, 0.014382858898700874], [0.6748808137092345, 0.20265650604911417, 0.018540935747161043, 0.03180270981110212, 0.05798776530601805, 0.014131269377370262], [0.34779828124765727, 0.24053727827274896, 0.014106678117593842, 0.0404759608192637, 0.34261882629689594, 0.014462975245840342], [0.11497430369127028, 0.18820661309311573, 0.014154026639019034, 0.03138596198492023, 0.6367719578858775, 0.014507136705797275], [0.735500348198329, 0.16228480006271756, 0.014364667802506418, 0.026375780940038104, 0.04732639408269072, 0.01414800891371797], [0.7980304503460623, 0.11594530126336401, 0.01442260644157926, 0.02034845486062913, 0.037029949282889905, 0.014223237805475337], [0.6578444081087651, 0.26543487062182497, 0.013707467521291195, 0.017437564723045588, 0.03202156217915095, 0.01355412684592203], [0.5966748610442507, 0.3116798864300189, 0.013694669703584426, 0.023419443339943717, 0.04099362962381042, 0.013537509858391777], [0.37928648296106693, 0.5124558038515267, 0.013682189301706959, 0.027971927719296644, 0.05308229115536251, 0.013521305011040291], [0.4904236557252079, 0.38469846835412497, 0.013598140348615395, 0.03116385465881557, 0.06670370703982041, 0.013412173873415607], [0.10532294840692939, 0.38663005086298535, 0.017731759482476964, 0.034826609860334146, 0.4417419300519276, 0.013746701335346511], [0.3160006399686844, 0.5554849796787341, 0.013598140348615393, 0.03614059002421808, 0.06536347610633225, 0.013412173873415607], [0.2643363572304134, 0.3269625685450155, 0.013454564733609675, 0.03100126890507368, 0.35049853925054136, 0.013746701335346513], [0.09696842947640189, 0.351119166907985, 0.01416603115471922, 0.03154077971738009, 0.49168725955420567, 0.014518333189308036], [0.07618590178414138, 0.12858224462583306, 0.014089472056216157, 0.020993789980357648, 0.7457016642171908, 0.014446927336260998], [0.8094091191721611, 0.10330051328899771, 0.014437207550913787, 0.019995216733345818, 0.03861574702531083, 0.014242196229270617], [0.811190163198734, 0.10181406907054183, 0.01445217431861329, 0.019633132396291095, 0.038648831583331905, 0.014261629432487693], [0.06849528024539031, 0.08248333174293754, 0.013979989608086017, 0.02023641252752255, 0.8004601716492209, 0.014344814226842683], [0.8355495264452085, 0.08149778626806807, 0.014467520654732065, 0.018714993359821363, 0.03548861779590165, 0.014281555476268252], [0.8391335981546281, 0.07034497034784958, 0.02683582790371035, 0.01836678290670775, 0.030995899861014843, 0.01432292082608937], [0.9092712523887204, 0.027934423056008698, 0.012541585333644061, 0.01326011248349258, 0.023845244154431754, 0.013147382583702322]], [[0.8982204795031052, 0.03340037556935817, 0.012887746169772256, 0.013845261697722565, 0.02795110020703933, 0.013695036853002069], [0.8263566701079221, 0.07772509448926786, 0.01959379451485775, 0.019173967030885995, 0.041956238866084496, 0.015194234990981634], [0.8103536516299571, 0.10420410212419046, 0.01445217431861329, 0.019633132396291095, 0.037095310098460316, 0.014261629432487693], [0.808572607603384, 0.10569054634264631, 0.014437207550913787, 0.019995216733345818, 0.03706222554043924, 0.014242196229270617], [0.8046667466341149, 0.10930900497531153, 0.01442260644157926, 0.02034845486062913, 0.037029949282889905, 0.014223237805475337], [0.7182763606468294, 0.16244554626349722, 0.014455585660844376, 0.04880568664894588, 0.04175076198040374, 0.014266058799479332], [0.4936078596691546, 0.38397900670464913, 0.014440534924484133, 0.04167255747593602, 0.05205352465639781, 0.014246516569378108], [0.6318157813698881, 0.22360050070868848, 0.014425852909037432, 0.043464539865096935, 0.0724658720521052, 0.014227453095183772], [0.6163049334812842, 0.24017257274215548, 0.014411526228788996, 0.038012726385450626, 0.076889390165752, 0.01420885099656877], [0.6226134691588899, 0.2307865280610406, 0.014380867798048244, 0.04103208444731724, 0.07701800716573139, 0.014169043368972496], [0.47859327651224426, 0.19755997798964184, 0.014351775602022797, 0.23801146672924117, 0.05735223378947966, 0.014131269377370262], [0.7400649952147167, 0.15228199873247544, 0.014455585660844376, 0.03219013610273397, 0.046741225489750154, 0.01426605879947933], [0.7917828900900898, 0.11935533926569594, 0.014377863040482294, 0.02490401375849459, 0.035414751924163955, 0.014165141921073422], [0.08050303922315233, 0.14147045125662766, 0.014087004911991403, 0.026624203274885808, 0.7228706750761358, 0.014444626257206997], [0.6788207060545497, 0.19675415348211614, 0.014394448875154463, 0.02820099361162906, 0.06764302061762038, 0.014186677358930177], [0.6357608112534234, 0.22694604594184914, 0.014323835419744746, 0.03949738653128463, 0.06937692966618349, 0.01409499118751437], [0.335239939770656, 0.24383041634808283, 0.014093168479378883, 0.04648402482771212, 0.345902075623526, 0.01445037495064411], [0.2624387462213011, 0.5683671710566421, 0.01908217028747468, 0.03133853096498332, 0.1041086698068771, 0.014664711662721755], [0.6018109910858964, 0.2562513235980707, 0.014411526228788994, 0.041841624031749625, 0.07147568405892533, 0.014208850996568769], [0.6002823340945901, 0.25147842024745365, 0.01618217556053085, 0.039824900754046155, 0.07806312597440655, 0.014169043368972496], [0.6090999928720211, 0.24655427531120125, 0.01442585290903743, 0.036437108490798883, 0.07925531732175732, 0.014227453095183772], [0.6160902384718578, 0.2452998398762519, 0.014326859494219382, 0.03583317894307308, 0.07435096549765573, 0.014098917716942036], [0.1307577228150422, 0.2464364484143321, 0.01416603115471922, 0.0376032909481922, 0.556518173478406, 0.014518333189308036], [0.1038279734160409, 0.18820661309311568, 0.014154026639019034, 0.031385961984920226, 0.6479182881611067, 0.014507136705797275], [0.08974309826364986, 0.14277279369357887, 0.014069670507136561, 0.02755184343457201, 0.7114341354580245, 0.014428458643038013], [0.7612298538890724, 0.14173675078277695, 0.01365550728204856, 0.024552436105425506, 0.04533879149155325, 0.013486660449123226], [0.5451504198308812, 0.34615720397988914, 0.013682189301706959, 0.027971927719296644, 0.053516954157185624, 0.013521305011040291], [0.4947614022732492, 0.37954394056805674, 0.013670014651327054, 0.031075010708057377, 0.06744413464068476, 0.013505497158624874], [0.3266475613400796, 0.38353981895015465, 0.013658134652714971, 0.032133688250217174, 0.23053072491783816, 0.013490071888995354], [0.1944269748206377, 0.6536405893068845, 0.015756891765844366, 0.028707081102689234, 0.09360038141645008, 0.01386808158749413], [0.31667682066715397, 0.3928621094744643, 0.013658134652714971, 0.19833857663660573, 0.06497428668006557, 0.013490071888995354], [0.3283630233578733, 0.547522488293083, 0.013632712007110213, 0.03362886085688302, 0.06339585295707878, 0.0134570625279715], [0.6821858844218681, 0.2015237187266102, 0.014394448875154463, 0.028695841463606202, 0.059013429153830815, 0.014186677358930177], [0.7501288061074199, 0.14846130059075655, 0.014408357752035677, 0.025007379260068997, 0.04778941931789273, 0.014204736971825949], [0.8096885819900683, 0.1055824829657529, 0.014471019184715012, 0.01896932862481699, 0.037002489184759256, 0.014286098049887666], [0.811519390400388, 0.10405867365497364, 0.0144868502874245, 0.018602612812791554, 0.03702581931841027, 0.014306653526011893], [0.811190163198734, 0.10181406907054183, 0.01445217431861329, 0.019633132396291095, 0.038648831583331905, 0.014261629432487693], [0.837859387949069, 0.0820980365812163, 0.014519768305781021, 0.017293219238841466, 0.03388019286977538, 0.014349395055316651], [0.854434210853183, 0.06178847569767932, 0.017611348188522336, 0.017292298514776296, 0.03460578244262394, 0.014267884303215104], [0.9091918877128393, 0.027826417241908263, 0.012628380733241294, 0.013337814695505445, 0.023788988188372447, 0.01322651142813315]], [[0.8982204795031052, 0.03340037556935817, 0.012887746169772256, 0.013845261697722565, 0.02795110020703933, 0.013695036853002069], [0.8253986284842714, 0.07845415817038372, 0.019596216946293477, 0.019171141618772074, 0.04223819185191056, 0.015141662928368904], [0.06963920755967962, 0.08201209674114042, 0.014049720735935203, 0.01917336142972329, 0.8007157618288956, 0.014409851704625994], [0.07852735247273068, 0.11265610619054144, 0.014069670507136561, 0.020999732800139916, 0.7593186793864133, 0.014428458643038013], [0.8102084190260399, 0.10306084349365696, 0.01443720755091379, 0.025845420720221966, 0.032205912979896785, 0.014242196229270618], [0.05529964444444444, 0.03173481747388414, 0.012916963722697055, 0.013795368281101613, 0.02673576714150047, 0.8595174389363722], [0.5293528189907809, 0.16167768506112717, 0.014408357752035677, 0.23781576305253171, 0.0425406381716985, 0.014204736971825949], [0.4735573143350859, 0.40334557079140954, 0.014394448875154462, 0.03589502807124081, 0.058620960568179045, 0.014186677358930175], [0.6245107581325772, 0.23417454408548216, 0.014380867798048244, 0.0357467794491884, 0.07701800716573139, 0.014169043368972496], [0.6856739604971714, 0.19461158500069017, 0.014351775602022797, 0.03479567907816841, 0.05643573044457695, 0.014131269377370262], [0.0792823380622568, 0.14555936217688775, 0.014038433226939285, 0.027744757583793134, 0.7189757849845166, 0.014399323965606215], [0.7417786318016438, 0.151379744076531, 0.014408357752035677, 0.02991507532081973, 0.04831345407714368, 0.014204736971825949], [0.7902868771014427, 0.11810356179918095, 0.01442260644157926, 0.023843878201590223, 0.03911983865073148, 0.014223237805475337], [0.07310293148084292, 0.1030835985577983, 0.014069670507136561, 0.02099973280013992, 0.7743156080110443, 0.014428458643038013], [0.525472916790884, 0.16229512043474517, 0.01436466780250642, 0.02954860354077833, 0.25417068251736813, 0.014148008913717971], [0.0998124130652938, 0.18907052684252762, 0.014058467105586872, 0.03308269072752175, 0.6495578929089354, 0.014418009350134545], [0.40448723435092404, 0.2498712297068664, 0.014339176118353118, 0.24909671833901353, 0.06809073157342396, 0.01411490991141882], [0.599990741234014, 0.2545661965079552, 0.014367603067466442, 0.04680193893923772, 0.07012170012054357, 0.014151820130782962], [0.40088716146171227, 0.4528981687091421, 0.014425852909037432, 0.044297374502332926, 0.07326398932259137, 0.014227453095183772], [0.40712439127575134, 0.2505460486666093, 0.014425852909037432, 0.04253146361727902, 0.27114479043613915, 0.014227453095183772], [0.6091607792627086, 0.24415516680558028, 0.014411526228788994, 0.0357472689052695, 0.08231640780108386, 0.014208850996568769], [0.2461143545228309, 0.5954766806123105, 0.016942521648970206, 0.03269896779456948, 0.09410276375859723, 0.014664711662721755], [0.6156855157695189, 0.24355285240668634, 0.014367603067466442, 0.03352358911080215, 0.07871861951474307, 0.014151820130782962], [0.6227276941689928, 0.23686095742469146, 0.014380867798048244, 0.03320268139877282, 0.07865875584052204, 0.014169043368972496], [0.674968920423658, 0.20113101157475435, 0.014394448875154463, 0.02947205664470582, 0.0658468851227972, 0.014186677358930177], [0.5999775589749551, 0.13981172143848017, 0.01365550728204856, 0.024552436105425506, 0.20851611574996737, 0.013486660449123226], [0.5984437276983655, 0.30743740607457404, 0.013694669703584426, 0.02341944333994372, 0.04346724332514033, 0.01353750985839178], [0.544807776055219, 0.3464658053933906, 0.013682189301706959, 0.027971927719296644, 0.05355099651934645, 0.013521305011040291], [0.498626413084919, 0.3770832754583549, 0.013632712007110213, 0.029240174139020345, 0.06796036278262398, 0.0134570625279715], [0.109758438950878, 0.5533876323892604, 0.013454564733609675, 0.035075375085396286, 0.27457728750550925, 0.013746701335346513], [0.49132963496725507, 0.3849487586382277, 0.013632712007110213, 0.033235978902356515, 0.06339585295707878, 0.0134570625279715], [0.7222092116917646, 0.17257043976006656, 0.013682189301706959, 0.027469937325269346, 0.05054691691015222, 0.013521305011040291], [0.7444889840764684, 0.1541011226217082, 0.014408357752035677, 0.025007379260068997, 0.04778941931789273, 0.01420473697182595], [0.8096885819900683, 0.1055824829657529, 0.014471019184715012, 0.01896932862481699, 0.037002489184759256, 0.014286098049887666], [0.811519390400388, 0.10405867365497364, 0.0144868502874245, 0.018602612812791554, 0.03702581931841027, 0.014306653526011893], [0.8133979771743068, 0.10249509769526752, 0.014503094532315968, 0.018226326866990463, 0.03704975829545643, 0.01432774543566279], [0.837859387949069, 0.0820980365812163, 0.014519768305781021, 0.017293219238841466, 0.03388019286977538, 0.014349395055316651], [0.8348223847314478, 0.08504995637219782, 0.014419377729904159, 0.0175927400379009, 0.03389649555825607, 0.014219045570293274], [0.05963781612293224, 0.06504286154635985, 0.031666187563554375, 0.022135910255417182, 0.8071179005461301, 0.014399323965606215], [0.9091691756075196, 0.02779550878801773, 0.012653219318355495, 0.013360051046920373, 0.023772889194559076, 0.013249156044627848]], [[0.8982204795031052, 0.03340037556935817, 0.012887746169772256, 0.013845261697722565, 0.02795110020703933, 0.013695036853002069], [0.80641538330448, 0.08883091560271729, 0.031709608449315606, 0.020590958588752123, 0.037171190422771665, 0.015281943631963158], [0.8355495264452085, 0.08149778626806807, 0.014467520654732065, 0.018714993359821363, 0.03548861779590165, 0.014281555476268252], [0.8348223847314478, 0.08504995637219782, 0.014419377729904159, 0.0175927400379009, 0.03389649555825607, 0.014219045570293274], [0.8103536516299571, 0.10420410212419046, 0.01445217431861329, 0.019633132396291095, 0.037095310098460316, 0.014261629432487693], [0.8079782555313579, 0.10306084349365695, 0.014437207550913789, 0.02807558421490386, 0.03220591297989678, 0.014242196229270618], [0.07830770129103494, 0.32924953602591445, 0.014089472056216157, 0.020993789980357648, 0.542912573310216, 0.014446927336261], [0.0848933738858471, 0.13789614578685844, 0.014137127507161295, 0.02759099505471886, 0.7209909826993129, 0.01449137506610127], [0.09946792562429337, 0.1807852393768527, 0.014137127507161295, 0.02874668638199654, 0.6623716460435948, 0.01449137506610127], [0.08435537821502474, 0.13022279801359565, 0.014126206166964028, 0.024781937961644747, 0.7320324907939638, 0.014481188848807038], [0.7427104497016986, 0.15465719200162226, 0.01436466780250642, 0.027428819014302414, 0.04669086256615236, 0.014148008913717971], [0.6835143591248297, 0.19815914102368334, 0.014394448875154463, 0.0302079097043206, 0.05953746391308177, 0.014186677358930177], [0.7354143551217995, 0.16421066487161445, 0.014455585660844376, 0.024912110056512116, 0.04674122548975016, 0.014266058799479332], [0.7692504271944276, 0.13422539311773254, 0.01442260644157926, 0.02734613217974275, 0.040532203261042433, 0.014223237805475337], [0.5227832669986671, 0.36249671001125994, 0.014455585660844376, 0.0329954279281595, 0.05300295060158969, 0.01426605879947933], [0.7201990361866197, 0.16608921078477165, 0.014408357752035679, 0.03328295024945082, 0.05181570805529623, 0.01420473697182595], [0.47223573371244765, 0.402538992367438, 0.014394448875154462, 0.03509976768025623, 0.0615443800057733, 0.014186677358930175], [0.12501710183162568, 0.45420633528675564, 0.014018248504970115, 0.048901960811321685, 0.3434758556742031, 0.014380497891123792], [0.675336995860187, 0.20444715480474204, 0.014351775602022797, 0.030531646778025355, 0.061201157577652356, 0.01413126937737026], [0.6770137694381331, 0.1981853680378758, 0.014440534924484133, 0.03040217703115511, 0.06571163399897365, 0.014246516569378108], [0.6078332690595976, 0.24611921304388973, 0.014380867798048244, 0.03373054562756603, 0.08376706110192597, 0.014169043368972498], [0.13106225397391383, 0.46814427441047146, 0.013979989608086017, 0.042719767868397845, 0.3297488999122882, 0.014344814226842683], [0.601919515333792, 0.24650472866303144, 0.014380867798048244, 0.03373054562756603, 0.08929529920858978, 0.014169043368972496], [0.6785116606170264, 0.19948042548219375, 0.014394448875154463, 0.02947205664470582, 0.06395473102198934, 0.014186677358930177], [0.7318815155518854, 0.15984097819361756, 0.014408357752035677, 0.027549505326222523, 0.05211490620441286, 0.01420473697182595], [0.06047064162877658, 0.08524186151303707, 0.013397616119946932, 0.019956129156988214, 0.8072412006162557, 0.013692550964995425], [0.6561394604835449, 0.26416642011181984, 0.013667322609051494, 0.01858116655425983, 0.03394362849370955, 0.013502001747614274], [0.7624443062381142, 0.14356373374988216, 0.01365550728204856, 0.024552436105425506, 0.04229735617540619, 0.013486660449123226], [0.5524487266128972, 0.3418223683019007, 0.01364397373518501, 0.0261466579767295, 0.05246658835269444, 0.013471685020592955], [0.10975843895087797, 0.38803683394694855, 0.013454564733609675, 0.03507537508539628, 0.43992808594782085, 0.013746701335346511], [0.5654096681757523, 0.33196089817415364, 0.01364397373518501, 0.024870760586490424, 0.05064301430782556, 0.013471685020592955], [0.6154185829495493, 0.29365898180776223, 0.01365550728204856, 0.022444449215654937, 0.04133581829586172, 0.013486660449123226], [0.071834999835815, 0.11494288799771392, 0.014018248504970115, 0.022073645693994937, 0.7627497200763822, 0.014380497891123792], [0.8068899982836483, 0.10868192034219952, 0.014391372127584002, 0.0188459369938737, 0.03700808981517853, 0.014182682437515956], [0.8133979771743068, 0.10249509769526752, 0.014503094532315968, 0.018226326866990463, 0.03704975829545643, 0.01432774543566279], [0.837859387949069, 0.0820980365812163, 0.014519768305781021, 0.017293219238841466, 0.03388019286977538, 0.014349395055316651], [0.8355495264452085, 0.08149778626806807, 0.014467520654732065, 0.018714993359821363, 0.03548861779590165, 0.014281555476268252], [0.0678070286531652, 0.08159898597084027, 0.014055971062178266, 0.02022468711825821, 0.8018976458784374, 0.014415681317120588], [0.8675584579373412, 0.05534886330158721, 0.014794950975059274, 0.015851051514009083, 0.03233295388148587, 0.014113722390517485], [0.9091691756075196, 0.02779550878801773, 0.012653219318355495, 0.013360051046920373, 0.023772889194559076, 0.013249156044627848]], [[0.8982204795031052, 0.03340037556935817, 0.012887746169772256, 0.013845261697722565, 0.02795110020703933, 0.013695036853002069], [0.8068208359682694, 0.08853945148924262, 0.031657933931087595, 0.020585959062442517, 0.03709658872384548, 0.01529923082511234], [0.8355495264452085, 0.08149778626806807, 0.014467520654732065, 0.018714993359821363, 0.03548861779590165, 0.014281555476268252], [0.07852735247273068, 0.11265610619054144, 0.014069670507136561, 0.020999732800139916, 0.7593186793864133, 0.014428458643038013], [0.07833506839964864, 0.11235283430049091, 0.014087004911991403, 0.02099453041705003, 0.759785935713612, 0.014444626257206996], [0.8036951506968661, 0.11316044481678933, 0.014377863040482294, 0.019186647600625, 0.035414751924163955, 0.014165141921073422], [0.7465519067806596, 0.151606640722238, 0.014364667802506418, 0.027554416559628238, 0.04577435922124963, 0.01414800891371797], [0.8044770967575281, 0.10949865485189833, 0.01442260644157926, 0.02034845486062913, 0.037029949282889905, 0.014223237805475337], [0.7494759767297262, 0.1483291927971468, 0.014408357752035677, 0.026184785017024315, 0.04739695073224097, 0.01420473697182595], [0.7490952627094482, 0.151606640722238, 0.01436466780250642, 0.025011060630839903, 0.04577435922124964, 0.014148008913717971], [0.6830502934063453, 0.1965645036055293, 0.014394448875154462, 0.032266612840958935, 0.059537463913081755, 0.014186677358930175], [0.11984944480271237, 0.4606110810494674, 0.014018248504970115, 0.0531035640017504, 0.3380371637499757, 0.014380497891123792], [0.46301288941220886, 0.41471850189902815, 0.014351775602022797, 0.036433329919890164, 0.05735223378947965, 0.01413126937737026], [0.5147519799156907, 0.3733222049927651, 0.014455585660844376, 0.03646294514147023, 0.046741225489750154, 0.01426605879947933], [0.45733640923159674, 0.21340948849049268, 0.014440534924484135, 0.23954073901582693, 0.06102631176822135, 0.014246516569378108], [0.7209974641108784, 0.1663115433936863, 0.014455585660844376, 0.03401524972218329, 0.04995409831292822, 0.01426605879947933], [0.6670640402065354, 0.20447542674750643, 0.014440534924484133, 0.03406184755312204, 0.06571163399897365, 0.014246516569378108], [0.6013916916510987, 0.253322296164954, 0.014339176118353118, 0.04123300664972311, 0.07559891950445191, 0.01411490991141882], [0.09418069476366778, 0.19658522257404787, 0.014018248504970115, 0.03318571334005838, 0.647649622926132, 0.014380497891123792], [0.6874829351288352, 0.1943961733498867, 0.014394448875154463, 0.02820099361162906, 0.061338771675564376, 0.014186677358930177], [0.6111093353977719, 0.243011107151061, 0.014425852909037432, 0.03643710849079889, 0.08078914295614703, 0.014227453095183772], [0.5947979507217359, 0.24592703394116533, 0.014367603067466442, 0.034051453339595354, 0.09670413879925374, 0.01415182013078296], [0.3967463573603187, 0.24467204066788564, 0.014380867798048244, 0.03373054562756603, 0.29630114517720885, 0.014169043368972496], [0.10358593095827166, 0.19516632696389716, 0.014000461790869449, 0.2547230988608623, 0.4181602730131445, 0.014363908412954702], [0.6709198264153453, 0.20638233535721578, 0.014394448875154463, 0.03238835659189822, 0.06172835540145611, 0.014186677358930179], [0.7642380637644159, 0.13763079387829275, 0.01365550728204856, 0.027758844964451197, 0.04323012966166821, 0.013486660449123226], [0.8213111618459831, 0.09899471874938176, 0.013667322609051492, 0.020110966135971485, 0.032413828911997886, 0.013502001747614274], [0.06047064162877658, 0.08524186151303707, 0.013397616119946932, 0.019956129156988214, 0.8072412006162557, 0.013692550964995425], [0.7682543882653765, 0.1377536517226199, 0.01365550728204856, 0.024552436105425506, 0.04229735617540619, 0.013486660449123226], [0.5594389458354012, 0.33569418524472117, 0.01364397373518501, 0.0261466579767295, 0.051604552187370034, 0.013471685020592955], [0.7817966772967139, 0.1296275949468707, 0.013694669703584426, 0.021311456450173148, 0.040032091744265946, 0.013537509858391777], [0.8285561381750053, 0.09435364434054273, 0.013707467521291195, 0.01743756472304559, 0.03239105839419316, 0.01355412684592203], [0.8059741242932641, 0.10959779433258376, 0.014391372127584004, 0.0188459369938737, 0.03700808981517853, 0.014182682437515956], [0.07146746479023684, 0.11427319485754302, 0.014055971062178266, 0.022054905186794038, 0.7637327827861272, 0.014415681317120588], [0.8105553214554602, 0.10529293727712535, 0.014405206395945239, 0.018497025040621125, 0.03704886465389374, 0.014200645176954508], [0.837859387949069, 0.0820980365812163, 0.014519768305781021, 0.017293219238841466, 0.03388019286977538, 0.014349395055316651], [0.837859387949069, 0.0820980365812163, 0.014519768305781021, 0.017293219238841466, 0.03388019286977538, 0.014349395055316651], [0.8405118487384646, 0.07373539992728172, 0.019573584028422096, 0.0159147619025845, 0.03605798231393479, 0.014206423089312314], [0.059637816122932244, 0.07105232325202411, 0.014038433226939285, 0.01772897167126341, 0.8231431317612347, 0.014399323965606215], [0.9091578819221967, 0.02778013943554538, 0.012665570404271548, 0.013371108161708618, 0.02376488390541571, 0.013260416170861936]], [[0.8982204795031052, 0.03340037556935817, 0.012887746169772256, 0.013845261697722565, 0.02795110020703933, 0.013695036853002069], [0.80641538330448, 0.08883091560271729, 0.031709608449315606, 0.020590958588752123, 0.037171190422771665, 0.015281943631963158], [0.8076931674676061, 0.10686458628654141, 0.01445217431861329, 0.019633132396291098, 0.037095310098460316, 0.014261629432487695], [0.8023386581184117, 0.1119244958276188, 0.014437207550913789, 0.019995216733345818, 0.03706222554043924, 0.014242196229270618], [0.7945691827448036, 0.12228641276885184, 0.014377863040482294, 0.019186647600625, 0.035414751924163955, 0.014165141921073422], [0.08483820564891109, 0.13104656794075828, 0.014087004911991403, 0.02482194307541307, 0.7307616521657192, 0.014444626257206997], [0.10483019712441338, 0.17211425457792753, 0.014145590660722029, 0.03137830100450159, 0.663032388073447, 0.014499268558988311], [0.7468610439653743, 0.15160664072223803, 0.01436466780250642, 0.025011060630839903, 0.04800857796532339, 0.014148008913717973], [0.7494759767297262, 0.1483291927971468, 0.014408357752035677, 0.026184785017024315, 0.04739695073224097, 0.01420473697182595], [0.1054230506783649, 0.16990371274062427, 0.014109127028943555, 0.03146142592472714, 0.6646374243080535, 0.014465259319286635], [0.6170941354416152, 0.23496226037575887, 0.014380867798048244, 0.05133256011684062, 0.06806113289876445, 0.014169043368972496], [0.40266254124573136, 0.24844892006816502, 0.014326859494219382, 0.25463027448368497, 0.06583248699125725, 0.014098917716942036], [0.11984944480271238, 0.2469988457553499, 0.014018248504970115, 0.2667157992958681, 0.3380371637499758, 0.014380497891123792], [0.4393602537696208, 0.42190649552258896, 0.014394448875154463, 0.045123192678693025, 0.06502893179501257, 0.014186677358930177], [0.39277585992903535, 0.25477928289704754, 0.014425852909037432, 0.2541873360966462, 0.06960421507304977, 0.014227453095183773], [0.45111400104884664, 0.4107436862323029, 0.014394448875154462, 0.04004918845583575, 0.06951199802892993, 0.014186677358930175], [0.4083181821805361, 0.2438679505370776, 0.014380867798048244, 0.0413039526179445, 0.27796000349742095, 0.014169043368972496], [0.6104965411433214, 0.23858549147710695, 0.014411526228788994, 0.041841624031749625, 0.0804559661224641, 0.014208850996568769], [0.6118312832314426, 0.24292220837566134, 0.014380867798048244, 0.039824900754046155, 0.07687169647182901, 0.014169043368972496], [0.6043124738937146, 0.25282960581672476, 0.014425852909037432, 0.038849741382795254, 0.07535487290254421, 0.014227453095183772], [0.6156959982582946, 0.2365834513308726, 0.014411526228788994, 0.0357472689052695, 0.08335290428020553, 0.014208850996568769], [0.2297499581749246, 0.39983037185334114, 0.016942521648970206, 0.028802762967489473, 0.31000967369255283, 0.014664711662721753], [0.39636803050919955, 0.24614384333166853, 0.014411526228788994, 0.0357472689052695, 0.2931204800285046, 0.014208850996568769], [0.579133611959109, 0.2640471328450168, 0.014339176118353118, 0.037191410876935095, 0.09117375828916702, 0.01411490991141882], [0.3979605396024588, 0.45516415031956486, 0.014425852909037432, 0.04114134867634331, 0.07708065539741178, 0.014227453095183772], [0.547657297803964, 0.18016698252148336, 0.013682189301706959, 0.19346377057210873, 0.05150845478969669, 0.013521305011040291], [0.6029559988655432, 0.302837184198016, 0.013694669703584426, 0.02598100775065424, 0.04099362962381043, 0.01353750985839178], [0.7690955881632595, 0.13616560980177222, 0.01365550728204856, 0.02529927812839031, 0.0422973561754062, 0.013486660449123226], [0.8283057215623645, 0.09589227516359888, 0.013707467521291195, 0.01743756472304559, 0.031102844183777817, 0.01355412684592203], [0.7736385875943247, 0.13471615987994479, 0.013694669703584426, 0.0234194