{"round_id": "d0a2c894-2162-4d49-86cf-435b9013f3b8", "seed_index": 0, "prediction": [[[0.9091691756075196, 0.02779550878801773, 0.012653219318355495, 0.013360051046920373, 0.023772889194559076, 0.013249156044627848], [0.9091578819221967, 0.02778013943554538, 0.012665570404271548, 0.013371108161708618, 0.02376488390541571, 0.013260416170861936], [0.9091691756075196, 0.02779550878801773, 0.012653219318355495, 0.013360051046920373, 0.023772889194559076, 0.013249156044627848], [0.9091691756075196, 0.02779550878801773, 0.012653219318355495, 0.013360051046920373, 0.023772889194559076, 0.013249156044627848], [0.9091691756075196, 0.02779550878801773, 0.012653219318355495, 0.013360051046920373, 0.023772889194559076, 0.013249156044627848], [0.9091691756075196, 0.02779550878801773, 0.012653219318355495, 0.013360051046920373, 0.023772889194559076, 0.013249156044627848], [0.9091691756075196, 0.02779550878801773, 0.012653219318355495, 0.013360051046920373, 0.023772889194559076, 0.013249156044627848], [0.9091691756075196, 0.02779550878801773, 0.012653219318355495, 0.013360051046920373, 0.023772889194559076, 0.013249156044627848], [0.9091578819221967, 0.02778013943554538, 0.012665570404271548, 0.013371108161708618, 0.02376488390541571, 0.013260416170861936], [0.9091578819221967, 0.02778013943554538, 0.012665570404271548, 0.013371108161708618, 0.02376488390541571, 0.013260416170861936], [0.9091578819221967, 0.02778013943554538, 0.012665570404271548, 0.013371108161708618, 0.02376488390541571, 0.013260416170861936], [0.9091691756075196, 0.02779550878801773, 0.012653219318355495, 0.013360051046920373, 0.023772889194559076, 0.013249156044627848], [0.9091691756075196, 0.02779550878801773, 0.012653219318355495, 0.013360051046920373, 0.023772889194559076, 0.013249156044627848], [0.9091918877128393, 0.027826417241908263, 0.012628380733241294, 0.013337814695505445, 0.023788988188372447, 0.01322651142813315], [0.9092712523887204, 0.027934423056008698, 0.012541585333644061, 0.01326011248349258, 0.023845244154431754, 0.013147382583702322], [0.8983235928289275, 0.033098331611465616, 0.013028241466626152, 0.013965099564468755, 0.027766618859515854, 0.013818115668996253], [0.8982441112484547, 0.03333115245158632, 0.012919945199835187, 0.01387272641120725, 0.027908820354346928, 0.013723244334569427], [0.8936722783783783, 0.03545581396396396, 0.01314139954954955, 0.01418302117117117, 0.02952788603603603, 0.0140196009009009], [0.8982204795031052, 0.03340037556935817, 0.012887746169772256, 0.013845261697722565, 0.02795110020703933, 0.013695036853002069], [0.8982204795031052, 0.03340037556935817, 0.012887746169772256, 0.013845261697722565, 0.02795110020703933, 0.013695036853002069], [0.8982204795031052, 0.03340037556935817, 0.012887746169772256, 0.013845261697722565, 0.02795110020703933, 0.013695036853002069], [0.8982204795031052, 0.03340037556935817, 0.012887746169772256, 0.013845261697722565, 0.02795110020703933, 0.013695036853002069], [0.8982204795031052, 0.03340037556935817, 0.012887746169772256, 0.013845261697722565, 0.02795110020703933, 0.013695036853002069], [0.8982204795031052, 0.03340037556935817, 0.012887746169772256, 0.013845261697722565, 0.02795110020703933, 0.013695036853002069], [0.8982204795031052, 0.03340037556935817, 0.012887746169772256, 0.013845261697722565, 0.02795110020703933, 0.013695036853002069], [0.8982204795031052, 0.03340037556935817, 0.012887746169772256, 0.013845261697722565, 0.02795110020703933, 0.013695036853002069], [0.8982204795031052, 0.03340037556935817, 0.012887746169772256, 0.013845261697722565, 0.02795110020703933, 0.013695036853002069], [0.8982204795031052, 0.03340037556935817, 0.012887746169772256, 0.013845261697722565, 0.02795110020703933, 0.013695036853002069], [0.8982204795031052, 0.03340037556935817, 0.012887746169772256, 0.013845261697722565, 0.02795110020703933, 0.013695036853002069], [0.8982204795031052, 0.03340037556935817, 0.012887746169772256, 0.013845261697722565, 0.02795110020703933, 0.013695036853002069], [0.8982204795031052, 0.03340037556935817, 0.012887746169772256, 0.013845261697722565, 0.02795110020703933, 0.013695036853002069], [0.8982204795031052, 0.03340037556935817, 0.012887746169772256, 0.013845261697722565, 0.02795110020703933, 0.013695036853002069], [0.8982204795031052, 0.03340037556935817, 0.012887746169772256, 0.013845261697722565, 0.02795110020703933, 0.013695036853002069], [0.8982204795031052, 0.03340037556935817, 0.012887746169772256, 0.013845261697722565, 0.02795110020703933, 0.013695036853002069], [0.8982204795031052, 0.03340037556935817, 0.012887746169772256, 0.013845261697722565, 0.02795110020703933, 0.013695036853002069], [0.8982204795031052, 0.03340037556935817, 0.012887746169772256, 0.013845261697722565, 0.02795110020703933, 0.013695036853002069], [0.8982204795031052, 0.03340037556935817, 0.012887746169772256, 0.013845261697722565, 0.02795110020703933, 0.013695036853002069], [0.8982204795031052, 0.03340037556935817, 0.012887746169772256, 0.013845261697722565, 0.02795110020703933, 0.013695036853002069], [0.8982204795031052, 0.03340037556935817, 0.012887746169772256, 0.013845261697722565, 0.02795110020703933, 0.013695036853002069], [0.8982204795031052, 0.03340037556935817, 0.012887746169772256, 0.013845261697722565, 0.02795110020703933, 0.013695036853002069]], [[0.9091578819221967, 0.02778013943554538, 0.012665570404271548, 0.013371108161708618, 0.02376488390541571, 0.013260416170861936], [0.8285525867710607, 0.0892094698580871, 0.019561852910769444, 0.017129689495035755, 0.03127566880156301, 0.014270732163484002], [0.8214966672437696, 0.08629488264140886, 0.02337528555409042, 0.01870732869452886, 0.03597138387921532, 0.014154451986986779], [0.06764867963579177, 0.07130188929407402, 0.04212234845494882, 0.017756327680334263, 0.786689566086044, 0.014481188848807036], [0.7712938391625214, 0.10320761797039293, 0.04810441907808691, 0.025139514725638315, 0.038352381074641666, 0.013902227988718728], [0.08502257010245952, 0.1452511727918413, 0.0981132094566311, 0.05664824286335902, 0.6005654808201027, 0.014399323965606217], [0.7590800366636492, 0.10910660053110009, 0.05060443424310362, 0.0264862494858778, 0.04066644217973332, 0.014056236896535838], [0.8033349572431419, 0.09617849371732284, 0.03390486946870558, 0.020098304867641102, 0.03232646996868044, 0.01415690473450813], [0.7630004853961333, 0.11352171202769394, 0.04818156756232831, 0.025239426176807134, 0.03595088318512095, 0.014105925651916217], [0.9091578819221967, 0.02778013943554538, 0.012665570404271548, 0.013371108161708618, 0.02376488390541571, 0.013260416170861936], [0.11689132277879985, 0.3125783565963309, 0.32414937746022926, 0.019704841575109912, 0.21292940025418355, 0.013746701335346511], [0.11772980750897512, 0.12949140521572156, 0.5278020186837186, 0.019704841575109912, 0.19152522568112854, 0.013746701335346513], [0.3220113718415044, 0.304363313527845, 0.13502770767439418, 0.01970484157510991, 0.20514606404579985, 0.013746701335346511], [0.3315603660872162, 0.3083805416385611, 0.26457834327526286, 0.03322130394647414, 0.04893268101985529, 0.013326764032630431], [0.5775623346160662, 0.28351021254402464, 0.061711091780036906, 0.02439088070383048, 0.039461959438041386, 0.013363520918000306], [0.058897129217770135, 0.3115656298209233, 0.033217668466147016, 0.017759731511645126, 0.5640684659174133, 0.014491375066101271], [0.05877030357349287, 0.10747106128480098, 0.033173299805934614, 0.01776499842880957, 0.7683132002011646, 0.014507136705797273], [0.0679847512376199, 0.09764381097478501, 0.02606780910623209, 0.017744878836686722, 0.7761118225084153, 0.014446927336260998], [0.8180179684164016, 0.08468932933646979, 0.02337528555409042, 0.01870732869452886, 0.04105563601152237, 0.014154451986986779], [0.795409114801287, 0.09902008402687071, 0.03390486946870558, 0.0200983048676411, 0.03741072210098749, 0.01415690473450813], [0.7519657342302426, 0.11577703968311481, 0.05504306705702247, 0.022491479953350837, 0.04066644217973332, 0.014056236896535838], [0.06798475123761989, 0.097643810974785, 0.04876574270270294, 0.017744878836686722, 0.7534138889119444, 0.014446927336260997], [0.7990100905415605, 0.10568261500349285, 0.026395400005554986, 0.017586833844399755, 0.037270951559601743, 0.014054109045390142], [0.05037845929772759, 0.2626984232855731, 0.05250900793859939, 0.020009603862872004, 0.6006599505587973, 0.013744555056430546], [0.8530083826153042, 0.06488694310256064, 0.020034729145267362, 0.01696658021015652, 0.03161312536798551, 0.013490239558725674], [0.8392797455272719, 0.07022839146833505, 0.02681881227921673, 0.01836914724788233, 0.030969364621058287, 0.014334538856235618], [0.854434210853183, 0.06178847569767932, 0.017611348188522336, 0.017292298514776296, 0.03460578244262394, 0.014267884303215104], [0.8392797455272719, 0.07022839146833505, 0.02681881227921673, 0.01836914724788233, 0.030969364621058287, 0.014334538856235618], [0.854434210853183, 0.06178847569767932, 0.017611348188522336, 0.017292298514776296, 0.03460578244262394, 0.014267884303215104], [0.8206093342350553, 0.08181280738918878, 0.03136178752992602, 0.01948967641886707, 0.03245566226347866, 0.014270732163483998], [0.795703221108952, 0.09428207379590335, 0.03323570662330536, 0.017309882046371277, 0.04536775408323143, 0.014101362342236546], [0.05978929966598328, 0.07678788091021152, 0.03942782442836272, 0.022146210152849344, 0.7874682869514692, 0.014380497891123792], [0.7459298788726341, 0.11241261669595001, 0.05032893289603278, 0.026348498812342386, 0.050923835826504775, 0.014056236896535838], [0.6497712170785557, 0.15621265303342977, 0.08937045233238795, 0.027600498035577084, 0.06298680812251713, 0.014058371397532514], [0.35827018609497124, 0.1451457886736092, 0.17760646132292782, 0.03420001976381038, 0.27080717476974486, 0.013970369374936537], [0.06322853326371607, 0.4315965470352717, 0.161195942393564, 0.024014968420501277, 0.30561919466010434, 0.014344814226842683], [0.5479225566352711, 0.16230396677101033, 0.17760646132292782, 0.03420001976381038, 0.06399662613204386, 0.013970369374936537], [0.5595563608099183, 0.17374803653849255, 0.16995518574582844, 0.025030700138116847, 0.057737472990403466, 0.013972243777240132], [0.4988011876170773, 0.22328370093872446, 0.17925602150451653, 0.02611000629896329, 0.057689048039428134, 0.01486003560129038], [0.8982204795031052, 0.03340037556935817, 0.012887746169772256, 0.013845261697722565, 0.02795110020703933, 0.013695036853002069]], [[0.9091691756075196, 0.02779550878801773, 0.012653219318355495, 0.013360051046920373, 0.023772889194559076, 0.013249156044627848], [0.8036105752808971, 0.09493108426257003, 0.032680826694777634, 0.02217716817679082, 0.03238865313804022, 0.01421169244692434], [0.8064702818711471, 0.10817992379729166, 0.01442260644157926, 0.02055809980102557, 0.036145850283481044, 0.014223237805475337], [0.08420085048755649, 0.15408066590934413, 0.01416603115471922, 0.021757599961310846, 0.7112765192977613, 0.014518333189308036], [0.10874398373022046, 0.1769122701736754, 0.01416603115471922, 0.029757555635315312, 0.6559018261167614, 0.014518333189308036], [0.6389576445260514, 0.22903052996019255, 0.014339176118353118, 0.031070011794285937, 0.07248772768969801, 0.01411490991141882], [0.6970124388416327, 0.19021575993532677, 0.014394448875154462, 0.025953842051539763, 0.05823683293741602, 0.014186677358930175], [0.7531434607796329, 0.14719933066197108, 0.014408357752035677, 0.02403129073305646, 0.04701282310147796, 0.01420473697182595], [0.6685311155673419, 0.15290663686857983, 0.08964595367945877, 0.027738248709112498, 0.04711967377797463, 0.014058371397532514], [0.9091691756075196, 0.02779550878801773, 0.012653219318355495, 0.013360051046920373, 0.023772889194559076, 0.013249156044627848], [0.32108386888663704, 0.1358455412864136, 0.3044729828706931, 0.019704841575109912, 0.2051460640457999, 0.013746701335346513], [0.19471903319088987, 0.6535034532658764, 0.015756891765844362, 0.028454484422638843, 0.09369805576725632, 0.013868081587494129], [0.3124029298742776, 0.5609903513911886, 0.015246383474137442, 0.03695096244216485, 0.0609665921784741, 0.013442780639757408], [0.3253312663980235, 0.55118974531632, 0.016277942218792515, 0.0349698639904701, 0.05872568491776903, 0.013505497158624875], [0.3824747017670016, 0.5130344733861725, 0.015298572756457355, 0.02330693967018586, 0.0524136273995898, 0.013471685020592955], [0.08481327402419572, 0.16151669294797322, 0.014087004911991403, 0.02502628779375514, 0.7001121140648775, 0.014444626257206996], [0.5780983662034548, 0.33593626002825183, 0.014377863040482294, 0.02289171588198254, 0.034530652924755094, 0.014165141921073422], [0.7864948022213756, 0.127809668607395, 0.014391372127584002, 0.022551005275231236, 0.03457046933089807, 0.014182682437515956], [0.7923394749792331, 0.12166414217951105, 0.014471019184715012, 0.022674396906174538, 0.03456486870047881, 0.014286098049887666], [0.7447204466012143, 0.15744219530693035, 0.014455585660844376, 0.02275861577254426, 0.04635709785898714, 0.01426605879947933], [0.4691495322354611, 0.41511456958275644, 0.014351775602022797, 0.029649215527134273, 0.057603637675255025, 0.01413126937737026], [0.09382457502155944, 0.1511290890175122, 0.014087004911991403, 0.02592741789349151, 0.7005872868982383, 0.014444626257206996], [0.5152881568541082, 0.3821378794168565, 0.014408357752035679, 0.025396011042254668, 0.04856485796291906, 0.01420473697182595], [0.6546574657992512, 0.2701255164839666, 0.013630220395997652, 0.017791612600429545, 0.030341357358857644, 0.013453827361497315], [0.828253761218337, 0.09675807806984196, 0.013720595020122402, 0.01730731809894337, 0.030389075693576337, 0.013571171899178742], [0.8062153914611097, 0.11186084281535977, 0.014405206395945239, 0.01870666998101757, 0.03461124416961328, 0.014200645176954508], [0.0728884541535657, 0.09170010183904832, 0.014369602596927602, 0.01976324060873358, 0.7865298896376578, 0.014748711164067008], [0.8348223847314478, 0.08504995637219782, 0.014419377729904159, 0.0175927400379009, 0.03389649555825607, 0.014219045570293274], [0.06873886949025834, 0.10561753914182621, 0.01405846710558687, 0.020701527119807266, 0.7764655877923866, 0.014418009350134544], [0.7917675744779773, 0.12236387997743439, 0.014374548387632573, 0.019140241238347382, 0.03819291782075944, 0.014160838097848797], [0.06857808174052285, 0.11788376617726498, 0.014075874335689707, 0.020697285644090943, 0.7643307472147972, 0.014434244887634104], [0.7550430522048661, 0.15315310437013194, 0.014364667802506418, 0.0200114829670057, 0.043279683741771845, 0.01414800891371797], [0.6989763539474182, 0.18684556194528004, 0.014440534924484135, 0.0269776197141105, 0.05851341289932902, 0.014246516569378108], [0.6149452532998222, 0.24921770020981332, 0.014425852909037432, 0.032023596369531684, 0.07516014411661154, 0.014227453095183772], [0.5923055305134702, 0.2682406637582753, 0.014411526228788994, 0.033377169906807225, 0.07745625859608944, 0.014208850996568769], [0.3832242638705499, 0.47852005806275844, 0.014380867798048244, 0.030338740067701292, 0.07936702683196946, 0.014169043368972496], [0.3828161593381386, 0.4840200936432375, 0.014411526228788992, 0.033377169906807225, 0.07116619988645878, 0.014208850996568767], [0.2600715483408804, 0.5733108901544743, 0.016942521648970206, 0.030078645849554074, 0.10493168234339927, 0.014664711662721753], [0.43818947208473374, 0.19957709696948997, 0.22942669848916591, 0.04151023260824353, 0.07650346933398704, 0.014793030514379682], [0.8982204795031052, 0.03340037556935817, 0.012887746169772256, 0.013845261697722565, 0.02795110020703933, 0.013695036853002069]], [[0.9091691756075196, 0.02779550878801773, 0.012653219318355495, 0.013360051046920373, 0.023772889194559076, 0.013249156044627848], [0.7955472655074087, 0.09617849371732284, 0.03390486946870558, 0.02788599660337429, 0.03232646996868044, 0.01415690473450813], [0.74922491821493, 0.14719933066197108, 0.014408357752035677, 0.02794983329775942, 0.04701282310147796, 0.01420473697182595], [0.1091341321307891, 0.17760009668098403, 0.01414317539556952, 0.029802785135906208, 0.6548227947897605, 0.014497015866990605], [0.6556370080047611, 0.220387740953256, 0.014323835419744746, 0.02425552788656525, 0.07130089654815847, 0.01409499118751437], [0.638293790647693, 0.22946497882440245, 0.014367603067466442, 0.029071057643770465, 0.0746507496858845, 0.01415182013078296], [0.12893538832319057, 0.2239476542297066, 0.014049720735935203, 0.038250508503966794, 0.5804068765025748, 0.014409851704625994], [0.11009296374008443, 0.17929050421810955, 0.014087004911991403, 0.029913941492759097, 0.6521709593798486, 0.014444626257206997], [0.7375123818505774, 0.1289625886532005, 0.05240784077171389, 0.025074364795741308, 0.04203290608123127, 0.014009917847535558], [0.9091578819221967, 0.02778013943554538, 0.012665570404271548, 0.013371108161708618, 0.02376488390541571, 0.013260416170861936], [0.28896146265722533, 0.48717867643369234, 0.1283954716038451, 0.035801051081222016, 0.046371020544988026, 0.01329231767902707], [0.3191123526903487, 0.55701138943017, 0.013658134652714971, 0.040512793216569566, 0.056215258121201414, 0.013490071888995354], [0.3182484298438061, 0.23427887395357022, 0.013670014651327054, 0.3624856012440235, 0.057811583148648385, 0.013505497158624875], [0.3718776396062863, 0.3545075242722822, 0.014380797777355282, 0.03078236425272684, 0.21493036908030902, 0.013521305011040291], [0.5987683247802541, 0.30904601447023256, 0.013694669703584426, 0.02213398722719473, 0.042819493960342396, 0.013537509858391777], [0.775549229239568, 0.13417153325572034, 0.01442260644157926, 0.024053523141986666, 0.03757987011567021, 0.014223237805475335], [0.7849806746917322, 0.12646150997234976, 0.014437207550913789, 0.023700285014703358, 0.036178126541030385, 0.014242196229270618], [0.07002677974540122, 0.10640330948849383, 0.014109127028943555, 0.022918898536418368, 0.7720766258814563, 0.014465259319286633], [0.7471524692005738, 0.1502498819413553, 0.014408357752035677, 0.026055227687828718, 0.04792932644638067, 0.01420473697182595], [0.6835416135078017, 0.20267642464813368, 0.014394448875154463, 0.026047499327661205, 0.05915333628231876, 0.014186677358930177], [0.13727397926453277, 0.25263185479105094, 0.014087004911991403, 0.03349105942183039, 0.5480714753533876, 0.014444626257206997], [0.453467099989314, 0.4307970018289035, 0.014351775602022797, 0.029649215527134273, 0.057603637675255025, 0.01413126937737026], [0.4575454213221042, 0.4267660222842162, 0.014394448875154463, 0.027318562360737972, 0.05978886779885714, 0.014186677358930179], [0.07715090432366796, 0.30552732680636596, 0.013454564733609675, 0.02398046959877781, 0.5661400332022319, 0.013746701335346511], [0.8095029741356204, 0.11224820470820765, 0.013616593425523675, 0.017857984345655532, 0.033338109602481174, 0.013436133782511472], [0.06948228119894037, 0.112608766757692, 0.01416603115471922, 0.019645903517834466, 0.7695786841815059, 0.014518333189308036], [0.07043136135036787, 0.1014032974742755, 0.014137127507161297, 0.022467463861272786, 0.7770693747408214, 0.014491375066101271], [0.8085387241967736, 0.10669348361638653, 0.01445217431861329, 0.01984277733668754, 0.03621121109905146, 0.014261629432487695], [0.8062112109532843, 0.11158868321644738, 0.014391372127584002, 0.019055581934270142, 0.03457046933089807, 0.014182682437515956], [0.0687619250367491, 0.10565782771151866, 0.014055971062178266, 0.020702135310050163, 0.7764064595623832, 0.014415681317120588], [0.7550430522048661, 0.15315310437013194, 0.014364667802506418, 0.0200114829670057, 0.043279683741771845, 0.01414800891371797], [0.04747852988235294, 0.0280167551372549, 0.012475421803921569, 0.01320088062745098, 0.02388812768627451, 0.8749402848627449], [0.6447896803256596, 0.2182439956335574, 0.014425852909037432, 0.025609056044900567, 0.08270396199166107, 0.014227453095183772], [0.6187560736621917, 0.2505672665229752, 0.014367603067466442, 0.030131783550937416, 0.07202545306564631, 0.01415182013078296], [0.5347326963015386, 0.3199351409369703, 0.018133731797855178, 0.02596345371650169, 0.08576988610340935, 0.015465091143724952], [0.3900650836867126, 0.4767711692946636, 0.014411526228788994, 0.033377169906807225, 0.07116619988645878, 0.014208850996568769], [0.38713524717951686, 0.47997883091716487, 0.014425852909037432, 0.033045302930934155, 0.0711873129681629, 0.014227453095183772], [0.578750176660854, 0.28623530165341143, 0.014367603067466442, 0.030659647779730625, 0.07583545070775448, 0.014151820130782962], [0.1422167238891851, 0.18272227831944315, 0.3004864008793842, 0.0546534126661614, 0.3045189742963615, 0.015402209949464632], [0.8982204795031052, 0.03340037556935817, 0.012887746169772256, 0.013845261697722565, 0.02795110020703933, 0.013695036853002069]], [[0.9091691756075196, 0.02779550878801773, 0.012653219318355495, 0.013360051046920373, 0.023772889194559076, 0.013249156044627848], [0.532595141986374, 0.12025708726057824, 0.05998150218148491, 0.2359294662726101, 0.03713087664703661, 0.014105925651916217], [0.6854310859516145, 0.19430329624945092, 0.014394448875154463, 0.033447658627433964, 0.05823683293741603, 0.014186677358930177], [0.6235797255274023, 0.24197234297885756, 0.014339176118353118, 0.03350611777426994, 0.07248772768969801, 0.01411490991141882], [0.12016047048592816, 0.2363404213033433, 0.014075874335689707, 0.03785319625660628, 0.5771357927307983, 0.014434244887634104], [0.4644408590230192, 0.34165283389297213, 0.016942521648970206, 0.030616403286625016, 0.1316826704856918, 0.014664711662721755], [0.638293790647693, 0.22946497882440245, 0.014367603067466442, 0.029071057643770465, 0.0746507496858845, 0.01415182013078296], [0.6349458033288555, 0.23304237115738846, 0.014339176118353118, 0.031070011794285937, 0.07248772768969801, 0.01411490991141882], [0.08526961977813938, 0.1457249654423518, 0.09840954153929136, 0.056788471542374014, 0.5994269038067197, 0.014380497891123794], [0.9091578819221967, 0.02778013943554538, 0.012665570404271548, 0.013371108161708618, 0.02376488390541571, 0.013260416170861936], [0.5227156398974679, 0.12164013623004616, 0.0969608301684174, 0.20981114454483893, 0.035506958266019545, 0.013365290893210074], [0.48969202307454973, 0.3870998166617195, 0.014805963392218636, 0.039409116533633506, 0.05548758317925375, 0.013505497158624874], [0.3236528415990952, 0.553049322588201, 0.013658134652714971, 0.039480797321560374, 0.056668831949432945, 0.013490071888995354], [0.497960825156026, 0.3827206846730954, 0.013632712007110213, 0.033615333534826215, 0.05861338210097062, 0.0134570625279715], [0.5554625459370864, 0.34009342251060026, 0.013682189301706959, 0.025132209412753008, 0.052108327826813065, 0.013521305011040291], [0.7388208483108637, 0.163341793597281, 0.014455585660844376, 0.02275861577254426, 0.04635709785898714, 0.01426605879947933], [0.7838122017163005, 0.1273425806111772, 0.01442260644157926, 0.024053523141986666, 0.036145850283481044, 0.014223237805475337], [0.08450912408775559, 0.14502062648644104, 0.01416603115471922, 0.038238658657114774, 0.7035472264246613, 0.014518333189308036], [0.6797997860029057, 0.20012819344339897, 0.014394448875154463, 0.032337558037291866, 0.05915333628231876, 0.014186677358930177], [0.6122540304985564, 0.2561642808607884, 0.014380867798048244, 0.03730857990865437, 0.06572319756498003, 0.014169043368972496], [0.138101165083933, 0.4614643590351986, 0.014049720735935203, 0.033589944049352005, 0.33838495939095525, 0.014409851704625994], [0.5887862284278428, 0.2757099403258884, 0.014380867798048244, 0.028902246365761365, 0.07805167371348666, 0.014169043368972496], [0.39259957822653985, 0.4737640927124121, 0.014425852909037432, 0.03160880922899423, 0.07337421382783263, 0.014227453095183772], [0.543396958311629, 0.3538011678640086, 0.013608588117806379, 0.026293562021551566, 0.04947398418232722, 0.013425739502677047], [0.07923371220137725, 0.30466343490254333, 0.013454564733609675, 0.02398046959877781, 0.5649211172283454, 0.013746701335346511], [0.7948077195964086, 0.12272232997625901, 0.014377863040482294, 0.01939629254102144, 0.034530652924755094, 0.014165141921073422], [0.8062112109532843, 0.11158868321644738, 0.014391372127584002, 0.019055581934270142, 0.03457046933089807, 0.014182682437515956], [0.8107465381723461, 0.10737451224111219, 0.014503094532315968, 0.01843597180738691, 0.03461213781117598, 0.01432774543566279], [0.8107465381723461, 0.10737451224111219, 0.014503094532315968, 0.01843597180738691, 0.03461213781117598, 0.01432774543566279], [0.8067576801702004, 0.1081799278348424, 0.014437207550913789, 0.02020486167374226, 0.036178126541030385, 0.014242196229270618], [0.8073067934399241, 0.10578989074364303, 0.01442260644157926, 0.02055809980102557, 0.03769937176835265, 0.014223237805475337], [0.082110484299461, 0.11312193783650906, 0.014000461790869449, 0.025953317915030985, 0.7504498897451747, 0.014363908412954702], [0.04737321894045945, 0.02798443725582122, 0.012501393030160964, 0.013224130957962182, 0.0238712945772777, 0.8750455252383184], [0.10569120008980849, 0.169588357041463, 0.014000461790869449, 0.030171038139532223, 0.6661850345253719, 0.014363908412954702], [0.04721024283383826, 0.027934423056008698, 0.012541585333644061, 0.01326011248349258, 0.023845244154431754, 0.8752083921385846], [0.6260657167260641, 0.24385125442766095, 0.014425852909037432, 0.03593399883666258, 0.06549572400539104, 0.014227453095183772], [0.6730670536886705, 0.2124931139678958, 0.014440534924484133, 0.027999326275512965, 0.05775345457405843, 0.014246516569378108], [0.40447253606035427, 0.46511190172200817, 0.014380867798048244, 0.02981087583890809, 0.07205477521170878, 0.014169043368972496], [0.5453357222432375, 0.19610909592450923, 0.125344132250564, 0.045103483980327715, 0.0732501592623183, 0.01485740633904317], [0.8982204795031052, 0.03340037556935817, 0.012887746169772256, 0.013845261697722565, 0.02795110020703933, 0.013695036853002069]], [[0.9091691756075196, 0.02779550878801773, 0.012653219318355495, 0.013360051046920373, 0.023772889194559076, 0.013249156044627848], [0.7955826006705233, 0.10065468068359609, 0.024560778782078647, 0.02921342131414458, 0.03588487823580224, 0.014103640313855168], [0.08914844044995447, 0.1572503009213025, 0.014087004911991403, 0.0232240275942824, 0.7018455998652623, 0.014444626257206996], [0.4517141730770278, 0.432022128043832, 0.014351775602022797, 0.027900603479861424, 0.05988005041988556, 0.01413126937737026], [0.40882337748075354, 0.4591647970054904, 0.014339176118353118, 0.031070011794285937, 0.07248772768969801, 0.01411490991141882], [0.12086905326009081, 0.45399110405981313, 0.014038433226939285, 0.037982965569240634, 0.3587191199183099, 0.014399323965606215], [0.6326343008536226, 0.23538556621566853, 0.014380867798048244, 0.028750149931741138, 0.07468007183194697, 0.014169043368972496], [0.6880716871672348, 0.19696529155415982, 0.014440534924484135, 0.02815502547106582, 0.058120944313677245, 0.014246516569378108], [0.5961704640169856, 0.2715429558269898, 0.06424193577630943, 0.022566029368010443, 0.03211509409370431, 0.013363520918000306], [0.9161328166982922, 0.024743682985452244, 0.012210349652118912, 0.012795397090449082, 0.021414144718532573, 0.012703608855154966], [0.5490781835858933, 0.11936287552490682, 0.24837289275808755, 0.03972899138813663, 0.030614142929055774, 0.01284291381391983], [0.5627398611079601, 0.18974560661450235, 0.014656926002113043, 0.17059334632741768, 0.04928327472029112, 0.012980985227715644], [0.1730770970923141, 0.6981541983563485, 0.015388233152895983, 0.02565085621566722, 0.07442575943462278, 0.013303855748151388], [0.09310359647440773, 0.3113094127673694, 0.012950657398075039, 0.032050910463380634, 0.5373852420155231, 0.013200180881244104], [0.5736121728806247, 0.3223451003029094, 0.013073290054652046, 0.030140913946540525, 0.047914072845597205, 0.012914449969675891], [0.7226810866578949, 0.17432027863596058, 0.013682189301706957, 0.025132209412753004, 0.05066293098064411, 0.013521305011040291], [0.6098935023446921, 0.2989091235349666, 0.01365550728204856, 0.022603374022815988, 0.041451832366353615, 0.013486660449123226], [0.08833933917232865, 0.16452063271466544, 0.013454564733609675, 0.20105055187967819, 0.5188882101643716, 0.013746701335346513], [0.5052756889408445, 0.21389478097260314, 0.013598140348615395, 0.19943025391815783, 0.054388961946363334, 0.013412173873415607], [0.3335142150306329, 0.5459093414053365, 0.013658134652714971, 0.037327987104093685, 0.05610024991822633, 0.013490071888995354], [0.15954190820942118, 0.6765007700682839, 0.015756891765844366, 0.05090813260318839, 0.08342421576576804, 0.01386808158749413], [0.4853431833673402, 0.3934627485025004, 0.01362171260053669, 0.02772394370397445, 0.06640563118589067, 0.013442780639757408], [0.48671451519343917, 0.3954098009829052, 0.013658134652714971, 0.028193691653751442, 0.06253378562819387, 0.013490071888995354], [0.3221508377143775, 0.5586552832445988, 0.013632712007110213, 0.025674158751115214, 0.0664299457548267, 0.0134570625279715], [0.3808707132628512, 0.5163274129127864, 0.013608588117806379, 0.026293562021551566, 0.04947398418232722, 0.013425739502677047], [0.7232587813132121, 0.17706398886256564, 0.01436466780250642, 0.024222286656070256, 0.04694226645192773, 0.014148008913717971], [0.06839560277302556, 0.11116519077117344, 0.01409562990401739, 0.02069247196823161, 0.7711984338884508, 0.01445267069510114], [0.8062112109532843, 0.11158868321644738, 0.014391372127584002, 0.019055581934270142, 0.03457046933089807, 0.014182682437515956], [0.8085387241967736, 0.10669348361638653, 0.01445217431861329, 0.01984277733668754, 0.03621121109905146, 0.014261629432487695], [0.8107465381723461, 0.10737451224111219, 0.014503094532315968, 0.01843597180738691, 0.03461213781117598, 0.01432774543566279], [0.8111545953817776, 0.10509792273259637, 0.0144868502874245, 0.018812257753187997, 0.03614172031900142, 0.014306653526011891], [0.8073067934399241, 0.10578989074364303, 0.01442260644157926, 0.02055809980102557, 0.03769937176835265, 0.014223237805475337], [0.7375026882445767, 0.15044017356808273, 0.014455585660844376, 0.04157639079172439, 0.0417591029352925, 0.014266058799479332], [0.7123073015932923, 0.19007433942443813, 0.014394448875154462, 0.02044550391548964, 0.048591728832695136, 0.014186677358930175], [0.04731432795321638, 0.02796636475633528, 0.01251591641325536, 0.013237132787524367, 0.02386188132553606, 0.8751043767641324], [0.7096291983305283, 0.192752442687202, 0.014394448875154462, 0.02044550391548964, 0.048591728832695136, 0.014186677358930175], [0.750837895972415, 0.1502898326404925, 0.014408357752035677, 0.022853884976101142, 0.04740529168712972, 0.01420473697182595], [0.11236804311203158, 0.18168139596360078, 0.014069670507136561, 0.03401656047156159, 0.6434358713026315, 0.014428458643038013], [0.6751708622419523, 0.15456017604448913, 0.06337410800847008, 0.03128761169930687, 0.060767023010722857, 0.01484021899505867], [0.8982204795031052, 0.03340037556935817, 0.012887746169772256, 0.013845261697722565, 0.02795110020703933, 0.013695036853002069]], [[0.9091691756075196, 0.02779550878801773, 0.012653219318355495, 0.013360051046920373, 0.023772889194559076, 0.013249156044627848], [0.5164699007457876, 0.3430600095842814, 0.05265899565884015, 0.031637070361399476, 0.04220511864767827, 0.013968905002013001], [0.10346668935359424, 0.41112057816812947, 0.014154026639019034, 0.03321873230960767, 0.4235328368238523, 0.014507136705797275], [0.1274193275851533, 0.4539806740096876, 0.014123773044088347, 0.037989601811870374, 0.3520077040480986, 0.014478919501101757], [0.43748674949359484, 0.44357144836450135, 0.017029878864786675, 0.027900603479861424, 0.05988005041988557, 0.014131269377370262], [0.41439939820480637, 0.45358877628143757, 0.014339176118353118, 0.031070011794285937, 0.07248772768969801, 0.01411490991141882], [0.657555601392995, 0.16388215104292675, 0.08964595367945877, 0.027738248709112498, 0.04711967377797463, 0.014058371397532514], [0.7556088572280922, 0.12091334019573505, 0.04818156756232832, 0.025239426176807134, 0.03595088318512095, 0.014105925651916217], [0.913943423030303, 0.02569680996632996, 0.012353240942760942, 0.01297610962962963, 0.022152028821548823, 0.012878387609427609], [0.5661936405761767, 0.31068419355138677, 0.052547398827653656, 0.025735188457288102, 0.031474287694284536, 0.013365290893210074], [0.566596833969298, 0.3220227170439312, 0.0146815182797313, 0.03400859903431924, 0.04969617121470504, 0.012994160458015087], [0.5674987960819748, 0.32249837562655337, 0.01388472779717714, 0.03289641150075849, 0.05022752853552099, 0.012994160458015087], [0.7027939026637334, 0.18915978606007325, 0.013124533163664166, 0.032256248333496405, 0.04968454455131712, 0.012980985227715644], [0.5972915930875468, 0.16300255425383925, 0.013062424762444822, 0.1697720063926964, 0.043971079284763175, 0.01290034221870953], [0.0747348550951315, 0.14058356514253173, 0.012950657398075039, 0.026440752348404956, 0.7320899891346127, 0.013200180881244104], [0.6058435894257909, 0.3031254333509959, 0.01365550728204856, 0.02243697712568791, 0.041451832366353615, 0.013486660449123226], [0.6453998578088374, 0.27568627455981354, 0.013707467521291195, 0.020509888895632395, 0.03114238436850362, 0.01355412684592203], [0.7685526757738718, 0.14187928833126934, 0.013619278614222591, 0.022402793216006564, 0.04010634376995283, 0.013439620294676952], [0.08162267809565084, 0.517929699510616, 0.013454564733609675, 0.03153655228633408, 0.34170980403844287, 0.013746701335346511], [0.48857774867069187, 0.37979514754083227, 0.013598140348615393, 0.040887694789194545, 0.06372909477725024, 0.013412173873415607], [0.29446225681032967, 0.4005662200525898, 0.01362171260053669, 0.20217579087798776, 0.07573123901879864, 0.013442780639757408], [0.5201403543217813, 0.17930254693567507, 0.013454564733609675, 0.022671765562728704, 0.25068406711085867, 0.013746701335346511], [0.3782592459525843, 0.5044938970666435, 0.015756891765844362, 0.026500856022686273, 0.06112102760474734, 0.013868081587494129], [0.12427094553481029, 0.5518900820950354, 0.013454564733609675, 0.029305504897719124, 0.26733220140347885, 0.013746701335346511], [0.2806385872475851, 0.39624537891239997, 0.013454564733609675, 0.027119386253233645, 0.26879538151782495, 0.013746701335346511], [0.12209335081798399, 0.41138698349623637, 0.01416603115471922, 0.03242073532366662, 0.40541456601808573, 0.014518333189308036], [0.726815619121179, 0.16918704673631044, 0.014333007451608724, 0.02426309573436293, 0.05129433058711525, 0.014106900369423577], [0.06948228119894037, 0.10731311640059177, 0.01416603115471922, 0.019645903517834466, 0.7748743345386061, 0.014518333189308036], [0.07043136135036787, 0.1014032974742755, 0.014137127507161297, 0.022467463861272786, 0.7770693747408214, 0.014491375066101271], [0.8085387241967736, 0.10669348361638653, 0.01445217431861329, 0.01984277733668754, 0.03621121109905146, 0.014261629432487695], [0.8108253681801239, 0.10285331814816459, 0.01445217431861329, 0.01984277733668754, 0.03776473258392306, 0.014261629432487695], [0.8111545953817776, 0.10509792273259637, 0.0144868502874245, 0.018812257753187997, 0.03614172031900142, 0.014306653526011891], [0.8093237869714579, 0.10662173204337565, 0.014471019184715012, 0.019178973565213434, 0.0361183901853504, 0.014286098049887666], [0.7555669601467867, 0.14556076846612082, 0.014408357752035679, 0.022853884976101142, 0.04740529168712973, 0.01420473697182595], [0.08153838865322031, 0.2178107903334392, 0.014049720735935203, 0.025893533260367543, 0.6462977153124118, 0.014409851704625994], [0.0813066910959023, 0.15398078039511826, 0.014069670507136561, 0.025869320598478504, 0.7103450787603264, 0.014428458643038013], [0.8034961692091567, 0.11662651784799946, 0.014320912170078135, 0.0177086501254669, 0.033741971847231385, 0.01410577880006731], [0.09085401829872705, 0.13680214798069215, 0.014156431945466067, 0.02998601128351295, 0.7136920103821849, 0.014509380109416808], [0.760022378194334, 0.10881384785656047, 0.03977295704325382, 0.02146346468820986, 0.05506539048354187, 0.014861961734099842], [0.8982204795031052, 0.03340037556935817, 0.012887746169772256, 0.013845261697722565, 0.02795110020703933, 0.013695036853002069]], [[0.9091691756075196, 0.02779550878801773, 0.012653219318355495, 0.013360051046920373, 0.023772889194559076, 0.013249156044627848], [0.08526961977813936, 0.15196214191294, 0.09840954153929135, 0.27663788330707995, 0.37334031557142555, 0.014380497891123792], [0.39481576809584557, 0.461015004078896, 0.014339176118353118, 0.04066796098757737, 0.07504718080790908, 0.01411490991141882], [0.3957448916965911, 0.4590554446731012, 0.018894558206689394, 0.03975476178223642, 0.07245142592443979, 0.014098917716942036], [0.12817207551257598, 0.4570091107623683, 0.014087004911991403, 0.038119146075367726, 0.34816803648048955, 0.014444626257206996], [0.06673427609490853, 0.5101090797687166, 0.05687660644008241, 0.03625206002792219, 0.3152426550702145, 0.014785322598155657], [0.9091720055045872, 0.02779935993883792, 0.012650124464831804, 0.013357280428134556, 0.023774895107033643, 0.013246334556574924], [0.9091649356242839, 0.027789738678885068, 0.01265785628102329, 0.01336420221458572, 0.02376988377243222, 0.013253383428789614], [0.7297641370132365, 0.14609778865734313, 0.051103661449735195, 0.024814470700343816, 0.03485465128613127, 0.013365290893210074], [0.5112080308207285, 0.3635854960418261, 0.013670014651327054, 0.03258630225541767, 0.0654446590720757, 0.013505497158624874], [0.4325260868586696, 0.18111446857974314, 0.013568248349334315, 0.30890919982811504, 0.05090101115642231, 0.012980985227715644], [0.5429844267652641, 0.19441798159973323, 0.013102818845619259, 0.03881715821120531, 0.19772482373175831, 0.012952790846419742], [0.5412520893434866, 0.3366860002406762, 0.013102818845619259, 0.037067016568033656, 0.058939284155764604, 0.012952790846419742], [0.09310359647440773, 0.3113094127673694, 0.012950657398075039, 0.032050910463380634, 0.5373852420155231, 0.013200180881244104], [0.42939990838487874, 0.46606296896741234, 0.013073290054652046, 0.0306353097777836, 0.047914072845597205, 0.012914449969675891], [0.5548663848349056, 0.3425406581069782, 0.01364397373518501, 0.02330693967018586, 0.052170358632152455, 0.013471685020592955], [0.6064607335644671, 0.3031877539822042, 0.013694669703584425, 0.02057972503340008, 0.04253960785795231, 0.013537509858391777], [0.6109009983206014, 0.2997164853233741, 0.013694669703584425, 0.02057972503340008, 0.041570611760648093, 0.013537509858391777], [0.562082749447944, 0.33485388300320185, 0.013608588117806379, 0.026160810522576156, 0.04986822940579447, 0.013425739502677047], [0.11283284020605854, 0.5528202191958393, 0.013454564733609675, 0.038202996818735145, 0.26894267771041086, 0.013746701335346513], [0.48242091297490264, 0.21583366675217971, 0.01358792713277774, 0.03796177719973695, 0.2367968031466579, 0.013398912793745103], [0.35189151542375696, 0.3475513858336994, 0.013454564733609675, 0.022671765562728704, 0.25068406711085867, 0.013746701335346511], [0.31770809997831667, 0.5620194769406207, 0.013621712600536687, 0.025940262489553195, 0.06726766735121507, 0.013442780639757408], [0.32825685536928834, 0.5552973741902962, 0.013632712007110213, 0.025236442113577014, 0.06411955379175655, 0.0134570625279715], [0.542365922453936, 0.3548714605744548, 0.01364397373518501, 0.02436093311507114, 0.051286025100760094, 0.013471685020592955], [0.7257311187889677, 0.17459165138680996, 0.014364667802506418, 0.024222286656070256, 0.04694226645192772, 0.01414800891371797], [0.06839560277302556, 0.11116519077117344, 0.01409562990401739, 0.02069247196823161, 0.7711984338884508, 0.01445267069510114], [0.7273277248308844, 0.16935071052949496, 0.01434861123534828, 0.024297928281498335, 0.05054786443352362, 0.014127160689250429], [0.07015109758093792, 0.10095293611514902, 0.01416603115471922, 0.022450617377824146, 0.7777609845820617, 0.014518333189308036], [0.8062112109532843, 0.11158868321644738, 0.014391372127584002, 0.