{"round_id": "d0a2c894-2162-4d49-86cf-435b9013f3b8", "seed_index": 4, "prediction": [[[0.9091691756075196, 0.02779550878801773, 0.012653219318355495, 0.013360051046920373, 0.023772889194559076, 0.013249156044627848], [0.9091578819221967, 0.02778013943554538, 0.012665570404271548, 0.013371108161708618, 0.02376488390541571, 0.013260416170861936], [0.9091691756075196, 0.02779550878801773, 0.012653219318355495, 0.013360051046920373, 0.023772889194559076, 0.013249156044627848], [0.9091691756075196, 0.02779550878801773, 0.012653219318355495, 0.013360051046920373, 0.023772889194559076, 0.013249156044627848], [0.9091691756075196, 0.02779550878801773, 0.012653219318355495, 0.013360051046920373, 0.023772889194559076, 0.013249156044627848], [0.9091691756075196, 0.02779550878801773, 0.012653219318355495, 0.013360051046920373, 0.023772889194559076, 0.013249156044627848], [0.9091691756075196, 0.02779550878801773, 0.012653219318355495, 0.013360051046920373, 0.023772889194559076, 0.013249156044627848], [0.9091691756075196, 0.02779550878801773, 0.012653219318355495, 0.013360051046920373, 0.023772889194559076, 0.013249156044627848], [0.9091691756075196, 0.02779550878801773, 0.012653219318355495, 0.013360051046920373, 0.023772889194559076, 0.013249156044627848], [0.9091691756075196, 0.02779550878801773, 0.012653219318355495, 0.013360051046920373, 0.023772889194559076, 0.013249156044627848], [0.9091691756075196, 0.02779550878801773, 0.012653219318355495, 0.013360051046920373, 0.023772889194559076, 0.013249156044627848], [0.9091691756075196, 0.02779550878801773, 0.012653219318355495, 0.013360051046920373, 0.023772889194559076, 0.013249156044627848], [0.9091691756075196, 0.02779550878801773, 0.012653219318355495, 0.013360051046920373, 0.023772889194559076, 0.013249156044627848], [0.9091691756075196, 0.02779550878801773, 0.012653219318355495, 0.013360051046920373, 0.023772889194559076, 0.013249156044627848], [0.9091691756075196, 0.02779550878801773, 0.012653219318355495, 0.013360051046920373, 0.023772889194559076, 0.013249156044627848], [0.9091691756075196, 0.02779550878801773, 0.012653219318355495, 0.013360051046920373, 0.023772889194559076, 0.013249156044627848], [0.9091691756075196, 0.02779550878801773, 0.012653219318355495, 0.013360051046920373, 0.023772889194559076, 0.013249156044627848], [0.9091691756075196, 0.02779550878801773, 0.012653219318355495, 0.013360051046920373, 0.023772889194559076, 0.013249156044627848], [0.9091691756075196, 0.02779550878801773, 0.012653219318355495, 0.013360051046920373, 0.023772889194559076, 0.013249156044627848], [0.9091691756075196, 0.02779550878801773, 0.012653219318355495, 0.013360051046920373, 0.023772889194559076, 0.013249156044627848], [0.9091691756075196, 0.02779550878801773, 0.012653219318355495, 0.013360051046920373, 0.023772889194559076, 0.013249156044627848], [0.9091691756075196, 0.02779550878801773, 0.012653219318355495, 0.013360051046920373, 0.023772889194559076, 0.013249156044627848], [0.9091691756075196, 0.02779550878801773, 0.012653219318355495, 0.013360051046920373, 0.023772889194559076, 0.013249156044627848], [0.9091578819221967, 0.02778013943554538, 0.012665570404271548, 0.013371108161708618, 0.02376488390541571, 0.013260416170861936], [0.9091578819221967, 0.02778013943554538, 0.012665570404271548, 0.013371108161708618, 0.02376488390541571, 0.013260416170861936], [0.9161328166982922, 0.024743682985452244, 0.012210349652118912, 0.012795397090449082, 0.021414144718532573, 0.012703608855154966], [0.9161328166982922, 0.024743682985452244, 0.012210349652118912, 0.012795397090449082, 0.021414144718532573, 0.012703608855154966], [0.9161328166982922, 0.024743682985452244, 0.012210349652118912, 0.012795397090449082, 0.021414144718532573, 0.012703608855154966], [0.9161328166982922, 0.024743682985452244, 0.012210349652118912, 0.012795397090449082, 0.021414144718532573, 0.012703608855154966], [0.9161328166982922, 0.024743682985452244, 0.012210349652118912, 0.012795397090449082, 0.021414144718532573, 0.012703608855154966], [0.9091578819221967, 0.02778013943554538, 0.012665570404271548, 0.013371108161708618, 0.02376488390541571, 0.013260416170861936], [0.9091578819221967, 0.02778013943554538, 0.012665570404271548, 0.013371108161708618, 0.02376488390541571, 0.013260416170861936], [0.9091578819221967, 0.02778013943554538, 0.012665570404271548, 0.013371108161708618, 0.02376488390541571, 0.013260416170861936], [0.9091578819221967, 0.02778013943554538, 0.012665570404271548, 0.013371108161708618, 0.02376488390541571, 0.013260416170861936], [0.9091691756075196, 0.02779550878801773, 0.012653219318355495, 0.013360051046920373, 0.023772889194559076, 0.013249156044627848], [0.9091691756075196, 0.02779550878801773, 0.012653219318355495, 0.013360051046920373, 0.023772889194559076, 0.013249156044627848], [0.9091691756075196, 0.02779550878801773, 0.012653219318355495, 0.013360051046920373, 0.023772889194559076, 0.013249156044627848], [0.9091691756075196, 0.02779550878801773, 0.012653219318355495, 0.013360051046920373, 0.023772889194559076, 0.013249156044627848], [0.9091578819221967, 0.02778013943554538, 0.012665570404271548, 0.013371108161708618, 0.02376488390541571, 0.013260416170861936], [0.9091691756075196, 0.02779550878801773, 0.012653219318355495, 0.013360051046920373, 0.023772889194559076, 0.013249156044627848]], [[0.9091578819221967, 0.02778013943554538, 0.012665570404271548, 0.013371108161708618, 0.02376488390541571, 0.013260416170861936], [0.06007642738872723, 0.07161535805524522, 0.013979989608086017, 0.017710756670523627, 0.8222726540505751, 0.014344814226842681], [0.854434210853183, 0.06178847569767932, 0.017611348188522336, 0.017292298514776296, 0.03460578244262394, 0.014267884303215104], [0.8392797455272719, 0.07022839146833505, 0.02681881227921673, 0.01836914724788233, 0.030969364621058287, 0.014334538856235618], [0.854434210853183, 0.06178847569767932, 0.017611348188522336, 0.017292298514776296, 0.03460578244262394, 0.014267884303215104], [0.7974832607625958, 0.10978519453714176, 0.024032465490206475, 0.017003729072132406, 0.037563837970242236, 0.014131512167680972], [0.059637816122932244, 0.0861004439447724, 0.05572133737672598, 0.022135910255417182, 0.7620051683345458, 0.014399323965606215], [0.5761314970460767, 0.3253116729177161, 0.02963757683175528, 0.017585588252811295, 0.037283228375420106, 0.0140504365762205], [0.06306298639586444, 0.33518426717695327, 0.0715745996632595, 0.038925857028063976, 0.4768883813229041, 0.014363908412954703], [0.4184569010772821, 0.15786367092102996, 0.30939674896560904, 0.0371352953643062, 0.06313547372853182, 0.014011909943240817], [0.48940637235164053, 0.12601296747029958, 0.07665188346088415, 0.027354677645122803, 0.26651786217551704, 0.014056236896535838], [0.5769534778291561, 0.099049127378657, 0.02753426108117677, 0.018992075910994763, 0.26336741748616016, 0.014103640313855168], [0.0678273370933647, 0.09411846652821083, 0.02604620546645258, 0.017750241413934206, 0.7797947742521973, 0.014462975245840342], [0.06444731054307058, 0.0784456358098047, 0.03242949128165674, 0.023856559893481774, 0.7863026692826781, 0.014518333189308036], [0.07258430085763885, 0.10425799278920977, 0.1356789191992769, 0.02385655989348178, 0.6491038940710847, 0.014518333189308036], [0.40043758679588454, 0.1562218054545886, 0.14394929392099876, 0.02173724520567198, 0.26320714128659517, 0.014446927336260998], [0.5623844947291518, 0.18326362415114061, 0.13646293794513323, 0.03252391298649433, 0.07151392853212392, 0.013851101655956023], [0.4037200571929126, 0.16750529744437267, 0.14394929392099876, 0.02173724520567198, 0.24864117889978302, 0.014446927336260998], [0.39919478129900404, 0.14393660548162585, 0.33854009799813084, 0.03800372352355119, 0.06631288175444719, 0.014011909943240817], [0.40694461762911777, 0.14080177142986353, 0.33877735350497806, 0.03800372352355119, 0.061460623969248604, 0.014011909943240817], [0.7332062110473273, 0.11793078193441739, 0.07159660815522599, 0.021092375213337948, 0.042205118647678265, 0.013968905002013001], [0.05978929966598328, 0.099790233851388, 0.282279589134245, 0.022146210152849344, 0.5216141693044105, 0.014380497891123792], [0.8307728313454742, 0.07568579541179497, 0.024560778782078647, 0.018992075910994763, 0.03588487823580224, 0.014103640313855168], [0.8332707248133226, 0.07452082507185569, 0.023375285554090415, 0.018707328694528857, 0.035971383879215314, 0.014154451986986777], [0.8358319492227925, 0.07336776800167973, 0.022106332552856253, 0.01839951345885485, 0.036094903871912803, 0.014199532891903784], [0.050366702766684805, 0.05355289956168965, 0.022967531210523022, 0.016442010085314936, 0.842924155040441, 0.013746701335346511], [0.050366702766684805, 0.05355289956168965, 0.022967531210523022, 0.016442010085314936, 0.842924155040441, 0.013746701335346511], [0.8424834320449116, 0.07383922182980537, 0.02162108582141723, 0.01581537621460956, 0.032797948137469536, 0.01344293595178658], [0.050366702766684805, 0.054742020371303816, 0.027724014448979692, 0.02000937251415744, 0.8334111885635276, 0.013746701335346511], [0.8440287411154701, 0.07229391275924688, 0.02162108582141723, 0.01581537621460956, 0.032797948137469536, 0.01344293595178658], [0.7937878255830146, 0.09114656575807079, 0.04067036575983158, 0.01980535824906445, 0.04037819220309416, 0.01421169244692434], [0.8108577077230918, 0.08801658011216879, 0.03009447391460294, 0.017738317943809787, 0.03913601557181873, 0.014156904734508133], [0.9091649356242839, 0.027789738678885068, 0.01265785628102329, 0.01336420221458572, 0.02376988377243222, 0.013253383428789614], [0.07274424870750887, 0.5405747006952086, 0.03698516114548603, 0.02652043763533949, 0.3080539110239218, 0.01512154079253523], [0.33924593342255505, 0.14630073057486565, 0.4049644239945525, 0.03420001976381038, 0.06131852286928, 0.013970369374936537], [0.541475119485308, 0.15269721374879838, 0.19610767583421906, 0.034453070979409195, 0.06134810223352996, 0.013918817718735394], [0.0865929077862323, 0.14306654137602068, 0.5008126238985726, 0.021716271307139722, 0.2333202805659336, 0.014491375066101271], [0.1096678360249458, 0.42757120012996386, 0.07230243516671728, 0.023907097138281735, 0.3520884562942509, 0.01446297524584034], [0.4824903174933273, 0.14344006527611103, 0.2903269997194911, 0.025079936201357393, 0.044667042513632946, 0.013995638796079984], [0.9091578819221967, 0.02778013943554538, 0.012665570404271548, 0.013371108161708618, 0.02376488390541571, 0.013260416170861936]], [[0.9091691756075196, 0.02779550878801773, 0.012653219318355495, 0.013360051046920373, 0.023772889194559076, 0.013249156044627848], [0.854434210853183, 0.06178847569767932, 0.017611348188522336, 0.017292298514776296, 0.03460578244262394, 0.014267884303215104], [0.837859387949069, 0.0820980365812163, 0.014519768305781021, 0.017293219238841466, 0.03388019286977538, 0.014349395055316651], [0.8355495264452085, 0.08149778626806807, 0.014467520654732065, 0.018714993359821363, 0.03548861779590165, 0.014281555476268252], [0.07603994369954618, 0.12835647653119525, 0.014049720735935203, 0.01965136804045301, 0.7474926392882444, 0.014409851704625994], [0.07564524025913123, 0.333349114325403, 0.014087004911991403, 0.019649616346791316, 0.5428243978994761, 0.014444626257206997], [0.5748083955294787, 0.34272165404318905, 0.014377863040482294, 0.01939629254102144, 0.034530652924755094, 0.014165141921073422], [0.7218652173577415, 0.17847757408386253, 0.014408357752035677, 0.02403129073305646, 0.04701282310147796, 0.01420473697182595], [0.4678581955632153, 0.4152824668996202, 0.01848198518927857, 0.025953842051539763, 0.05823683293741602, 0.014186677358930175], [0.4015002997447534, 0.4558578255821139, 0.021279641866675417, 0.028750149931741138, 0.07844303950574362, 0.014169043368972496], [0.09910936340381041, 0.42190954180591145, 0.013979989608086017, 0.03165361505900014, 0.41900267589634943, 0.014344814226842683], [0.5181332990835185, 0.3700967944704028, 0.014408357752035677, 0.0241249480091779, 0.05903186371303906, 0.014204736971825949], [0.726775064395067, 0.17043285671264347, 0.014364667802506418, 0.02295122362299349, 0.051328178553071604, 0.01414800891371797], [0.09900363252145986, 0.19838777584574468, 0.01416603115471922, 0.02889665973194957, 0.6450275675568187, 0.014518333189308036], [0.6289779608235833, 0.23944021175988334, 0.014339176118353118, 0.03678859912599309, 0.06633914226076817, 0.01411490991141882], [0.6232908297278908, 0.23987466062409324, 0.014367603067466442, 0.03478964497547762, 0.07352544147428869, 0.01415182013078296], [0.2499607087068363, 0.3787111336061031, 0.016942521648970206, 0.027233735537307818, 0.31248718883806087, 0.014664711662721753], [0.15284131769850068, 0.4530021489303191, 0.014137127507161295, 0.03396341190687847, 0.3315646188910392, 0.01449137506610127], [0.37587402420211763, 0.26278936828550775, 0.02936253948267758, 0.036404707387918456, 0.2814544507303597, 0.01411490991141882], [0.34951317474772814, 0.24153303211733132, 0.014106678117593842, 0.044290486747219214, 0.33609365302428706, 0.01446297524584034], [0.11923016626431887, 0.19685364760716223, 0.020233843152780498, 0.0298082036944919, 0.6193670025754492, 0.014507136705797275], [0.741711188177024, 0.15861158199875358, 0.01436466780250642, 0.024222286656070256, 0.04694226645192773, 0.014148008913717971], [0.7400020128294607, 0.15533413407366237, 0.014408357752035677, 0.025396011042254668, 0.050654747330760634, 0.01420473697182595], [0.06908698004639845, 0.10622584727311853, 0.01402077990266298, 0.02071071004868643, 0.7755728238304328, 0.014382858898700876], [0.8062112109532843, 0.11158868321644738, 0.014391372127584002, 0.019055581934270142, 0.03457046933089807, 0.014182682437515956], [0.056081641239646554, 0.10144810640912819, 0.013454564733609675, 0.016829766871058686, 0.7984392194112104, 0.013746701335346513], [0.05987861412309274, 0.08542017662679341, 0.013454564733609675, 0.020324325985026856, 0.8071756171961307, 0.013746701335346511], [0.8276735339434986, 0.09495973872861474, 0.013679430170302325, 0.01846209592300829, 0.03170747874464948, 0.01351772248992649], [0.8302301924990401, 0.09500569816285215, 0.013652894108212655, 0.017219762394126523, 0.030408185393018983, 0.013483267442749754], [0.059324016857565366, 0.0881245837226715, 0.013454564733609675, 0.017998595516686262, 0.8073515378341206, 0.013746701335346511], [0.8073067934399241, 0.10578989074364303, 0.01442260644157926, 0.02055809980102557, 0.03769937176835265, 0.014223237805475337], [0.7595846059462489, 0.14437313375422367, 0.014455585660844376, 0.0214875527394675, 0.0458330630997362, 0.01426605879947933], [0.6886003389324304, 0.16653759582519173, 0.061836800998217374, 0.02535594525475925, 0.043610947591868586, 0.014058371397532514], [0.9092277121036795, 0.02787516994522872, 0.012589202190850883, 0.013302740723597932, 0.023814381547481292, 0.013190793489161459], [0.33967512854953075, 0.16590369174986871, 0.3976807627948398, 0.025030700138116847, 0.057737472990403466, 0.013972243777240132], [0.2371729820835554, 0.573440722349856, 0.036191388850085576, 0.023625556604702815, 0.1149046384490785, 0.014664711662721753], [0.1280753642476538, 0.4674685710113071, 0.02343338432024172, 0.03520436581190379, 0.3312999814195855, 0.014518333189308036], [0.3985345216286223, 0.4727667256622664, 0.020394061315625038, 0.02534208896313715, 0.06889077722018193, 0.014071825210167272], [0.41378243727490904, 0.3898631862573838, 0.09986179553863984, 0.027600498035577084, 0.05483371149595774, 0.014058371397532514], [0.9091691756075196, 0.02779550878801773, 0.012653219318355495, 0.013360051046920373, 0.023772889194559076, 0.013249156044627848]], [[0.9091691756075196, 0.02779550878801773, 0.012653219318355495, 0.013360051046920373, 0.023772889194559076, 0.013249156044627848], [0.8392797455272719, 0.07022839146833505, 0.02681881227921673, 0.01836914724788233, 0.030969364621058287, 0.014334538856235618], [0.837859387949069, 0.0820980365812163, 0.014519768305781021, 0.017293219238841466, 0.03388019286977538, 0.014349395055316651], [0.8104903685081121, 0.10763068190534625, 0.014503094532315968, 0.01843597180738691, 0.03461213781117598, 0.01432774543566279], [0.7996421965107608, 0.11529541149428205, 0.014437207550913787, 0.02020486167374226, 0.03617812654103038, 0.014242196229270617], [0.5859096695300668, 0.328740536138372, 0.014422606441579262, 0.020558099801025572, 0.03614585028348105, 0.014223237805475339], [0.5236378135750146, 0.37670497786658946, 0.014408357752035679, 0.024031290733056463, 0.04701282310147797, 0.01420473697182595], [0.11009296374008443, 0.4137773799440097, 0.014087004911991403, 0.029913941492759097, 0.4176840836539485, 0.014444626257206997], [0.6072917669385295, 0.2583723064403735, 0.014339176118353118, 0.031070011794285937, 0.07481182879703908, 0.01411490991141882], [0.3979381493654613, 0.46381590176815923, 0.01630121591419715, 0.03129473743823781, 0.07644114451737574, 0.014208850996568769], [0.3957970126686828, 0.4735932725475201, 0.014380867798048244, 0.03446873726344829, 0.06759106635332805, 0.014169043368972496], [0.463478008011084, 0.41878289920423245, 0.014440534924484133, 0.02824868274718726, 0.06080335854363388, 0.014246516569378108], [0.7279415288867092, 0.17139110193387067, 0.014408357752035677, 0.024124948009177905, 0.04792932644638067, 0.01420473697182595], [0.0848686774651385, 0.15689658024522488, 0.014137127507161295, 0.02779341199269922, 0.7018128277236748, 0.01449137506610127], [0.6929517269412244, 0.193266311214711, 0.014394448875154463, 0.026047499327661205, 0.05915333628231876, 0.014186677358930177], [0.6452784689121767, 0.22222468214961297, 0.014425852909037432, 0.04059186026120278, 0.06325168267278641, 0.014227453095183772], [0.6574287022488638, 0.2248649406797374, 0.014367603067466442, 0.030458712596382817, 0.058728221276766315, 0.01415182013078296], [0.45600276833661924, 0.2000470742808034, 0.014820688982918497, 0.04254591620729654, 0.27134461819690553, 0.015238933995456701], [0.3953255740294821, 0.44919259889807467, 0.01731265841745125, 0.041180245151731486, 0.08287401359184166, 0.01411490991141882], [0.6083522968185027, 0.2549285926246682, 0.01700496275698326, 0.03709923480774854, 0.0685159952751551, 0.014098917716942036], [0.14297220104925099, 0.24052129943889702, 0.014106678117593842, 0.03343888239087707, 0.5544979637575407, 0.014462975245840342], [0.6764280288190173, 0.20211353102081467, 0.014394448875154463, 0.027318562360737972, 0.06555875156534531, 0.014186677358930177], [0.6773410879627193, 0.1987088169206632, 0.014440534924484135, 0.029519745780264027, 0.06574329784249117, 0.014246516569378108], [0.7384552691696283, 0.1553341340736624, 0.014408357752035679, 0.025396011042254668, 0.052201490990593034, 0.01420473697182595], [0.8050201494565737, 0.10963005621186497, 0.01442260644157926, 0.02055809980102557, 0.036145850283481044, 0.014223237805475337], [0.05987861412309274, 0.08665301511323162, 0.013454564733609675, 0.020324325985026856, 0.8059427787096926, 0.013746701335346513], [0.8254527566565728, 0.09835637217650109, 0.01364142242837611, 0.0187067023954818, 0.030374373999245648, 0.013468372343822529], [0.6620996555802985, 0.258562314483005, 0.013667322609051492, 0.018755008753412093, 0.03341369682661857, 0.013502001747614274], [0.8271435043307833, 0.09548976834133001, 0.013679430170302325, 0.01846209592300829, 0.03170747874464948, 0.01351772248992649], [0.059324016857565366, 0.0881245837226715, 0.013454564733609675, 0.017998595516686262, 0.8073515378341206, 0.013746701335346511], [0.809044324153551, 0.10433976236662047, 0.01443720755091379, 0.02020486167374226, 0.03773164802590199, 0.014242196229270618], [0.8093237869714579, 0.10662173204337565, 0.014471019184715012, 0.019178973565213434, 0.0361183901853504, 0.014286098049887666], [0.7305864840605067, 0.12120512329319874, 0.06179589020225566, 0.027461662427103045, 0.04484491436501973, 0.014105925651916217], [0.90929472374269, 0.02796636475633528, 0.01251591641325536, 0.013237132787524367, 0.02386188132553606, 0.01312398097465887], [0.34541585234313404, 0.16025778401665694, 0.38064691219316094, 0.032210297868851115, 0.0675395499504091, 0.013929603627787853], [0.13564163673138743, 0.46678102316225895, 0.01414317539556952, 0.048590943055558306, 0.32034620578823514, 0.014497015866990605], [0.14220877601067183, 0.25232727261966054, 0.01676663303688864, 0.04052173446865539, 0.5336572506748155, 0.014518333189308036], [0.10521771846094623, 0.4078349191588009, 0.01416603115471922, 0.031115976138908985, 0.4271470218973165, 0.014518333189308036], [0.4978367155629582, 0.35759662259797614, 0.055641162851208265, 0.02497874192161397, 0.04997785206423031, 0.013968905002013001], [0.9091691756075196, 0.02779550878801773, 0.012653219318355495, 0.013360051046920373, 0.023772889194559076, 0.013249156044627848]], [[0.9091691756075196, 0.02779550878801773, 0.012653219318355495, 0.013360051046920373, 0.023772889194559076, 0.013249156044627848], [0.8392797455272719, 0.07022839146833505, 0.02681881227921673, 0.01836914724788233, 0.030969364621058287, 0.014334538856235618], [0.8121966705869196, 0.10592437982653888, 0.014503094532315968, 0.01843597180738691, 0.03461213781117598, 0.01432774543566279], [0.8103180838130006, 0.10748795578624497, 0.0144868502874245, 0.018812257753187997, 0.03458819883412982, 0.014306653526011891], [0.8037223918824049, 0.11377664861730037, 0.014471019184715012, 0.019178973565213434, 0.03456486870047881, 0.014286098049887666], [0.7395517262642062, 0.16362107626496275, 0.014455585660844376, 0.022664958496422815, 0.04544059451408442, 0.01426605879947933], [0.47243799431516936, 0.4110272367879935, 0.014394448875154463, 0.025953842051539763, 0.06199980061121268, 0.014186677358930177], [0.12202386645779378, 0.46804025911918673, 0.01411768040326166, 0.03535036457229089, 0.34599459248735687, 0.014473236960109957], [0.1277693092065817, 0.458660546593843, 0.014106678117593842, 0.038049831949654715, 0.3469506588864863, 0.01446297524584034], [0.21837748451460148, 0.5850205066719536, 0.016942521648970206, 0.03061640328662501, 0.13437837221512788, 0.014664711662721753], [0.39728431293146566, 0.47007611044821557, 0.01436760306746644, 0.03478964497547762, 0.06933050844659154, 0.01415182013078296], [0.604108862395587, 0.2649406801594153, 0.014425852909037432, 0.03668145779407189, 0.06561569364670475, 0.014227453095183773], [0.4761956934518769, 0.41002234470405846, 0.014394448875154463, 0.026047499327661205, 0.05915333628231876, 0.014186677358930177], [0.08502669416783097, 0.3684035803171813, 0.014069670507136561, 0.025044644360782076, 0.49302695200403124, 0.014428458643038015], [0.7414845921147444, 0.15919168249728993, 0.014408357752035677, 0.027637616778265935, 0.04307301388583821, 0.01420473697182595], [0.05358318843741478, 0.031027272793382424, 0.013015092082537951, 0.013855888373784202, 0.026242253249704577, 0.8622763050631761], [0.05322346249325419, 0.030904913473646337, 0.013082283504227379, 0.013914231696348265, 0.026170248965641303, 0.8627048598668825], [0.05358318843741478, 0.031027272793382424, 0.013015092082537951, 0.013855888373784202, 0.026242253249704577, 0.8622763050631761], [0.12268594575835759, 0.20343152241255055, 0.014123773044088347, 0.2631027686676916, 0.38217707061621015, 0.014478919501101757], [0.48838374854162153, 0.38407804331610135, 0.016942521648970206, 0.027233735537307818, 0.06869723929327747, 0.014664711662721755], [0.41221344687599837, 0.44933906137524654, 0.014326859494219382, 0.031004879681268423, 0.07901683485632534, 0.014098917716942036], [0.6009723923676205, 0.25286782834765237, 0.014425852909037432, 0.03160880922899423, 0.08589766405151167, 0.014227453095183772], [0.41059488388848414, 0.24831240531462023, 0.014425852909037432, 0.03160880922899423, 0.2808305955636802, 0.014227453095183772], [0.677354182093807, 0.19835056334701806, 0.014394448875154463, 0.027318562360737972, 0.0683955659643522, 0.014186677358930177], [0.7399351363696898, 0.15533413407366237, 0.014408357752035677, 0.025396011042254668, 0.050721623790531564, 0.01420473697182595], [0.06117835082197334, 0.09118775822807608, 0.013454564733609675, 0.020324325985026856, 0.8001082988959676, 0.013746701335346513], [0.8195935085666748, 0.09741463745529548, 0.013630220395997652, 0.02151001255146094, 0.03439779366907371, 0.013453827361497315], [0.07734883202317787, 0.12548885655125877, 0.013434188146634232, 0.023996168085597687, 0.7460046292151753, 0.013727325978156154], [0.8209231415583237, 0.09817129828677595, 0.013667322609051494, 0.018755008753412093, 0.034981227044822344, 0.013502001747614274], [0.8285256466112435, 0.09648109675151308, 0.01364142242837611, 0.01750908786579896, 0.030374373999245648, 0.013468372343822529], [0.8130331821556963, 0.10353434677289025, 0.014503094532315968, 0.01843597180738691, 0.03616565929604758, 0.01432774543566279], [0.809044324153551, 0.10433976236662047, 0.01443720755091379, 0.02020486167374226, 0.03773164802590199, 0.014242196229270618], [0.8032411742105943, 0.10985550997297294, 0.014422606441579262, 0.020558099801025572, 0.03769937176835265, 0.014223237805475339], [0.7355314217827574, 0.12078673100214504, 0.05489663160850282, 0.026348498812342393, 0.04838047989771644, 0.014056236896535838], [0.10976371577414833, 0.18973852055214543, 0.014038433226939283, 0.2581617099596978, 0.41389829652146276, 0.014399323965606215], [0.5898446569864554, 0.2639167452121135, 0.018696865694617617, 0.03973594351986317, 0.07369087867553144, 0.01411490991141882], [0.6781615478556824, 0.20105732689613126, 0.014351775602022797, 0.03202556126325591, 0.06027251900553734, 0.01413126937737026], [0.09072321002724197, 0.1474474036308419, 0.01416603115471922, 0.029966631857822314, 0.7031783901400666, 0.014518333189308036], [0.06800732255062228, 0.07784517859893124, 0.026070906810811055, 0.017744109906994127, 0.7958878558754343, 0.014444626257206996], [0.9091691756075196, 0.02779550878801773, 0.012653219318355495, 0.013360051046920373, 0.023772889194559076, 0.013249156044627848]], [[0.9091691756075196, 0.02779550878801773, 0.012653219318355495, 0.013360051046920373, 0.023772889194559076, 0.013249156044627848], [0.8392797455272719, 0.07022839146833505, 0.02681881227921673, 0.01836914724788233, 0.030969364621058287, 0.014334538856235618], [0.837859387949069, 0.0820980365812163, 0.014519768305781021, 0.017293219238841466, 0.03388019286977538, 0.014349395055316651], [0.8121966705869196, 0.10592437982653888, 0.014503094532315968, 0.01843597180738691, 0.03461213781117598, 0.01432774543566279], [0.8103180838130006, 0.10748795578624497, 0.0144868502874245, 0.018812257753187997, 0.03458819883412982, 0.014306653526011891], [0.7943114544743894, 0.11853744343156665, 0.01442260644157926, 0.02055809980102557, 0.03794715804596366, 0.014223237805475337], [0.7326428563561191, 0.16244662830140238, 0.014455585660844376, 0.022664958496422815, 0.05352391238573181, 0.01426605879947933], [0.47211449343025497, 0.19834699839398653, 0.014394448875154463, 0.025953842051539763, 0.2750035398901341, 0.014186677358930177], [0.40614576099413324, 0.23338821953645705, 0.014339176118353118, 0.031070011794285937, 0.3009419216453517, 0.01411490991141882], [0.39632024447312975, 0.24721818279247626, 0.014367603067466442, 0.029071057643770472, 0.298871091892374, 0.014151820130782962], [0.12521379949981512, 0.46059483527509715, 0.014018248504970115, 0.03971174849844248, 0.3460808703305514, 0.014380497891123792], [0.6694962126259781, 0.21453483510335009, 0.014351775602022797, 0.028378152494057507, 0.05910775479722113, 0.01413126937737026], [0.7315230804300735, 0.17063956147807133, 0.014455585660844376, 0.022758615772544268, 0.046357097858987145, 0.01426605879947933], [0.5334139945140799, 0.36591863630649996, 0.014408357752035677, 0.024124948009177905, 0.04792932644638067, 0.01420473697182595], [0.6774631144083176, 0.20875492374761767, 0.014394448875154463, 0.026047499327661205, 0.05915333628231876, 0.014186677358930177], [0.44103490076978075, 0.4236724914116249, 0.014425852909037432, 0.03026691746944077, 0.07637238434493232, 0.014227453095183772], [0.6072521300318462, 0.2501751987345127, 0.014402377262679483, 0.030619323252182827, 0.08335164039897001, 0.014199330319808693], [0.552219036126475, 0.30464296831449034, 0.018122428889910686, 0.030287050121188847, 0.0792985490158568, 0.01542996753207846], [0.13220694217526754, 0.4519588769318863, 0.01416603115471922, 0.04410477518513925, 0.34304504136367964, 0.014518333189308036], [0.1202010693024972, 0.22283393830683657, 0.01416603115471922, 0.03659462799513033, 0.5916860000515087, 0.014518333189308036], [0.20781676894740847, 0.20595526001888054, 0.014126206166964028, 0.025326263434535454, 0.5322943125834044, 0.014481188848807036], [0.4051713581866123, 0.24997339010166061, 0.014380867798048244, 0.028902246365761365, 0.28740309417894494, 0.014169043368972496], [0.610666999103377, 0.23969421323766674, 0.014367603067466442, 0.02869528984899749, 0.0924240746117092, 0.01415182013078296], [0.1300023141658204, 0.25384928841673876, 0.014040945676223757, 0.033306049220923686, 0.554399735220088, 0.014401667300205276], [0.6783280676257966, 0.19929242516986467, 0.014351775602022797, 0.031960036056719106, 0.06193642616822659, 0.014131269377370262], [0.08509797401463808, 0.2962236248244995, 0.013454564733609675, 0.025452587020803774, 0.5660245480711024, 0.013746701335346511], [0.6008255653531931, 0.13326092878118279, 0.01365550728204856, 0.1892690331540587, 0.0495023049803936, 0.013486660449123226], [0.3893336347943538, 0.17402493098423163, 0.01364397373518501, 0.027125211256125666, 0.382400564209511, 0.013471685020592955], [0.5992091386237983, 0.3016682490989031, 0.01365550728204856, 0.023685429239140292, 0.048295015306986586, 0.013486660449123226], [0.059324016857565366, 0.10166684032754669, 0.013454564733609675, 0.017998595516686262, 0.7938092812292454, 0.013746701335346511], [0.8043923362292505, 0.11185403645560968, 0.014391372127584002, 0.019055581934270142, 0.03612399081576967, 0.014182682437515956], [0.0702148522961155, 0.1179700750199, 0.014089472056216157, 0.019649500434858747, 0.7636291728566486, 0.014446927336260998], [0.09727867601154894, 0.14166722297028028, 0.014087004911991403, 0.02727911304309607, 0.7052433568058764, 0.014444626257206996], [0.48752769796510304, 0.3977599929322936, 0.014351775602022797, 0.029785192723744622, 0.0564440713994657, 0.014131269377370262], [0.6032859615758817, 0.25595358495960757, 0.016663277225694183, 0.0401198352579378, 0.0698624310694598, 0.01411490991141882], [0.40285349674331206, 0.25857951835872534, 0.014411526228788992, 0.23878040778614593, 0.07116619988645878, 0.014208850996568767], [0.6131235856020203, 0.2475041680374517, 0.014425852909037432, 0.03877166906287332, 0.07194727129343349, 0.014227453095183773], [0.6956644120057109, 0.18986527617446555, 0.014351775602022797, 0.02954319544096476, 0.0564440713994657, 0.014131269377370262], [0.7453384007496602, 0.11554745074771237, 0.05032893289603279, 0.026348498812342393, 0.04838047989771644, 0.014056236896535838], [0.9091691756075196, 0.02779550878801773, 0.012653219318355495, 0.013360051046920373, 0.023772889194559076, 0.013249156044627848]], [[0.9091691756075196, 0.02779550878801773, 0.012653219318355495, 0.013360051046920373, 0.023772889194559076, 0.013249156044627848], [0.854434210853183, 0.06178847569767932, 0.017611348188522336, 0.017292298514776296, 0.03460578244262394, 0.014267884303215104], [0.837859387949069, 0.0820980365812163, 0.014519768305781021, 0.017293219238841466, 0.03388019286977538, 0.014349395055316651], [0.837859387949069, 0.0820980365812163, 0.014519768305781021, 0.017293219238841466, 0.03388019286977538, 0.014349395055316651], [0.8048100967942093, 0.1104221110189507, 0.01445217431861329, 0.01984277733668754, 0.03621121109905146, 0.014261629432487695], [0.07497943830177171, 0.11791561221745991, 0.013979989608086017, 0.020720649082230973, 0.7580594965636086, 0.014344814226842681], [0.5923310478537812, 0.3188169038365051, 0.01442260644157926, 0.02055809980102557, 0.03964810426163358, 0.014223237805475337], [0.7342329690357282, 0.15386649121270668, 0.014408357752035677, 0.02403129073305646, 0.059256154294647, 0.01420473697182595], [0.10561532111792885, 0.4150938460406651, 0.01405846710558687, 0.029664251609119667, 0.42115010477656484, 0.014418009350134544], [0.4063872715007696, 0.23984075024637158, 0.014339176118353118, 0.031070011794285937, 0.29424788042880085, 0.01411490991141882], [0.46387558120054556, 0.4087835367955991, 0.014351775602022797, 0.028378152494057507, 0.07047968453040467, 0.01413126937737026], [0.08457105870728132, 0.155878214103454, 0.014106678117593842, 0.025005454513333924, 0.7059756193124964, 0.01446297524584034], [0.5793490536235818, 0.33180572870389585, 0.01442260644157926, 0.024053523141986666, 0.036145850283481044, 0.014223237805475337], [0.7796592325086104, 0.13149554981886732, 0.01442260644157926, 0.024053523141986666, 0.036145850283481044, 0.014223237805475337], [0.07591328339738418, 0.15785025993588167, 0.013979989608086017, 0.023679962556791126, 0.7142316902750142, 0.014344814226842681], [0.0467074947368421, 0.027780139435545387, 0.012665570404271548, 0.01337110816170862, 0.023764883905415715, 0.8757108033562165], [0.053005831635388745, 0.030830887220732794, 0.013122933690795353, 0.013949528865058087, 0.026126687042001787, 0.8629641315460232], [0.046915275997233115, 0.027843903466297747, 0.012614328491276612, 0.013325234647605872, 0.023798096072553995, 0.8755031613250327], [0.6786923693740098, 0.19939110459111173, 0.015013988275714743, 0.03356844370695887, 0.05859141594872186, 0.014742678103482853], [0.40947411178451393, 0.20317884299161662, 0.014160035772307672, 0.031467839074240216, 0.3272064290171208, 0.014512741360200714], [0.6098436390376186, 0.24127909543056414, 0.014339176118353118, 0.03508589002525135, 0.08533728947679374, 0.01411490991141882], [0.606953427718092, 0.24798510564365137, 0.014411526228788992, 0.0319406762048673, 0.08450041320803132, 0.014208850996568767], [0.45667328386413975, 0.35488122351724277, 0.016942521648970206, 0.03516289798186113, 0.12167536132506454, 0.014664711662721756], [0.4149186201169991, 0.24052072165480867, 0.014326859494219382, 0.031004879681268423, 0.2851300013357624, 0.014098917716942036], [0.6205154123122893, 0.24061721678974815, 0.014380867798048244, 0.028374382136968156, 0.08194307759397339, 0.014169043368972496], [0.2646904221845218, 0.33947318853268066, 0.013454564733609675, 0.027746976870585326, 0.34088814634325587, 0.013746701335346511], [0.7163444579733933, 0.17173379079842557, 0.01364397373518501, 0.027324182433373805, 0.057481910039029284, 0.013471685020592955], [0.5036263154129601, 0.3707359724258111, 0.013670014651327054, 0.028520005936262638, 0.06994219441501436, 0.013505497158624875], [0.5517550817543677, 0.3416780885644826, 0.013608588117806379, 0.026293562021551566, 0.05323894003911459, 0.013425739502677047], [0.08176561158579557, 0.4686487434203249, 0.013454564733609675, 0.025452587020803774, 0.39693179190411954, 0.013746701335346513], [0.7942493276917105, 0.11884735649185654, 0.01442260644157926, 0.02055809980102557, 0.03769937176835265, 0.014223237805475337], [0.7460754966246099, 0.15505223198829754, 0.014408357752035679, 0.022853884976101142, 0.04740529168712973, 0.01420473697182595], [0.6922043384022721, 0.19576145575788845, 0.014351775602022797, 0.027107089460980754, 0.056444071399465716, 0.014131269377370262], [0.35230912545450394, 0.23671503410731606, 0.014087004911991403, 0.04940788010556516, 0.33303632916341636, 0.014444626257206996], [0.14602775505011328, 0.2390805047032144, 0.014109127028943555, 0.257448467234434, 0.3288688866640082, 0.014465259319286635], [0.4484525337733077, 0.3844842198982711, 0.016942521648970206, 0.030524330673329984, 0.10493168234339927, 0.014664711662721753], [0.6117029551266776, 0.2534146048296127, 0.014326859494219382, 0.036630533528346595, 0.06982612930420158, 0.014098917716942036], [0.1280303284593407, 0.24597478901058673, 0.014038433226939285, 0.037982965569240634, 0.5595741597682864, 0.014399323965606215], [0.647223183278783, 0.14540286732421157, 0.09797676503526842, 0.03699754469077079, 0.0583877297277252, 0.014011909943240817], [0.9091691756075196, 0.02779550878801773, 0.012653219318355495, 0.013360051046920373, 0.023772889194559076, 0.013249156044627848]], [[0.9091691756075196, 0.02779550878801773, 0.012653219318355495, 0.013360051046920373, 0.023772889194559076, 0.013249156044627848], [0.0683484265685214, 0.060549110492811975, 0.018447381554648652, 0.0177324896256397, 0.8205127400537523, 0.014409851704625994], [0.8099888566113468, 0.10524335120181322, 0.01445217431861329, 0.01984277733668754, 0.03621121109905146, 0.014261629432487695], [0.8362020371594077, 0.08375538737087755, 0.014519768305781021, 0.017293219238841466, 0.03388019286977538, 0.014349395055316651], [0.8319939745531687, 0.08796344997711664, 0.014519768305781023, 0.017293219238841466, 0.03388019286977538, 0.014349395055316651], [0.6017605536956379, 0.31347165411752215, 0.01445217431861329, 0.01984277733668754, 0.03621121109905146, 0.014261629432487695], [0.7985872570212, 0.1192187825780456, 0.0144868502874245, 0.018812257753187997, 0.03458819883412982, 0.014306653526011891], [0.8008803570938231, 0.1146556077132736, 0.014471019184715012, 0.019178973565213434, 0.036527944393087285, 0.014286098049887666], [0.7312246275427696, 0.16121590711780365, 0.01434861123534828, 0.022933207972300123, 0.05615048544252786, 0.014127160689250429], [0.11522652468422509, 0.3984385246285823, 0.01414317539556952, 0.029802785135906208, 0.4278919742887262, 0.014497015866990605], [0.7329054101449873, 0.1637486752695963, 0.014364667802506418, 0.02295122362299349, 0.05188201424619833, 0.01414800891371797], [0.07015109758093792, 0.10501448598299855, 0.01416603115471922, 0.022450617377824146, 0.7736994347142122, 0.014518333189308036], [0.7856394294344734, 0.12866504139429716, 0.014391372127584002, 0.02255100527523124, 0.03457046933089807, 0.014182682437515956], [0.7867022185197533, 0.12473996614432853, 0.014437207550913787, 0.023700285014703358, 0.03617812654103038, 0.014242196229270617], [0.7396297145907467, 0.17909852536433474, 0.014384733721397595, 0.021323173646747032, 0.03138000457672161, 0.014183848100052392], [0.0467074947368421, 0.027780139435545387, 0.012665570404271548, 0.01337110816170862, 0.023764883905415715, 0.8757108033562165], [0.0467074947368421, 0.027780139435545387, 0.012665570404271548, 0.01337110816170862, 0.023764883905415715, 0.8757108033562165], [0.6306605471787777, 0.2610396076551007, 0.014380867798048244, 0.03013780488435349, 0.04961212911474737, 0.014169043368972498], [0.11249255542724536, 0.4140035029360836, 0.014145590660722029, 0.03615559790152406, 0.4087034845154366, 0.014499268558988311], [0.6017717240733087, 0.26601018148019817, 0.014339176118353118, 0.036404707387918456, 0.0673593010288027, 0.01411490991141882], [0.6069534277180921, 0.2573665072205003, 0.014411526228788994, 0.0319406762048673, 0.07511901163118244, 0.014208850996568769], [0.5958024286753646, 0.2606113302182833, 0.014425852909037432, 0.027927086994510464, 0.0870058481076204, 0.014227453095183772], [0.39698185175258605, 0.25564746443358577, 0.014367603067466442, 0.0292231540777907, 0.28962810653778803, 0.014151820130782962], [0.13288932699806758, 0.24967356745159694, 0.014060960818422733, 0.033254112529155534, 0.5557016969933091, 0.014420335209448208], [0.6634792618356317, 0.2078173494810557, 0.014351775602022797, 0.029649215527134273, 0.0705711281767851, 0.01413126937737026], [0.26411897915224203, 0.17470486558196216, 0.013454564733609675, 0.03081369442839115, 0.5031611947684484, 0.013746701335346511], [0.5069433015123568, 0.2094632860087786, 0.013632712007110213, 0.026043498836347642, 0.2304601391074353, 0.0134570625279715], [0.666714868223116, 0.2134949838006472, 0.013621712600536687, 0.025502545852014998, 0.06722310888392762, 0.013442780639757408], [0.2859446268380486, 0.38398556844142023, 0.013454564733609675, 0.029305504897719124, 0.2735630337538558, 0.013746701335346511], [0.09626545534937216