{"round_id": "c5cdf100-a876-4fb7-b5d8-757162c97989", "seed_index": 1, "prediction": [[[0.9142948462177889, 0.01403973399833749, 0.012273815461346633, 0.012453532834580217, 0.032534995843724025, 0.014403075644222777], [0.9142760995850623, 0.01404863070539419, 0.012285643153526971, 0.012465062240663901, 0.032513195020746885, 0.014411369294605809], [0.9142760995850623, 0.01404863070539419, 0.012285643153526971, 0.012465062240663901, 0.032513195020746885, 0.014411369294605809], [0.9142760995850623, 0.01404863070539419, 0.012285643153526971, 0.012465062240663901, 0.032513195020746885, 0.014411369294605809], [0.9142760995850623, 0.01404863070539419, 0.012285643153526971, 0.012465062240663901, 0.032513195020746885, 0.014411369294605809], [0.9142948462177889, 0.01403973399833749, 0.012273815461346633, 0.012453532834580217, 0.032534995843724025, 0.014403075644222777], [0.9142948462177889, 0.01403973399833749, 0.012273815461346633, 0.012453532834580217, 0.032534995843724025, 0.014403075644222777], [0.9142948462177889, 0.01403973399833749, 0.012273815461346633, 0.012453532834580217, 0.032534995843724025, 0.014403075644222777], [0.9142948462177889, 0.01403973399833749, 0.012273815461346633, 0.012453532834580217, 0.032534995843724025, 0.014403075644222777], [0.9142948462177889, 0.01403973399833749, 0.012273815461346633, 0.012453532834580217, 0.032534995843724025, 0.014403075644222777], [0.9142948462177889, 0.01403973399833749, 0.012273815461346633, 0.012453532834580217, 0.032534995843724025, 0.014403075644222777], [0.9142948462177889, 0.01403973399833749, 0.012273815461346633, 0.012453532834580217, 0.032534995843724025, 0.014403075644222777], [0.9142948462177889, 0.01403973399833749, 0.012273815461346633, 0.012453532834580217, 0.032534995843724025, 0.014403075644222777], [0.9143325271059215, 0.014021851542952461, 0.012250041701417849, 0.012430358632193494, 0.03257881567973311, 0.014386405337781485], [0.9144639949377767, 0.013959460029529636, 0.012167095549462138, 0.012349504323982283, 0.03273170217253744, 0.014328242986711665], [0.9062212777332264, 0.014766586474204757, 0.012495108259823577, 0.012726276396685377, 0.03855680299385191, 0.015233948142207965], [0.9062693434617469, 0.01469744981009224, 0.012392078133478025, 0.01262669560499186, 0.038842647856755286, 0.01517178513293543], [0.9062835967302453, 0.014676948228882835, 0.012361525885558583, 0.01259716621253406, 0.03892741144414169, 0.015153351498637602], [0.9062835967302453, 0.014676948228882835, 0.012361525885558583, 0.01259716621253406, 0.03892741144414169, 0.015153351498637602], [0.9062835967302453, 0.014676948228882835, 0.012361525885558583, 0.01259716621253406, 0.03892741144414169, 0.015153351498637602], [0.9062835967302453, 0.014676948228882835, 0.012361525885558583, 0.01259716621253406, 0.03892741144414169, 0.015153351498637602], [0.9062835967302453, 0.014676948228882835, 0.012361525885558583, 0.01259716621253406, 0.03892741144414169, 0.015153351498637602], [0.9029503812316717, 0.015033548387096776, 0.01254158357771261, 0.012795190615835776, 0.041133020527859235, 0.015546275659824046], [0.9029506129597196, 0.015053940455341504, 0.012573613543490951, 0.012826036193812024, 0.041031523642732035, 0.015564273204903674], [0.9062212777332264, 0.014766586474204757, 0.012495108259823577, 0.012726276396685377, 0.03855680299385191, 0.015233948142207965], [0.9144639949377767, 0.013959460029529636, 0.012167095549462138, 0.012349504323982283, 0.03273170217253744, 0.014328242986711665], [0.9143325271059215, 0.014021851542952461, 0.012250041701417849, 0.012430358632193494, 0.03257881567973311, 0.014386405337781485], [0.9142948462177889, 0.01403973399833749, 0.012273815461346633, 0.012453532834580217, 0.032534995843724025, 0.014403075644222777], [0.9142948462177889, 0.01403973399833749, 0.012273815461346633, 0.012453532834580217, 0.032534995843724025, 0.014403075644222777], [0.9122554481546573, 0.014270474516695959, 0.012403690685413006, 0.012593673110720563, 0.033822144112478025, 0.014654569420035148], [0.9142948462177889, 0.01403973399833749, 0.012273815461346633, 0.012453532834580217, 0.032534995843724025, 0.014403075644222777], [0.9142948462177889, 0.01403973399833749, 0.012273815461346633, 0.012453532834580217, 0.032534995843724025, 0.014403075644222777], [0.9142948462177889, 0.01403973399833749, 0.012273815461346633, 0.012453532834580217, 0.032534995843724025, 0.014403075644222777], [0.9142948462177889, 0.01403973399833749, 0.012273815461346633, 0.012453532834580217, 0.032534995843724025, 0.014403075644222777], [0.9142760995850623, 0.01404863070539419, 0.012285643153526971, 0.012465062240663901, 0.032513195020746885, 0.014411369294605809], [0.9142760995850623, 0.01404863070539419, 0.012285643153526971, 0.012465062240663901, 0.032513195020746885, 0.014411369294605809], [0.9142760995850623, 0.01404863070539419, 0.012285643153526971, 0.012465062240663901, 0.032513195020746885, 0.014411369294605809], [0.9142760995850623, 0.01404863070539419, 0.012285643153526971, 0.012465062240663901, 0.032513195020746885, 0.014411369294605809], [0.9142760995850623, 0.01404863070539419, 0.012285643153526971, 0.012465062240663901, 0.032513195020746885, 0.014411369294605809], [0.9142948462177889, 0.01403973399833749, 0.012273815461346633, 0.012453532834580217, 0.032534995843724025, 0.014403075644222777]], [[0.9142760995850623, 0.01404863070539419, 0.012285643153526971, 0.012465062240663901, 0.032513195020746885, 0.014411369294605809], [0.8815470433884699, 0.02461628713766711, 0.013823891194528622, 0.015299691820404509, 0.048277381560580104, 0.01643570489834991], [0.8711090482711114, 0.02271635479806984, 0.013966880437681536, 0.015487364607611695, 0.06010411743877354, 0.016616234446752157], [0.9142878089304257, 0.01404307372793354, 0.012278255451713394, 0.01245786085150571, 0.032526812045690544, 0.014406188992731047], [0.10688572508584407, 0.019608990337728466, 0.012774375657930829, 0.015284909624326888, 0.8300459139335209, 0.015400085360648741], [0.8741275158368056, 0.027321856614173495, 0.01962166068504792, 0.01631552740480035, 0.04621088550268776, 0.016402553956484982], [0.8824656410142658, 0.02629918361420938, 0.019507265386363527, 0.016081045660059974, 0.04031712105467309, 0.015329743270428202], [0.8777766637637517, 0.02597801613835614, 0.020375850968066767, 0.01703403193999328, 0.04345242139443859, 0.015383015795393418], [0.8710812046249361, 0.030810615431794593, 0.020028189878447643, 0.017746995899111086, 0.04501479327569159, 0.015318200890019073], [0.8670945323065383, 0.034352279198599144, 0.019978549413663605, 0.020046680806190945, 0.04337612940324279, 0.015151828871765177], [0.8568801202295006, 0.030525872415117138, 0.021547710999038277, 0.02041076473896688, 0.055437701265910466, 0.015197830351466716], [0.8609808943626984, 0.03194419193914491, 0.022686099038060566, 0.022904735884100816, 0.046342234721529714, 0.015141844054465618], [0.865210086781556, 0.030525872415117138, 0.021547710999038277, 0.022288886617088756, 0.0452296128357332, 0.015197830351466716], [0.8701256589836723, 0.02900292496131554, 0.02035379183616124, 0.020303303006637703, 0.04495777352486722, 0.015256547687345912], [0.8701256589836723, 0.02900292496131554, 0.02035379183616124, 0.020303303006637703, 0.04495777352486722, 0.015256547687345912], [0.8489390451996138, 0.037708728588058266, 0.023209986340307513, 0.024254711012547926, 0.049837693973709504, 0.016049834885762986], [0.8545117093525133, 0.036001934176405154, 0.02184176403447216, 0.021922617056309584, 0.04960818676069477, 0.01611378861960515], [0.8610040801845932, 0.033983082832505854, 0.02238926815265095, 0.018889205537990256, 0.04755356228197666, 0.01618080101028324], [0.10697427799658855, 0.019609706364581495, 0.015919436179018136, 0.015270810813617943, 0.826839387489877, 0.015386381156316915], [0.8610040801845932, 0.033983082832505854, 0.02238926815265095, 0.018889205537990256, 0.04755356228197666, 0.01618080101028324], [0.8654106534975085, 0.031386181989225076, 0.022897479946556713, 0.018059722430693197, 0.04602720572023616, 0.01621875641578038], [0.8396345033312858, 0.03714205468261564, 0.021223445987240054, 0.018565585057609628, 0.06590453790681035, 0.017529873034438398], [0.1425307560833046, 0.02288484713272598, 0.0178310167026436, 0.016942723313664455, 0.7827096597002128, 0.01710099706744868], [0.8537690250497564, 0.03205419123177326, 0.021985025638071344, 0.017661758570574518, 0.056754440619358366, 0.01777555889046598], [0.8476248057872802, 0.03129342709586246, 0.023279281958390706, 0.019158686864046433, 0.0607529582661327, 0.01789084002828764], [0.8653000268733683, 0.03142145769825369, 0.022907773139588417, 0.018055777951826203, 0.04610557042069513, 0.016209393916268276], [0.11689112033817389, 0.02022557252982377, 0.015116959519428402, 0.017591063024482434, 0.8147171563020768, 0.015458128286014722], [0.8586270854895949, 0.03327062281021685, 0.020581981879191233, 0.017817048680399704, 0.05358911135770125, 0.016114149782895992], [0.8662783227191195, 0.026910335839204054, 0.023024758086895743, 0.017456819330807956, 0.0498606552467486, 0.016469108777224087], [0.8658673402467163, 0.02474833679753697, 0.02628047614043992, 0.01651805658903146, 0.05003133938161706, 0.016554450844658314], [0.6771332024731139, 0.026663002739551987, 0.21519199954552531, 0.01631552740480035, 0.04829371388052349, 0.016402553956484982], [0.8550259306360437, 0.028683745767137336, 0.034688066771862286, 0.01721651061733258, 0.04806082265848514, 0.01632492354913886], [0.856590651872762, 0.028302609260523123, 0.02858960272485407, 0.018347440393518995, 0.05178155252227323, 0.016388143226068536], [0.8630736398769983, 0.026251481964582546, 0.02480546642580275, 0.017456819330807956, 0.051943483624584334, 0.016469108777224087], [0.8526501418067644, 0.02520924497488372, 0.023748378301876254, 0.017436862119994623, 0.06451636539630907, 0.01643900740017189], [0.9142760995850623, 0.01404863070539419, 0.012285643153526971, 0.012465062240663901, 0.032513195020746885, 0.014411369294605809], [0.9142760995850623, 0.01404863070539419, 0.012285643153526971, 0.012465062240663901, 0.032513195020746885, 0.014411369294605809], [0.10042589798140487, 0.017356518343232142, 0.01275167544605222, 0.015270810813617943, 0.8388087162593758, 0.015386381156316915], [0.8816819393638096, 0.024583487176625396, 0.0138589537105974, 0.015325474516985491, 0.048095800875856264, 0.01645434435612595], [0.9142760995850623, 0.01404863070539419, 0.012285643153526971, 0.012465062240663901, 0.032513195020746885, 0.014411369294605809]], [[0.9142760995850623, 0.01404863070539419, 0.012285643153526971, 0.012465062240663901, 0.032513195020746885, 0.014411369294605809], [0.1057571300619412, 0.01779023597798052, 0.012913905744458927, 0.015581561564534194, 0.8322532210728538, 0.015703945578231293], [0.9082165091994031, 0.01464624564893088, 0.012533465937344604, 0.012748483341621084, 0.036774341123818985, 0.015080954748881152], [0.8761758807346364, 0.02657235437137148, 0.01783036865227572, 0.01651805658903146, 0.046348888808026616, 0.016554450844658314], [0.8684313037133509, 0.0304656674720759, 0.013781891280146891, 0.017565350640474885, 0.053471585929501464, 0.01628420096444993], [0.8706886145564655, 0.031210690586821042, 0.013875373943112055, 0.018265939883953752, 0.04953495607074988, 0.016424424958897673], [0.09309394977006549, 0.020513907314108494, 0.012432155967030664, 0.014506999382644763, 0.8448508006172969, 0.014602186948853617], [0.8638909667425093, 0.039665186171516494, 0.013233227502736599, 0.01867587388642348, 0.049169734041802346, 0.015365011655011654], [0.8547402702292082, 0.043518485493494505, 0.013142890938715826, 0.018779302949230414, 0.05458954358037059, 0.015229506808980492], [0.10791894971261462, 0.03197599068666573, 0.012493063694591584, 0.018409439154737334, 0.8145584308772649, 0.014644125874125873], [0.8483694490097133, 0.04737219505962857, 0.013186838456347556, 0.022285129537577324, 0.05349095985130518, 0.015295428085428086], [0.5024821022100868, 0.09993512942856887, 0.018877412587412587, 0.02706236971759885, 0.33514515388850064, 0.01649783216783217], [0.8502831074114355, 0.04427752845302563, 0.013186838456347556, 0.02230273174085592, 0.05465436585290747, 0.015295428085428088], [0.842538542938069, 0.05210306107510997, 0.01328226735177645, 0.023343528657514902, 0.053294028548958115, 0.015438571428571428], [0.8509105238776851, 0.04644737596948178, 0.013202020326074879, 0.021518445116347443, 0.05260343382039165, 0.015318200890019071], [0.11428230843600011, 0.03221794208819224, 0.012829063350912988, 0.01653761846268833, 0.8086999671331057, 0.015433100529100529], [0.11396209815652826, 0.03217468389932678, 0.012851239049370147, 0.016547278472094994, 0.8090182123399968, 0.015446488082682976], [0.8430415191080556, 0.04397099731094319, 0.01381825517840123, 0.0220279673742737, 0.06080251421649487, 0.016338746811831437], [0.8529938224008058, 0.039971759162567774, 0.013836942181670819, 0.02029585033824529, 0.05653484859997449, 0.016366777316735824], [0.8430415191080556, 0.04397099731094319, 0.01381825517840123, 0.0220279673742737, 0.06080251421649487, 0.016338746811831437], [0.11809115983510356, 0.02259543360356068, 0.01275167544605222, 0.015517887077824827, 0.8156574628811417, 0.015386381156316915], [0.12761380756737614, 0.025494847252972026, 0.01358652938905162, 0.016981727705511054, 0.7991855989076, 0.01713748917748918], [0.8446584822635423, 0.03405244411847003, 0.014258129746445376, 0.019124397979551833, 0.07039625190088175, 0.01751029399110856], [0.8588704551885379, 0.033145956309621916, 0.014605236397085664, 0.020697867073389314, 0.054674807675783865, 0.018005677355581465], [0.8559084338471589, 0.03574700482033751, 0.014703455126954462, 0.02196916138203401, 0.05367058652061662, 0.018001358302898438], [0.853625929145319, 0.04200671651474971, 0.013825376572900906, 0.02029771281296098, 0.05388379371359821, 0.01636047124047124], [0.12513873772117345, 0.026126626576091265, 0.012926339518987463, 0.015619877534078806, 0.8046965921275673, 0.015491826522101751], [0.11539827461569127, 0.022508243059493515, 0.012933081510740234, 0.015623814341479265, 0.8180406897844057, 0.015495896688189962], [0.8678741653202213, 0.03255588138931264, 0.013764196347514199, 0.01850318207000756, 0.05104491630744342, 0.01625765856550089], [0.8605399997053201, 0.033510935293704754, 0.0177483211700421, 0.017849228886329893, 0.05392708998570538, 0.016424424958897677], [0.09781175638593458, 0.0193837381553372, 0.012870520364471897, 0.01534462386952593, 0.8391312329387156, 0.015458128286014722], [0.101405496117576, 0.02256164819410296, 0.012904670362565662, 0.01536583399573134, 0.8322836065601495, 0.015478744769874478], [0.8421111287847589, 0.03303585266375304, 0.013836942181670819, 0.02090769382151101, 0.0737416052315702, 0.016366777316735824], [0.8587284886316504, 0.028302609260523123, 0.026451765965965574, 0.018347440393518995, 0.05178155252227323, 0.016388143226068536], [0.9142760995850623, 0.01404863070539419, 0.012285643153526971, 0.012465062240663901, 0.032513195020746885, 0.014411369294605809], [0.9142760995850623, 0.01404863070539419, 0.012285643153526971, 0.012465062240663901, 0.032513195020746885, 0.014411369294605809], [0.8685224906596867, 0.024685129096000465, 0.02178049461725904, 0.016313606412941183, 0.052297592049849136, 0.01640068716426357], [0.8644129469322501, 0.033510935293704754, 0.013875373943112055, 0.017849228886329893, 0.053927089985705376, 0.016424424958897673], [0.867653664162635, 0.024089482922915455, 0.023070177721306793, 0.016518056589031455, 0.05211416775945279, 0.016554450844658314], [0.9142948462177889, 0.01403973399833749, 0.012273815461346633, 0.012453532834580217, 0.032534995843724025, 0.014403075644222777]], [[0.9142948462177889, 0.01403973399833749, 0.012273815461346633, 0.012453532834580217, 0.032534995843724025, 0.014403075644222777], [0.8819197344411458, 0.026511955118026162, 0.015896446992212977, 0.015366896041605349, 0.04382067758894403, 0.01648428981806575], [0.8732161541053954, 0.024748336797536963, 0.018931662281760703, 0.016518056589031455, 0.05003133938161705, 0.016554450844658314], [0.8672769612920482, 0.031210690586821042, 0.013875373943112055, 0.018265939883953752, 0.05294660933516717, 0.016424424958897673], [0.1154162627642645, 0.022533132839481586, 0.012816523395475798, 0.015311087044019464, 0.8184974638464957, 0.015425530110262936], [0.8649173991577261, 0.03255588138931264, 0.013764196347514197, 0.01850318207000756, 0.054001682469938396, 0.016257658565500887], [0.8638909667425093, 0.039665186171516494, 0.013233227502736599, 0.01867587388642348, 0.049169734041802346, 0.015365011655011654], [0.8555045852965205, 0.04303517356228041, 0.013217480762219218, 0.020135455025174692, 0.05276591380956952, 0.015341391544235581], [0.09666925206503198, 0.03181379113252963, 0.012493063694591584, 0.018699081215694663, 0.8256806860180261, 0.014644125874125873], [0.8591597568227602, 0.037352163766574895, 0.013128751302608226, 0.019691567753194084, 0.05545946300004348, 0.015208297354819093], [0.8533351784832915, 0.04499529996829225, 0.013265612308706312, 0.02210833869024946, 0.050881981685494015, 0.01541358886396622], [0.8484568503567783, 0.04737219505962858, 0.013186838456347556, 0.022285129537577324, 0.05340355850424033, 0.015295428085428088], [0.1034205926750344, 0.03043785285847877, 0.012432155967030664, 0.015073032573867634, 0.8240341789767349, 0.014602186948853615], [0.8519428149531655, 0.047424927154418595, 0.013202020326074879, 0.024523440121342447, 0.047588596554979365, 0.01531820089001907], [0.8494334096735822, 0.04760148212968914, 0.013265612308706314, 0.022108338690249467, 0.052177568333806705, 0.015413588863966224], [0.43133292894451564, 0.09519098116638494, 0.02053502074688797, 0.030248289374411916, 0.40498165943584935, 0.017711120331950207], [0.8317396209377037, 0.0487991478124981, 0.013696467467437343, 0.022917497294346903, 0.0666912012426284, 0.016156065245385605], [0.8436420094951937, 0.046627438217172586, 0.013895138848996118, 0.023719176668056608, 0.05566216445285704, 0.01645407231772377], [0.8456403481112005, 0.04460490397704477, 0.013915283849224106, 0.021717978234550815, 0.05763719600991392, 0.01648428981806575], [0.8355835110136425, 0.04863300607612719, 0.01379990793882745, 0.02369008105150642, 0.06198226796742558, 0.016311225952470764], [0.8437760616842175, 0.04595905276164224, 0.01381825517840123, 0.022027967374273705, 0.058079916189633936, 0.016338746811831437], [0.8251959225679067, 0.04699068831185131, 0.014353320920988597, 0.02156330313879226, 0.0743996463962451, 0.01749711866421602], [0.12935919156039835, 0.02559315124092319, 0.013492763734036324, 0.01694272331366446, 0.797511173083529, 0.017100997067448682], [0.8455918276840659, 0.03889846671092972, 0.014325509059961595, 0.020522446439890513, 0.06307566375525699, 0.017586086349895357], [0.8288050170217407, 0.0504788402110703, 0.014532872266150451, 0.02278849075320666, 0.06562833406587307, 0.017766445681958808], [0.8436776012713898, 0.04600320746282536, 0.013808975469637143, 0.022032336397339827, 0.05814422195221022, 0.016333657446597573], [0.8364143339392884, 0.04819034444339139, 0.0137129579773691, 0.02207739424803794, 0.06342416838162987, 0.01618080101028324], [0.840741858095515, 0.0463552216229628, 0.01366001408295642, 0.020223580835631604, 0.0628991408628621, 0.01612018450007207], [0.13580362950367458, 0.021905777456933916, 0.01295857351308379, 0.01539931255178336, 0.7984214206674703, 0.015511286307053944], [0.8615984976960059, 0.03485612609619635, 0.013764196347514199, 0.0180864710723837, 0.05543705022239891, 0.01625765856550089], [0.8592925920095319, 0.03485612609619635, 0.016070102033988273, 0.0180864710723837, 0.05543705022239891, 0.01625765856550089], [0.09077491013812972, 0.02250288287083818, 0.012933081510740234, 0.015383479795791667, 0.8429097489963101, 0.01549589668818996], [0.8505360162774562, 0.03627878537589301, 0.01372973779449264, 0.021497317950991003, 0.061752171865198636, 0.01620597073596855], [0.8641977415996508, 0.029149886562181676, 0.024699794773983992, 0.01919353040309448, 0.04644782070861826, 0.016311225952470764], [0.9143585788923719, 0.014009487983281086, 0.012233605015673981, 0.012414336468129571, 0.032609111807732495, 0.014374879832810866], [0.8602092197118093, 0.028624313743923407, 0.025019276949051435, 0.018073347659094866, 0.051822745077264525, 0.01625109685885647], [0.10330689792704226, 0.02035401780171818, 0.012794111560226355, 0.015297167340339531, 0.8328358053706737, 0.015411999999999999], [0.8615984976960059, 0.03485612609619635, 0.013764196347514199, 0.0180864710723837, 0.05543705022239891, 0.01625765856550089], [0.8630736398769983, 0.026251481964582546, 0.02480546642580275, 0.017456819330807956, 0.051943483624584334, 0.016469108777224087], [0.9142948462177889, 0.01403973399833749, 0.012273815461346633, 0.012453532834580217, 0.032534995843724025, 0.014403075644222777]], [[0.9142948462177889, 0.01403973399833749, 0.012273815461346633, 0.012453532834580217, 0.032534995843724025, 0.014403075644222777], [0.8741275158368056, 0.027321856614173495, 0.01962166068504792, 0.01631552740480035, 0.04621088550268776, 0.016402553956484982], [0.8763074241099433, 0.02815676243926688, 0.013978112315281694, 0.018637331542015148, 0.04634183707634082, 0.01657853251715213], [0.869292765463709, 0.03048162100518205, 0.013956758849693492, 0.019662297890248696, 0.05006005447239691, 0.01654650231876983], [0.6615084564749222, 0.04424073367721024, 0.013746814599529873, 0.019513521214686018, 0.2447588880901273, 0.0162315859435244], [0.3077027820192139, 0.023479540131506587, 0.012899230387994948, 0.015604047875511297, 0.6248389389492573, 0.015475460636515915], [0.8577459474883133, 0.041618241907545095, 0.013142890938715826, 0.018779302949230414, 0.05348410990721471, 0.015229506808980492], [0.8523209191933782, 0.0441193169842906, 0.013202020326074879, 0.02106146893744613, 0.05397807366879097, 0.01531820089001907], [0.09666925206503198, 0.03181379113252963, 0.012493063694591584, 0.018699081215694663, 0.8256806860180261, 0.014644125874125873], [0.8513382801915904, 0.04306489451771185, 0.013114855453330068, 0.02042804776493646, 0.05686646849152931, 0.015187453580901854], [0.6322153892850029, 0.09993512942856884, 0.018877412587412587, 0.027062369717598844, 0.20541186681358456, 0.01649783216783217], [0.8400645746050499, 0.05391637888937119, 0.013265612308706314, 0.024142970724881502, 0.053196874608024844, 0.015413588863966224], [0.8532434387950297, 0.04682487258455209, 0.013202020326074879, 0.024523440121342447, 0.04688802728298152, 0.01531820089001907], [0.8384373588421454, 0.05619539011419786, 0.013265612308706314, 0.024142970724881502, 0.052545079146102805, 0.015413588863966224], [0.7032087963928746, 0.19574256993777928, 0.01328226735177645, 0.02130889662288287, 0.05101889826611533, 0.01543857142857143], [0.822862852436658, 0.059070711286359226, 0.013781891280146893, 0.024579033393141554, 0.0634213106392446, 0.01628420096444993], [0.12386014449445039, 0.03213171670521511, 0.0128732655734841, 0.016556873499306783, 0.799118214148397, 0.01545978557914652], [0.8407705385981282, 0.047643506229982376, 0.01381825517840123, 0.022007078452540598, 0.059421874729116225, 0.016338746811831437], [0.8342277793623013, 0.04863300607612719, 0.01379990793882745, 0.02369008105150642, 0.06333799961876677, 0.016311225952470764], [0.11140650336174976, 0.03507049238046867, 0.012774375657930829, 0.015969802538162502, 0.8093787407010394, 0.015400085360648741], [0.8322979916431164, 0.04775405009863582, 0.0137129579773691, 0.02207739424803794, 0.06797680502255758, 0.01618080101028324], [0.1592760135948855, 0.030447450097377565, 0.013272035901536586, 0.016776704463766126, 0.7636177037015226, 0.016610092240911555], [0.14723989783505245, 0.023192081924494307, 0.013245319981761271, 0.01676526775298146, 0.7829595033503972, 0.01659792915531335], [0.15576019703115251, 0.02986464415838637, 0.013272035901536588, 0.016776704463766126, 0.7677163262042468, 0.016610092240911555], [0.15860242105981098, 0.02736373014510205, 0.013410162909855175, 0.016835834699931572, 0.7671148731953773, 0.016672977989923097], [0.3058864819084862, 0.030232348426477457, 0.012947864574618426, 0.017510754745778602, 0.6179177290645063, 0.015504821280133002], [0.1350304480406052, 0.03243214425517913, 0.012958573513083788, 0.017513890422549094, 0.7865536574615287, 0.015511286307053942], [0.1264267718239457, 0.027086063243314994, 0.012958573513083788, 0.01684803810009397, 0.8011692670125075, 0.015511286307053942], [0.32347004990419814, 0.023285144977380275, 0.012958573513083788, 0.01539931255178336, 0.6093756327465004, 0.015511286307053942], [0.13939165243209442, 0.02191569409340168, 0.012933081510740234, 0.015383479795791667, 0.794880195479782, 0.01549589668818996], [0.8421111287847589, 0.03303585266375304, 0.013836942181670819, 0.02090769382151101, 0.0737416052315702, 0.016366777316735824], [0.8487789315207588, 0.035794818100836755, 0.013674319343808864, 0.02130137453950514, 0.06432219800000302, 0.016128358495087466], [0.12136694943887699, 0.059567717610836735, 0.012836009372740775, 0.015323189534798266, 0.7754688401738253, 0.015437293868921776], [0.9143585788923719, 0.014009487983281086, 0.012233605015673981, 0.012414336468129571, 0.032609111807732495, 0.014374879832810866], [0.8409117717808202, 0.03100340525278162, 0.03720042370207858, 0.019998347729276035, 0.05464799079404361, 0.01623806074099971], [0.841056912664088, 0.040097824794457455, 0.013836942181670819, 0.02240461556367538, 0.06623692747937239, 0.016366777316735824], [0.8615984976960059, 0.03485612609619635, 0.013764196347514199, 0.0180864710723837, 0.05543705022239891, 0.01625765856550089], [0.09184628828185216, 0.0225494589139311, 0.012836009372740775, 0.015323189534798266, 0.8420077600277559, 0.015437293868921776], [0.8532210975274731, 0.03256284765182487, 0.02471632850298084, 0.017822631703726097, 0.055551355732823125, 0.016125738881172087], [0.9142948462177889, 0.01403973399833749, 0.012273815461346633, 0.012453532834580217, 0.032534995843724025, 0.014403075644222777]], [[0.9142948462177889, 0.01403973399833749, 0.012273815461346633, 0.012453532834580217, 0.032534995843724025, 0.014403075644222777], [0.10641529324341883, 0.019608367813318213, 0.015941652543832913, 0.015297167340339531, 0.8273255190590905, 0.015411999999999999], [0.8678741653202213, 0.03255588138931264, 0.013764196347514199, 0.01850318207000756, 0.05104491630744342, 0.01625765856550089], [0.8516738004623232, 0.04239296999357129, 0.013935820014505065, 0.020756468480802447, 0.05472584698281075, 0.01651509406598719], [0.8395543626837553, 0.047087123898873, 0.013915283849224105, 0.02201663857835638, 0.06094230117172527, 0.01648428981806575], [0.831599737023763, 0.04950466554361383, 0.01368025884656425, 0.020220676089945766, 0.06886291018203729, 0.016131752314075966], [0.10101479905198169, 0.03291856870789544, 0.012493063694591584, 0.01663682974167848, 0.8222926129297269, 0.014644125874125875], [0.8503844842585859, 0.04274779259173896, 0.013186838456347556, 0.02184575556195461, 0.05653970104594491, 0.015295428085428088], [0.6632598247346944, 0.09400421823449978, 0.018877412587412587, 0.02706236971759885, 0.18029834255796234, 0.01649783216783217], [0.10791894971261462, 0.03197599068666573, 0.012493063694591584, 0.018409439154737334, 0.8145584308772649, 0.014644125874125873], [0.8577847279994321, 0.04052334682384398, 0.013114855453330068, 0.02088502394383777, 0.05250459219865423, 0.015187453580901854], [0.843237527211714, 0.05210306107510997, 0.01328226735177645, 0.023343528657514902, 0.05259504427531321, 0.015438571428571428], [0.8508221493117208, 0.04737219505962858, 0.013186838456347556, 0.022285129537577324, 0.05103825954929772, 0.015295428085428088], [0.6529850291279187, 0.08421698980956718, 0.018877412587412587, 0.029782408299706395, 0.197640328007563, 0.01649783216783217], [0.8478679928978983, 0.05032635147345119, 0.013186838456347556, 0.022285129537577324, 0.05103825954929772, 0.015295428085428088], [0.830549091359537, 0.055294419920297176, 0.01379990793882745, 0.023669192129773312, 0.06037616269909415, 0.016311225952470764], [0.31195753619123456, 0.02667054642679193, 0.012926339518987463, 0.017212350428157202, 0.6157414009127271, 0.015491826522101751], [0.8354371666376889, 0.04863300607612719, 0.01379990793882745, 0.02369008105150642, 0.06212861234337914, 0.016311225952470764], [0.8364122707502655, 0.0487793423453, 0.013875373943112055, 0.02466789215049166, 0.059840695851933134, 0.016424424958897677], [0.42484611412789636, 0.10556979266574154, 0.02053502074688797, 0.030248289374411916, 0.4010896627531121, 0.017711120331950207], [0.8164005651950369, 0.057205840747498786, 0.013781891280146891, 0.02463381629494877, 0.07169368551791877, 0.01628420096444993], [0.1513273005652279, 0.03776875961724244, 0.013245319981761271, 0.019922644244975345, 0.7611380464354798, 0.01659792915531335], [0.8190378540538898, 0.05422631178676876, 0.014280449313471114, 0.02302713317135051, 0.07190975494436022, 0.017518496730159636], [0.8186718065511274, 0.05437814311880916, 0.014258129746445376, 0.023042946285993994, 0.07213868030651546, 0.01751029399110856], [0.1563695131407758, 0.03823089440157554, 0.01343231818575003, 0.01923327657508233, 0.7560509329676222, 0.01668306472919419], [0.12427099280469617, 0.030214369424939734, 0.01295857351308379, 0.017513890422549094, 0.7995308875276772, 0.015511286307053944], [0.3669616239286144, 0.3576756829625799, 0.020542845205765613, 0.029793311794786677, 0.20732705835600762, 0.017699477752245663], [0.32056606333157406, 0.02930383807355439, 0.012958573513083788, 0.01684803810009397, 0.6048122006746397, 0.015511286307053942], [0.324572171331458, 0.02930383807355439, 0.012958573513083788, 0.01684803810009397, 0.6008060926747558, 0.015511286307053942], [0.8554683549041058, 0.039328733898652185, 0.01372973779449264, 0.019912774382526272, 0.05535442828425458, 0.01620597073596855], [0.844663567205864, 0.039614444606576586, 0.01381825517840123, 0.021851387486625365, 0.06371359871070138, 0.016338746811831437], [0.12166965030659206, 0.05968696019916408, 0.012816523395475798, 0.015311087044019464, 0.7750902489444856, 0.015425530110262936], [0.9088554402895053, 0.014628564535585042, 0.01257848009650181, 0.012787117008443908, 0.03610002412545235, 0.01505037394451146], [0.914370460251046, 0.014003849372384938, 0.01222610878661088, 0.01240702928870293, 0.03262292887029288, 0.014369623430962344], [0.6151080218327045, 0.03386322389202354, 0.023209986340307513, 0.0204092063165132, 0.29135972673268823, 0.016049834885762986], [0.09192295102077477, 0.022552791674686583, 0.012829063350912988, 0.015318875449649903, 0.8419432179748751, 0.015433100529100529], [0.8397533216841199, 0.033035852663753036, 0.013836942181670819, 0.020907693821511007, 0.07609941233220928, 0.01636677731673582], [0.7799194445884163, 0.0332962132375092, 0.06277713161263612, 0.01936256041981952, 0.08864500964166509, 0.01599964049995352], [0.18941087653546457, 0.017907977320295455, 0.012998247564626454, 0.015684174999907714, 0.7481913263194317, 0.015807397260273973], [0.9142948462177889, 0.01403973399833749, 0.012273815461346633, 0.012453532834580217, 0.032534995843724025, 0.014403075644222777]], [[0.9142948462177889, 0.01403973399833749, 0.012273815461346633, 0.012453532834580217, 0.032534995843724025, 0.014403075644222777], [0.8587835874702332, 0.03322170152644638, 0.020577813063434747, 0.017822631703726097, 0.053468527354987375, 0.016125738881172087], [0.11296746023758253, 0.023519214306147028, 0.012836009372740775, 0.015567131639205487, 0.8196728905754023, 0.015437293868921776], [0.8416516889254787, 0.04752206301061368, 0.01372973779449264, 0.02041859188165933, 0.060471947651787095, 0.01620597073596855], [0.8381007985713219, 0.04503583513872648, 0.013712957977369098, 0.021501196586778036, 0.06546841071552113, 0.01618080101028324], [0.11738879472741766, 0.02529197376436723, 0.01295857351308379, 0.016167569542700173, 0.8126818021453771, 0.015511286307053944], [0.8577934853022245, 0.041618241907545095, 0.013142890938715826, 0.018779302949230414, 0.053436572093303485, 0.015229506808980492], [0.8585647267958287, 0.03933464389514199, 0.01328226735177645, 0.02110358877564989, 0.05227620175303153, 0.01543857142857143], [0.7060916393198635, 0.041147961709403186, 0.013265612308706312, 0.02190303084301648, 0.20217816695504412, 0.01541358886396622], [0.8509026123993106, 0.041423447321729416, 0.013128751302608226, 0.019691567753194084, 0.059645323868338436, 0.015208297354819093], [0.10465571294937787, 0.02981615052682557, 0.012493063694591584, 0.016883465128763306, 0.8215074818263157, 0.014644125874125873], [0.8591063356496154, 0.03910922225267323, 0.013142890938715826, 0.018779302949230414, 0.054632741400784515, 0.015229506808980492], [0.09629841037763995, 0.031178734548979813, 0.012493063694591584, 0.015556511754580834, 0.8298291537500819, 0.014644125874125873], [0.8496146045636773, 0.045428689072910734, 0.013074569167607677, 0.02068359251522582, 0.05607152052826004, 0.015127024152318268], [0.09340601530179521, 0.03242564100514505, 0.012493063694591584, 0.017173107189720635, 0.8298580469346215, 0.014644125874125873], [0.8421344896090871, 0.044544554208566574, 0.01372973779449264, 0.02041859188165933, 0.0629666557702256, 0.01620597073596855], [0.11588797413504193, 0.03756876395367241, 0.01295857351308379, 0.01722324328909584, 0.800850158802052, 0.015511286307053944], [0.8468329947770823, 0.04228949335553116, 0.01372973779449264, 0.02041859188165933, 0.06052321145526585, 0.01620597073596855], [0.8321718577492251, 0.050452554483816414, 0.01379990793882745, 0.02369008105150642, 0.06357437282415364, 0.016311225952470764], [0.11140650336174976, 0.03507049238046867, 0.012774375657930829, 0.015969802538162502, 0.8093787407010394, 0.015400085360648741], [0.641081370735039, 0.23703835971242526, 0.01379990793882745, 0.023723975031580535, 0.06804516062965701, 0.016311225952470768], [0.8035660811936403, 0.06829633667400677, 0.014527077928637763, 0.024981718030118692, 0.0708919936681732, 0.01773679250542339], [0.8323753988930852, 0.051354736002139245, 0.014549932845880197, 0.023468957698716163, 0.06032825253140598, 0.01792272202877326], [0.8359197058092401, 0.047641841118224865, 0.014528788138941255, 0.02348669702383318, 0.06050668632990802, 0.01791628157985238], [0.8040134941961136, 0.06365025012246776, 0.01425760162552198, 0.02274113529427841, 0.07790010052861318, 0.017437418233004882], [0.11801672292513699, 0.028623231448359994, 0.0128732655734841, 0.017350114817075008, 0.8076768796567974, 0.01545978557914652], [0.8192120002190041, 0.06105279685162649, 0.013781891280146891, 0.025002356224273707, 0.06466675446049888, 0.01628420096444993], [0.8293997872267659, 0.05164873449646888, 0.01379990793882745, 0.02409251496090547, 0.06474782942456139, 0.016311225952470764], [0.8495959058325135, 0.04266439312933577, 0.01381825517840123, 0.02026684391816063, 0.05731585512975733, 0.016338746811831437], [0.8618465005354999, 0.03697693765493085, 0.013915283849224106, 0.02065495860145214, 0.05012202954082723, 0.01648428981806575], [0.8387435843463444, 0.03276866114859111, 0.034716858891218956, 0.020764840420877523, 0.05683767560575, 0.016168379587217757], [0.9105729577464788, 0.014382253521126761, 0.012387511737089203, 0.012590516431924883, 0.03527408450704225, 0.014792676056338027], [0.2924311234050147, 0.03334636685404955, 0.07352192379762645, 0.02403052259004788, 0.5589649207340649, 0.017705142619196333], [0.81184380260474, 0.035453670583366986, 0.02451715207265731, 0.021118334468765286, 0.09107830519939232, 0.01598873507107808], [0.8201807467570663, 0.049899477022202425, 0.013781891280146891, 0.022103220780004776, 0.07775046319612974, 0.01628420096444993], [0.09877501678657548, 0.018536582781614224, 0.06258161462953127, 0.01615218763759995, 0.7876702897191465, 0.016284308445532435], [0.8430048844501611, 0.03566344369765286, 0.028188206256583193, 0.02115419770713084, 0.0549489937720904, 0.01704027411638165], [0.9143207248489899, 0.014027452614038743, 0.012257488023328475, 0.012437617163091023, 0.032565090606123726, 0.014391626744428246], [0.849991945340113, 0.03401082116380506, 0.026982950010423626, 0.02036990177389017, 0.052142199881032594, 0.016502181830735502], [0.9142760995850623, 0.01404863070539419, 0.012285643153526971, 0.012465062240663901, 0.032513195020746885, 0.014411369294605809]], [[0.9142948462177889, 0.01403973399833749, 0.012273815461346633, 0.012453532834580217, 0.032534995843724025, 0.014403075644222777], [0.8563453299698411, 0.03469641499374794, 0.021900673465709647, 0.01919353040309448, 0.051552825215136086, 0.016311225952470768], [0.8416516889254787, 0.04752206301061368, 0.01372973779449264, 0.02041859188165933, 0.060471947651787095, 0.01620597073596855], [0.11789233108076036, 0.03532959535180035, 0.012958573513083788, 0.017876071809626748, 0.8004321419376748, 0.015511286307053942], [0.11789233108076036, 0.03532959535180035, 0.012958573513083788, 0.017876071809626748, 0.8004321419376748, 0.015511286307053942], [0.10974945633092616, 0.033111820521560954, 0.012958573513083788, 0.017876071809626748, 0.8107927915177483, 0.015511286307053942], [0.8555045852965205, 0.04303517356228041, 0.013217480762219218, 0.020135455025174692, 0.05276591380956952, 0.015341391544235581], [0.8611088504676333, 0.041251737271427946, 0.013299242684136396, 0.0201259087321115, 0.04875022641757932, 0.015464034427111348], [0.8581633669505551, 0.039334643895141984, 0.01328226735177645, 0.021103588775649888, 0.052677561598305125, 0.015438571428571428], [0.8610310957227362, 0.041251737271427946, 0.013299242684136396, 0.020125908732111498, 0.04882798116247649, 0.015464034427111348], [0.8598706507169279, 0.03862591032145912, 0.013217480762219218, 0.020135455025174692, 0.052809111629983446, 0.01534139154423558], [0.8682570321629167, 0.035255922930695224, 0.0132332275027366, 0.01867587388642348, 0.04921293186221627, 0.015365011655011654], [0.09658936561117709, 0.030930651370226353, 0.012493063694591584, 0.016086718995356984, 0.829256074454522, 0.014644125874125873], [0.10487728912601023, 0.18865373240459757, 0.012493063694591584, 0.016627800309572126, 0.6627039885911026, 0.014644125874125873], [0.10487728912601023, 0.039458837200087006, 0.012493063694591584, 0.016627800309572126, 0.8118988837956131, 0.014644125874125873], [0.8446243260773872, 0.044498162055226206, 0.01372973779449264, 0.02041859188165933, 0.06052321145526585, 0.01620597073596855], [0.10997790378593665, 0.2220987206237701, 0.012958573513083788, 0.01722324328909584, 0.6222302724810596, 0.015511286307053942], [0.10431017909886833, 0.03597111985880723, 0.012870520364471897, 0.01719348741397307, 0.8141965649778647, 0.015458128286014722], [0.8430415191080556, 0.04397099731094319, 0.01381825517840123, 0.0220279673742737, 0.06080251421649487, 0.016338746811831437], [0.8323474856231088, 0.05193011942279424, 0.013799907938827448, 0.023690081051506415, 0.061921180011292126, 0.016311225952470764], [0.8390260768286831, 0.05394177328642304, 0.013915283849224106, 0.021717978234550815, 0.054914597983052975, 0.01648428981806575], [0.8224166585606377, 0.05720749972005947, 0.014571286849685176, 0.022761746548366824, 0.06526346955075171, 0.01777933877049899], [0.8546436305240089, 0.03618605893786692, 0.01457731352564369, 0.0220381649026041, 0.05459103906145792, 0.017963793048418497], [0.8417563420627961, 0.04273395233219938, 0.014325509059961595, 0.020522446439890513, 0.06307566375525699, 0.017586086349895357], [0.14523048697853455, 0.025668813653787766, 0.013344322877497015, 0.016807649504944223, 0.7823057243042714, 0.01664300268096515], [0.6469514520308819, 0.2402482311511501, 0.013676696624546332, 0.02022118720231235, 0.06277271612296588, 0.016129716868143275], [0.8315270819634194, 0.05369308264591104, 0.013895138848996118, 0.02412161057745566, 0.060309013646493964, 0.01645407231772377], [0.8466678079430976, 0.046689568417214826, 0.013915283849224106, 0.022540860235321748, 0.05370218973707599, 0.016484289818065753], [0.