{"round_id": "c5cdf100-a876-4fb7-b5d8-757162c97989", "seed_index": 2, "prediction": [[[0.9142948462177889, 0.01403973399833749, 0.012273815461346633, 0.012453532834580217, 0.032534995843724025, 0.014403075644222777], [0.9142760995850623, 0.01404863070539419, 0.012285643153526971, 0.012465062240663901, 0.032513195020746885, 0.014411369294605809], [0.9142948462177889, 0.01403973399833749, 0.012273815461346633, 0.012453532834580217, 0.032534995843724025, 0.014403075644222777], [0.9142948462177889, 0.01403973399833749, 0.012273815461346633, 0.012453532834580217, 0.032534995843724025, 0.014403075644222777], [0.9142760995850623, 0.01404863070539419, 0.012285643153526971, 0.012465062240663901, 0.032513195020746885, 0.014411369294605809], [0.9142760995850623, 0.01404863070539419, 0.012285643153526971, 0.012465062240663901, 0.032513195020746885, 0.014411369294605809], [0.9142760995850623, 0.01404863070539419, 0.012285643153526971, 0.012465062240663901, 0.032513195020746885, 0.014411369294605809], [0.9142948462177889, 0.01403973399833749, 0.012273815461346633, 0.012453532834580217, 0.032534995843724025, 0.014403075644222777], [0.9142948462177889, 0.01403973399833749, 0.012273815461346633, 0.012453532834580217, 0.032534995843724025, 0.014403075644222777], [0.9142948462177889, 0.01403973399833749, 0.012273815461346633, 0.012453532834580217, 0.032534995843724025, 0.014403075644222777], [0.9142948462177889, 0.01403973399833749, 0.012273815461346633, 0.012453532834580217, 0.032534995843724025, 0.014403075644222777], [0.9142948462177889, 0.01403973399833749, 0.012273815461346633, 0.012453532834580217, 0.032534995843724025, 0.014403075644222777], [0.9142948462177889, 0.01403973399833749, 0.012273815461346633, 0.012453532834580217, 0.032534995843724025, 0.014403075644222777], [0.9142948462177889, 0.01403973399833749, 0.012273815461346633, 0.012453532834580217, 0.032534995843724025, 0.014403075644222777], [0.9142948462177889, 0.01403973399833749, 0.012273815461346633, 0.012453532834580217, 0.032534995843724025, 0.014403075644222777], [0.9142948462177889, 0.01403973399833749, 0.012273815461346633, 0.012453532834580217, 0.032534995843724025, 0.014403075644222777], [0.9142948462177889, 0.01403973399833749, 0.012273815461346633, 0.012453532834580217, 0.032534995843724025, 0.014403075644222777], [0.9142948462177889, 0.01403973399833749, 0.012273815461346633, 0.012453532834580217, 0.032534995843724025, 0.014403075644222777], [0.9142948462177889, 0.01403973399833749, 0.012273815461346633, 0.012453532834580217, 0.032534995843724025, 0.014403075644222777], [0.9142948462177889, 0.01403973399833749, 0.012273815461346633, 0.012453532834580217, 0.032534995843724025, 0.014403075644222777], [0.9142948462177889, 0.01403973399833749, 0.012273815461346633, 0.012453532834580217, 0.032534995843724025, 0.014403075644222777], [0.9142948462177889, 0.01403973399833749, 0.012273815461346633, 0.012453532834580217, 0.032534995843724025, 0.014403075644222777], [0.9142948462177889, 0.01403973399833749, 0.012273815461346633, 0.012453532834580217, 0.032534995843724025, 0.014403075644222777], [0.9142760995850623, 0.01404863070539419, 0.012285643153526971, 0.012465062240663901, 0.032513195020746885, 0.014411369294605809], [0.9142760995850623, 0.01404863070539419, 0.012285643153526971, 0.012465062240663901, 0.032513195020746885, 0.014411369294605809], [0.9198969930069931, 0.013411608391608392, 0.011926013986013987, 0.012077202797202797, 0.02897090909090909, 0.013717272727272727], [0.9198969930069931, 0.013411608391608392, 0.011926013986013987, 0.012077202797202797, 0.02897090909090909, 0.013717272727272727], [0.9198969930069931, 0.013411608391608392, 0.011926013986013987, 0.012077202797202797, 0.02897090909090909, 0.013717272727272727], [0.9198969930069931, 0.013411608391608392, 0.011926013986013987, 0.012077202797202797, 0.02897090909090909, 0.013717272727272727], [0.9198969930069931, 0.013411608391608392, 0.011926013986013987, 0.012077202797202797, 0.02897090909090909, 0.013717272727272727], [0.9142760995850623, 0.01404863070539419, 0.012285643153526971, 0.012465062240663901, 0.032513195020746885, 0.014411369294605809], [0.9142760995850623, 0.01404863070539419, 0.012285643153526971, 0.012465062240663901, 0.032513195020746885, 0.014411369294605809], [0.9142948462177889, 0.01403973399833749, 0.012273815461346633, 0.012453532834580217, 0.032534995843724025, 0.014403075644222777], [0.9142948462177889, 0.01403973399833749, 0.012273815461346633, 0.012453532834580217, 0.032534995843724025, 0.014403075644222777], [0.9142760995850623, 0.01404863070539419, 0.012285643153526971, 0.012465062240663901, 0.032513195020746885, 0.014411369294605809], [0.9142760995850623, 0.01404863070539419, 0.012285643153526971, 0.012465062240663901, 0.032513195020746885, 0.014411369294605809], [0.9142760995850623, 0.01404863070539419, 0.012285643153526971, 0.012465062240663901, 0.032513195020746885, 0.014411369294605809], [0.9142948462177889, 0.01403973399833749, 0.012273815461346633, 0.012453532834580217, 0.032534995843724025, 0.014403075644222777], [0.9142760995850623, 0.01404863070539419, 0.012285643153526971, 0.012465062240663901, 0.032513195020746885, 0.014411369294605809], [0.9142948462177889, 0.01403973399833749, 0.012273815461346633, 0.012453532834580217, 0.032534995843724025, 0.014403075644222777]], [[0.9142760995850623, 0.01404863070539419, 0.012285643153526971, 0.012465062240663901, 0.032513195020746885, 0.014411369294605809], [0.8696057821809092, 0.02741632001756241, 0.019300637489198455, 0.017201458361299986, 0.050172076965266356, 0.01630372498576338], [0.10697427799658855, 0.019609706364581495, 0.015919436179018136, 0.015270810813617943, 0.826839387489877, 0.015386381156316915], [0.8698554909961828, 0.02934259964175885, 0.021282480914937632, 0.017216510617332585, 0.0459779942806494, 0.01632492354913886], [0.8715958564489995, 0.028734353413038566, 0.019565657356771668, 0.017456819330807956, 0.04617820467315816, 0.016469108777224087], [0.9142760995850623, 0.01404863070539419, 0.012285643153526971, 0.012465062240663901, 0.032513195020746885, 0.014411369294605809], [0.8460437377914297, 0.03369297785162887, 0.020809026699520124, 0.019192107069754626, 0.06397221762528722, 0.01628993296237917], [0.8642909785744108, 0.02896146313514463, 0.022313250526419484, 0.018347440393518995, 0.049698724144437496, 0.016388143226068536], [0.8686361298197586, 0.026910335839204054, 0.020666950986256656, 0.017456819330807956, 0.0498606552467486, 0.016469108777224087], [0.8698554909961828, 0.02934259964175885, 0.021282480914937632, 0.017216510617332585, 0.0459779942806494, 0.01632492354913886], [0.8642909785744108, 0.02896146313514463, 0.022313250526419484, 0.018347440393518995, 0.049698724144437496, 0.016388143226068536], [0.8698554909961828, 0.02934259964175885, 0.021282480914937632, 0.017216510617332585, 0.0459779942806494, 0.01632492354913886], [0.8741275158368056, 0.027321856614173495, 0.01962166068504792, 0.01631552740480035, 0.04621088550268776, 0.016402553956484982], [0.8686361298197586, 0.026910335839204054, 0.020666950986256656, 0.017456819330807956, 0.0498606552467486, 0.016469108777224087], [0.8587835874702332, 0.03322170152644638, 0.020577813063434747, 0.017822631703726097, 0.053468527354987375, 0.016125738881172087], [0.11273945521265817, 0.017382439886446957, 0.01822189960630716, 0.017581502046810565, 0.8186374093788553, 0.015437293868921776], [0.8455484515387299, 0.041377369694862, 0.021439928039330862, 0.01936242790412869, 0.05628421774075496, 0.015987605082193622], [0.8610040801845932, 0.033983082832505854, 0.02238926815265095, 0.018889205537990256, 0.04755356228197666, 0.01618080101028324], [0.8642909785744108, 0.02896146313514463, 0.022313250526419484, 0.018347440393518995, 0.049698724144437496, 0.016388143226068536], [0.8698554909961828, 0.02934259964175885, 0.021282480914937632, 0.017216510617332585, 0.0459779942806494, 0.01632492354913886], [0.10401937540395025, 0.023169691015178195, 0.01301667581634989, 0.01564206349020214, 0.8283896859056518, 0.015762508368667705], [0.8532032503090744, 0.03788349777026519, 0.02238926815265095, 0.018889205537990252, 0.051453977219736, 0.01618080101028324], [0.8467108794769946, 0.03990234911416448, 0.02184176403447216, 0.021922617056309584, 0.05350860169845411, 0.01611378861960515], [0.8453382298379816, 0.04032384468691714, 0.023703922596369074, 0.02458349200202234, 0.049882131289492086, 0.01616837958721776], [0.8417726073874802, 0.04200699565734013, 0.025054872717366478, 0.02531433387075864, 0.049749250949721845, 0.016101939417332643], [0.8614019436832495, 0.038375701568341164, 0.021131491986063324, 0.022011836902181996, 0.04198108807181128, 0.015097937788352726], [0.3127567837345998, 0.016224857259769684, 0.014316074517615882, 0.016390917933229977, 0.625709179605931, 0.014602186948853615], [0.8684335081275767, 0.033496234135083604, 0.020439907778982094, 0.017490554316977804, 0.044931498286560755, 0.015208297354819093], [0.8629626641746703, 0.035197434043753986, 0.019978549413663605, 0.020046680806190945, 0.04666284268995609, 0.015151828871765177], [0.8440362901281301, 0.04567424424822779, 0.02074843783468, 0.02274565542939209, 0.05178936756754924, 0.015006004792020727], [0.08645245334453452, 0.054525777636513714, 0.01285813829183815, 0.01533693352288154, 0.8153760440226054, 0.015450653181626632], [0.8268635160294615, 0.04116252554849921, 0.02320998634030751, 0.02770850797298887, 0.06500562922297987, 0.016049834885762986], [0.8574233058020789, 0.0321984888201927, 0.025742178972231494, 0.019666955405557195, 0.04885528238033451, 0.01611378861960515], [0.16210656086195604, 0.017356518343232142, 0.01275167544605222, 0.015270810813617943, 0.7771280533788246, 0.015386381156316915], [0.8414964199814278, 0.03571241344987741, 0.024194108156187128, 0.02116589826056385, 0.060978624452218085, 0.016452535699725795], [0.9142878089304257, 0.01404307372793354, 0.012278255451713394, 0.01245786085150571, 0.032526812045690544, 0.014406188992731047], [0.842974812485859, 0.035299204334996725, 0.026229492555688065, 0.019939922286769517, 0.05861912943150584, 0.01693743890518084], [0.0972858510547112, 0.017415995979811666, 0.012945181774025752, 0.01539099511426108, 0.8414587744139886, 0.015503201663201665], [0.10214047183452384, 0.017393047458021893, 0.012870520364471897, 0.01534462386952593, 0.8367932081874415, 0.015458128286014722], [0.9142760995850623, 0.01404863070539419, 0.012285643153526971, 0.012465062240663901, 0.032513195020746885, 0.014411369294605809]], [[0.9142948462177889, 0.01403973399833749, 0.012273815461346633, 0.012453532834580217, 0.032534995843724025, 0.014403075644222777], [0.8642909785744108, 0.02896146313514463, 0.022313250526419484, 0.018347440393518995, 0.049698724144437496, 0.016388143226068536], [0.847812516549202, 0.04520432881765028, 0.013836942181670819, 0.02029585033824529, 0.05648358479649573, 0.01636677731673582], [0.8747963531351652, 0.030481621005182043, 0.013956758849693492, 0.019662297890248696, 0.044556466800940636, 0.01654650231876983], [0.8657927858582183, 0.03126433076153377, 0.022861924652494207, 0.018073347659094862, 0.045756514209802215, 0.01625109685885647], [0.9142760995850623, 0.01404863070539419, 0.012285643153526971, 0.012465062240663901, 0.032513195020746885, 0.014411369294605809], [0.9143207248489899, 0.014027452614038743, 0.012257488023328475, 0.012437617163091023, 0.032565090606123726, 0.014391626744428246], [0.8581066290879719, 0.036880533929127074, 0.02238926815265095, 0.018889205537990256, 0.04755356228197666, 0.01618080101028324], [0.8676435260190938, 0.033412076249188585, 0.013855978474721153, 0.019245411037694376, 0.04944767646299083, 0.016395331756311318], [0.10478075860668458, 0.021554534007919866, 0.012851239049370147, 0.015332648491794092, 0.8300343317615483, 0.015446488082682978], [0.8533864529448845, 0.03900816402212772, 0.013746814599529873, 0.019513521214686018, 0.058113461275247635, 0.0162315859435244], [0.09618904096624305, 0.021554534007919863, 0.012851239049370147, 0.015332648491794092, 0.8386260494019897, 0.015446488082682976], [0.09618904096624305, 0.021554534007919863, 0.012851239049370147, 0.015332648491794092, 0.8386260494019897, 0.015446488082682976], [0.8631173100654407, 0.03255588138931264, 0.013764196347514199, 0.01850318207000756, 0.05580177156222399, 0.01625765856550089], [0.10926948864266667, 0.026745495280658373, 0.012838783671399803, 0.017182762606390945, 0.8185245010753, 0.015438968723584108], [0.8402268981775226, 0.04427209588853131, 0.01368025884656425, 0.020220676089945766, 0.06546831868336025, 0.016131752314075966], [0.11278031813374306, 0.03201503361106192, 0.012933081510740234, 0.01658293006377887, 0.8101927399924859, 0.01549589668818996], [0.11275750441824338, 0.029262220136708234, 0.012958573513083788, 0.01722324328909584, 0.8122871723358147, 0.015511286307053942], [0.8533864529448845, 0.03900816402212772, 0.013746814599529873, 0.019513521214686018, 0.058113461275247635, 0.0162315859435244], [0.865057198976284, 0.03255588138931264, 0.013764196347514199, 0.01850318207000756, 0.05386188265138072, 0.01625765856550089], [0.11899047432714276, 0.025647443644774302, 0.012958573513083788, 0.01563869972063111, 0.8112535224873141, 0.015511286307053942], [0.8475675373532442, 0.04427754880623021, 0.01372973779449264, 0.02041859188165933, 0.05780061342840492, 0.01620597073596855], [0.11725248836266436, 0.03472661090982664, 0.012774375657930829, 0.01745995557761132, 0.8023864841313182, 0.015400085360648741], [0.8325069112239633, 0.04915266773303562, 0.013781891280146891, 0.02463381629494877, 0.0636405125034556, 0.01628420096444993], [0.6078045463061297, 0.10966564683310559, 0.020535020746887966, 0.033476218978074804, 0.21080744680385158, 0.017711120331950207], [0.8529035523143147, 0.04371005446513232, 0.013265612308706314, 0.022136899701430797, 0.05257029234644969, 0.015413588863966224], [0.8507080996390717, 0.04436380734241731, 0.013202020326074879, 0.021547006127528773, 0.05486086567488816, 0.01531820089001907], [0.859327208761752, 0.043858133375048965, 0.013217480762219218, 0.023122847826891106, 0.045132937729853245, 0.015341391544235581], [0.09746331310399942, 0.025591418181791694, 0.012493063694591584, 0.0162162056267178, 0.8335918735187736, 0.014644125874125873], [0.09746331310399942, 0.025591418181791694, 0.012493063694591584, 0.0162162056267178, 0.8335918735187736, 0.014644125874125873], [0.383690838721252, 0.1482815710794066, 0.020535020746887966, 0.02972215426590121, 0.4000592948546019, 0.017711120331950207], [0.8528071801702176, 0.042239092642605634, 0.013875373943112055, 0.0225706340948306, 0.05208329419033629, 0.016424424958897673], [0.8153712385609823, 0.03438776594137981, 0.02467842375877754, 0.021530340184139924, 0.08742521164130031, 0.01660701991341991], [0.8393898314760873, 0.03556016425767855, 0.02414936314672938, 0.02114941654346525, 0.06327117920951122, 0.016480045366528355], [0.9073530839231546, 0.014757027300303337, 0.012608998988877655, 0.012827603640040444, 0.03725429726996966, 0.015198988877654196], [0.849235900472449, 0.03386322389202354, 0.02320998634030751, 0.020409206316513197, 0.0572318480929436, 0.016049834885762986], [0.09146539297017052, 0.02253290024456238, 0.012870520364471897, 0.015344623869525929, 0.8423284342652545, 0.01545812828601472], [0.09064136041022054, 0.022497077060892746, 0.012945181774025752, 0.01539099511426108, 0.8430221839773981, 0.015503201663201663], [0.8525406288291103, 0.03274278142624519, 0.024789001763273952, 0.017801069361085126, 0.056045538303303354, 0.016080980316982012], [0.9142948462177889, 0.01403973399833749, 0.012273815461346633, 0.012453532834580217, 0.032534995843724025, 0.014403075644222777]], [[0.9142948462177889, 0.01403973399833749, 0.012273815461346633, 0.012453532834580217, 0.032534995843724025, 0.014403075644222777], [0.8563453299698411, 0.03469641499374794, 0.021900673465709647, 0.01919353040309448, 0.051552825215136086, 0.016311225952470768], [0.8378602132564518, 0.049203566966025715, 0.01381825517840123, 0.022027967374273705, 0.060751250413016114, 0.016338746811831437], [0.8482051470932807, 0.044240733677210244, 0.013746814599529873, 0.019513521214686018, 0.05806219747176887, 0.0162315859435244], [0.34841499647317276, 0.017401871998093406, 0.018233246469395493, 0.01759901689309338, 0.5828754075297291, 0.015475460636515913], [0.9143919094529449, 0.013993670090127856, 0.012212575979878432, 0.012393837769859568, 0.032647872563403894, 0.014360134143785369], [0.09182129359085245, 0.017412276747113955, 0.016125351237155926, 0.015383479795791667, 0.843761701940896, 0.015495896688189962], [0.11633027289583413, 0.025390152614269156, 0.012851239049370147, 0.016113707065137067, 0.8138681402927065, 0.015446488082682978], [0.8482051470932807, 0.044240733677210244, 0.013746814599529873, 0.019513521214686018, 0.05806219747176887, 0.0162315859435244], [0.10761696381348952, 0.022526477043500602, 0.012895144423436804, 0.015601661984798228, 0.825886758810618, 0.015472993924156714], [0.8430415191080556, 0.04397099731094319, 0.01381825517840123, 0.0220279673742737, 0.06080251421649487, 0.016338746811831437], [0.851620642609984, 0.039971759162567774, 0.013836942181670819, 0.02029585033824529, 0.05790802839079613, 0.016366777316735824], [0.8609935155408676, 0.033412076249188585, 0.013855978474721153, 0.019245411037694376, 0.056097686941217056, 0.016395331756311318], [0.8555820041256057, 0.03716040033848877, 0.013935820014505065, 0.020756468480802447, 0.056050212974610686, 0.01651509406598719], [0.8406710083053657, 0.04397099731094319, 0.01381825517840123, 0.022027967374273705, 0.06317302501918481, 0.016338746811831437], [0.8402294618979644, 0.04662743821717258, 0.013895138848996118, 0.023719176668056605, 0.05907471205008631, 0.01645407231772377], [0.8266327552026999, 0.0487991478124981, 0.013696467467437343, 0.022917497294346903, 0.07179806697763215, 0.016156065245385605], [0.1058769014998651, 0.030548690705319105, 0.012958573513083788, 0.016065164874238484, 0.8190393831004396, 0.015511286307053942], [0.11275750441824338, 0.029262220136708234, 0.012958573513083788, 0.020879882293245215, 0.8086305333316653, 0.015511286307053942], [0.10312875731116752, 0.023701232502675126, 0.012958573513083788, 0.024110246440808877, 0.8205899039252106, 0.015511286307053942], [0.11899047432714277, 0.025647443644774302, 0.01295857351308379, 0.01977995353255932, 0.8071122686753859, 0.015511286307053944], [0.8475675373532442, 0.04427754880623021, 0.01372973779449264, 0.02041859188165933, 0.05780061342840492, 0.01620597073596855], [0.8437760616842175, 0.04595905276164224, 0.01381825517840123, 0.022027967374273705, 0.058079916189633936, 0.016338746811831437], [0.8353355266368109, 0.047107776972792156, 0.01379990793882745, 0.02372397503158053, 0.06372158746751812, 0.016311225952470764], [0.8347735102153279, 0.050004462975219266, 0.013875373943112055, 0.024403125786760203, 0.06051910212068304, 0.016424424958897677], [0.8541036530923902, 0.0418967366508711, 0.013282267351776449, 0.021337457634064198, 0.05394131384232649, 0.015438571428571427], [0.8506910122502119, 0.04371005446513231, 0.013265612308706312, 0.022136899701430797, 0.05478283241055224, 0.01541358886396622], [0.8566645599173485, 0.04041189373864806, 0.01328226735177645, 0.021899678843240608, 0.052303028720415, 0.015438571428571428], [0.8567687021671402, 0.04178551390047175, 0.013142890938715826, 0.019221042177652272, 0.05385234400703946, 0.015229506808980492], [0.8467920680277806, 0.04223222185762024, 0.013087770323381116, 0.020303243414262803, 0.06243787049097661, 0.015146825885978427], [0.13708205642551063, 0.02080455139330575, 0.012939809474212208, 0.015387658447689512, 0.7982859658739303, 0.015499958385351644], [0.8042793710389785, 0.03386322389202354, 0.023209986340307513, 0.0204092063165132, 0.10218837752641423, 0.016049834885762986], [0.914370460251046, 0.014003849372384938, 0.01222610878661088, 0.01240702928870293, 0.03262292887029288, 0.014369623430962344], [0.9143585788923719, 0.014009487983281086, 0.012233605015673981, 0.012414336468129571, 0.032609111807732495, 0.014374879832810866], [0.627926674159965, 0.036864210526315784, 0.08302765550239231, 0.02615990430622009, 0.2071297851701785, 0.018891770334928226], [0.8421902310487084, 0.05435709409392739, 0.013781891280146893, 0.02210322078000478, 0.05128336183276283, 0.01628420096444993], [0.8450188464615559, 0.052312203333683915, 0.01379990793882745, 0.021193379516636537, 0.05136443679682533, 0.016311225952470764], [0.844663567205864, 0.039614444606576586, 0.01381825517840123, 0.021851387486625365, 0.06371359871070138, 0.016338746811831437], [0.8611110179678795, 0.030454135984056933, 0.02430851994742142, 0.018889205537990252, 0.049056319552368784, 0.01618080101028324], [0.9142948462177889, 0.01403973399833749, 0.012273815461346633, 0.012453532834580217, 0.032534995843724025, 0.014403075644222777]], [[0.9142948462177889, 0.01403973399833749, 0.012273815461346633, 0.012453532834580217, 0.032534995843724025, 0.014403075644222777], [0.851614258255892, 0.038899385273026374, 0.02184176403447216, 0.021922617056309584, 0.04960818676069477, 0.01611378861960515], [0.31598087230599253, 0.0348326057314273, 0.012829063350912988, 0.018384935167147894, 0.6025394229154186, 0.015433100529100529], [0.13108841107147473, 0.025332591089252156, 0.01291416844225274, 0.01614528623267492, 0.7990350643676043, 0.015484478796741174], [0.8297891191481499, 0.04950466554361383, 0.01368025884656425, 0.020220676089945766, 0.07067352805765033, 0.016131752314075966], [0.07923661264196957, 0.016252612004002465, 0.015172449526151328, 0.022853046038758925, 0.8518411539149917, 0.014644125874125873], [0.6967062575734125, 0.04116465093176243, 0.013114855453330068, 0.02042804776493646, 0.21339873469565662, 0.015187453580901854], [0.8495451420306648, 0.041024650377687655, 0.013202020326074879, 0.02107907114072473, 0.05983091523482882, 0.015318200890019071], [0.8535945324436547, 0.04399019998871333, 0.013217480762219218, 0.020135455025174692, 0.053720940236002435, 0.01534139154423558], [0.8586995001085327, 0.041618241907545095, 0.013142890938715826, 0.018779302949230414, 0.052530557286995426, 0.015229506808980492], [0.8515826247327588, 0.04255438623897431, 0.013202020326074879, 0.021536047319626037, 0.055806720492546855, 0.01531820089001907], [0.8615897909150049, 0.03684247403060667, 0.013299242684136396, 0.0201259087321115, 0.05267854921102912, 0.015464034427111348], [0.8678524695657027, 0.03288691077474054, 0.013316547634600422, 0.01906401714641045, 0.051390063025738474, 0.015489991852807385], [0.7128185074320579, 0.03684247403060667, 0.013299242684136396, 0.0201259087321115, 0.2014498326939761, 0.015464034427111348], [0.8578660734622114, 0.04086437975642865, 0.01328226735177645, 0.0215605649545512, 0.05098814304646075, 0.015438571428571428], [0.8534886175433616, 0.042677697570689864, 0.013265612308706314, 0.0223600070219178, 0.052794476691358325, 0.015413588863966224], [0.3630090198353325, 0.07955879343579451, 0.018877412587412587, 0.02706236971759885, 0.49499457225602933, 0.01649783216783217], [0.09765302823838298, 0.0291843293498937, 0.012493063694591584, 0.016505668577785942, 0.8295197842652199, 0.014644125874125873], [0.8500985620875656, 0.04268470787540083, 0.013087770323381116, 0.019964129525573394, 0.05901800430210045, 0.015146825885978429], [0.09523474775043406, 0.025556348521722033, 0.012493063694591584, 0.17507328316191834, 0.676998430997208, 0.014644125874125873], [0.8409614407536845, 0.04626015133923035, 0.01368025884656425, 0.020220676089945766, 0.0627457206564993, 0.016131752314075966], [0.11597471787435659, 0.034526474036109436, 0.012860893920190367, 0.020462879493826164, 0.8007227179105637, 0.015452316764953664], [0.8475675373532442, 0.04427754880623021, 0.01372973779449264, 0.02041859188165933, 0.05780061342840492, 0.01620597073596855], [0.1361687457656079, 0.027055765725775505, 0.012774375657930829, 0.017694890844246386, 0.7909061366457907, 0.015400085360648741], [0.8317644078142971, 0.05078028589183134, 0.01379990793882745, 0.023703086109847428, 0.06364108629272591, 0.016311225952470764], [0.8504366086888344, 0.04371005446513232, 0.013265612308706314, 0.022136899701430797, 0.0550372359719299, 0.015413588863966224], [0.5092952105663959, 0.09398398911460996, 0.018877412587412587, 0.029782408299706395, 0.3315631472640428, 0.01649783216783217], [0.8516304973698114, 0.04140914128988916, 0.01311485545333007, 0.020913584955019104, 0.05774446735104839, 0.015187453580901856], [0.09746331310399942, 0.025591418181791694, 0.012493063694591584, 0.0162162056267178, 0.8335918735187736, 0.014644125874125873], [0.10826191382914495, 0.025548652953648433, 0.012493063694591584, 0.014549770367062202, 0.8245024732814269, 0.014644125874125873], [0.8354900829955305, 0.050142393762558884, 0.0137129579773691, 0.021869736516102977, 0.06260402773815539, 0.01618080101028324], [0.8469523666027137, 0.031003405252781627, 0.03720042370207858, 0.01999834772927604, 0.04860739597215023, 0.01623806074099971], [0.9143585788923719, 0.014009487983281086, 0.012233605015673981, 0.012414336468129571, 0.032609111807732495, 0.014374879832810866], [0.5867548402412746, 0.035058998260498915, 0.022796275601505583, 0.020090215083691, 0.31940106782891425, 0.015898602984115617], [0.12104680710369864, 0.020800471783449674, 0.012958573513083788, 0.01539931255178336, 0.8142835487409305, 0.01551128630705394], [0.17836710767812491, 0.020810715568699567, 0.01291145754087019, 0.015370049425202884, 0.7570578275718464, 0.015482842215256008], [0.8505360162774562, 0.03627878537589301, 0.01372973779449264, 0.021497317950991003, 0.061752171865198636, 0.01620597073596855], [0.8421111287847589, 0.03303585266375304, 0.013836942181670819, 0.02090769382151101, 0.0737416052315702, 0.016366777316735824], [0.10021471393254049, 0.017356518343232142, 0.015919436179018136, 0.015270810813617943, 0.8358521395752743, 0.015386381156316915], [0.9142948462177889, 0.01403973399833749, 0.012273815461346633, 0.012453532834580217, 0.032534995843724025, 0.014403075644222777]], [[0.9142948462177889, 0.01403973399833749, 0.012273815461346633, 0.012453532834580217, 0.032534995843724025, 0.014403075644222777], [0.8435318008842623, 0.03435850419387345, 0.023703922596369074, 0.02458349200202234, 0.05765390073625519, 0.01616837958721776], [0.8335244517746989, 0.048862525648287726, 0.013781891280146891, 0.024057618633688868, 0.06348931169872783, 0.01628420096444993], [0.8288508850055123, 0.05230969221477267, 0.01379990793882745, 0.023126888448587523, 0.06560140043982897, 0.016311225952470764], [0.8263161650503499, 0.05049014380708345, 0.01379990793882745, 0.023126888448587523, 0.06995566880268071, 0.016311225952470764], [0.09956164714087669, 0.03066906679737657, 0.012493063694591584, 0.01708248578055486, 0.8255496107124742, 0.014644125874125873], [0.5249536491582846, 0.07955879343579451, 0.018877412587412587, 0.027062369717598844, 0.33304994293307716, 0.01649783216783217], [0.8455429524437041, 0.04419238914232054, 0.013186838456347555, 0.021845755561954602, 0.05993663631024498, 0.015295428085428085], [0.09666925206503198, 0.03448329904397302, 0.012493063694591584, 0.018699081215694663, 0.8230111781065828, 0.014644125874125873], [0.10502679751236069, 0.0305483427799772, 0.012493063694591584, 0.01663682974167848, 0.820650840397266, 0.014644125874125873], [0.09880612993081404, 0.031016946190710513, 0.012493063694591584, 0.015556511754580834, 0.827483222555177, 0.014644125874125873], [0.6993196577278593, 0.041052939597066664, 0.013128751302608226, 0.020148543932095392, 0.21114181008555127, 0.015208297354819093], [0.7102545249401907, 0.03684247403060666, 0.013299242684136396, 0.020125908732111498, 0.20401381518584316, 0.015464034427111348], [0.862532350961765, 0.035255922930695224, 0.0132332275027366, 0.01867587388642348, 0.05493761306336806, 0.015365011655011654], [0.8646881177362835, 0.03684247403060667, 0.013299242684136396, 0.0201259087321115, 0.04958022238975041, 0.015464034427111348], [0.8593546496725863, 0.04086437975642865, 0.01328226735177645, 0.0215605649545512, 0.04949956683608576, 0.015438571428571428], [0.8475678309213786, 0.04427752845302563, 0.013186838456347556, 0.02230273174085592, 0.05736964234296439, 0.015295428085428088], [0.09629841037763995, 0.028509226637536418, 0.012493063694591584, 0.015556511754580834, 0.8324986616615253, 0.014644125874125873], [0.8620689492420012, 0.03720897866672381, 0.013142890938715826, 0.018779302949230414, 0.05357037139434821, 0.015229506808980492], [0.857956992315206, 0.041720576928062074, 0.013217480762219218, 0.0201178528218961, 0.05164570562838115, 0.015341391544235581], [0.8432260037563909, 0.04510220911383754, 0.013895138848996118, 0.02375307064813072, 0.05756950531492087, 0.01645407231772377], [0.8325069112239633, 0.04915266773303562, 0.013781891280146891, 0.02463381629494877, 0.0636405125034556, 0.01628420096444993], [0.8432260037563909, 0.04510220911383754, 0.013895138848996118, 0.02375307064813072, 0.05756950531492087, 0.01645407231772377], [0.8437760616842175, 0.04595905276164224, 0.01381825517840123, 0.022027967374273705, 0.058079916189633936, 0.016338746811831437], [0.8415050811742901, 0.04963156168068142, 0.01381825517840123, 0.022007078452540598, 0.05669927670225529, 0.016338746811831437], [0.8584915829828837, 0.03957913425326869, 0.013282267351776449, 0.02158912596573253, 0.051619318017766994, 0.015438571428571427], [0.8516887268969529, 0.04140914128988916, 0.01311485545333007, 0.020913584955019104, 0.05768623782390695, 0.015187453580901856], [0.09808474833346943, 0.030477010266336993, 0.012493063694591584, 0.016331634936483676, 0.8279694168949924, 0.014644125874125873], [0.8597253033449127, 0.040784471775814735, 0.013142890938715826, 0.018779302949230414, 0.05233852418234575, 0.015229506808980492], [0.8513690568952383, 0.04210190022119372, 0.013202020326074879, 0.02187516120831545, 0.05613366045915839, 0.01531820089001907], [0.8573685742117516, 0.031003405252781627, 0.022287072469469357, 0.019998347729276042, 0.05310453959572153, 0.01623806074099971], [0.9144906553911205, 0.013946807610993657, 0.012150274841437632, 0.012333107822410148, 0.03276270613107822, 0.01431644820295983], [0.8470476987653988, 0.030454135984056933, 0.02430851994742142, 0.018889205537990252, 0.06311963875484942, 0.01618080101028324], [0.109215548459162, 0.022490651589812054, 0.012958573513083788, 0.01539931255178336, 0.8244246275791048, 0.015511286307053942], [0.11646067230617882, 0.02245413253498264, 0.01341156084523059, 0.016226001554927226, 0.8150925131414557, 0.01635511961722488], [0.8364824912995086, 0.04664211777350871, 0.014204238830108091, 0.02221510790315894, 0.06342264422547222, 0.01703339996824324], [0.09122371485499073, 0.022522393767112577, 0.012892417592342038, 0.015358223957156946, 0.842531902102554, 0.015471347725843639], [0.8416013137426351, 0.04009782479445745, 0.013836942181670819, 0.02240461556367538, 0.06569252640082515, 0.01636677731673582], [0.8518837954070907, 0.030605476886912272, 0.0270004400920403, 0.018073347659094866, 0.05618584309600542, 0.01625109685885647], [0.9142948462177889, 0.01403973399833749, 0.012273815461346633, 0.012453532834580217, 0.032534995843724025, 0.014403075644222777]], [[0.9142948462177889, 0.01403973399833749, 0.012273815461346633, 0.012453532834580217, 0.032534995843724025, 0.014403075644222777], [0.8353462587488774, 0.03604165516429645, 0.02505487271736648, 0.025314333870758644, 0.06214094008136849, 0.016101939417332643], [0.6039524913398722, 0.0993510685132213, 0.02053502074688797, 0.03347621897807481, 0.22497408008999353, 0.017711120331950207], [0.8312490794823907, 0.05196524725548487, 0.013875373943112055, 0.02412558846930587, 0.062360285890808706, 0.016424424958897673], [0.6529027541213065, 0.0499535407024486, 0.013895138848996118, 0.02287821264306525, 0.24391628136645968, 0.01645407231772377], [0.8478547900843919, 0.0441193169842906, 0.013202020326074879, 0.02106146893744613, 0.058444202777777225, 0.01531820089001907], [0.852851325424934, 0.041810946792989134, 0.013265612308706314, 0.021903030843016483, 0.05475549576638779, 0.015413588863966222], [0.8492441270847615, 0.04485544788087588, 0.01328226735177645, 0.020851920443981556, 0.05632766581003317, 0.01543857142857143], [0.6955458711141322, 0.1959723054722243, 0.013087770323381116, 0.019507153346672086, 0.06074007385761164, 0.015146825885978429], [0.1006769938879924, 0.1855420818689476, 0.012493063694591584, 0.01708248578055486, 0.6695612488937877, 0.014644125874125873], [0.3323073604206634, 0.10469121476717846, 0.018877412587412587, 0.02706236971759885, 0.5005638103393144, 0.01649783216783217], [0.25311704319909767, 0.03266583378849385, 0.012493063694591584, 0.015110855715704457, 0.6719690777279865, 0.014644125874125875], [0.852235500331202, 0.04105293959706667, 0.013128751302608228, 0.020148543932095395, 0.05822596748220869, 0.015208297354819093], [0.10205549541073396, 0.025556348521722033, 0.012493063694591584, 0.01653237503423336, 0.828718591464593, 0.014644125874125873], [0.8685878851738361, 0.034443942410254474, 0.013157280833869578, 0.018016638506081574, 0.050543161424247134, 0.01525109165171112], [0.8666619716601374, 0.03684247403060666, 0.013299242684136396, 0.020125908732111498, 0.047606368465896484, 0.015464034427111348], [0.8590597656821425, 0.04086437975642865, 0.01328226735177645, 0.0215605649545512, 0.04979445082652971, 0.015438571428571428], [0.858531580867193, 0.037208978666723805, 0.013142890938715826, 0.018779302949230414, 0.05710773976915644, 0.015229506808980492], [0.10359205032217196, 0.026863272411011184, 0.012493063694591584, 0.017859328408415837, 0.8245481592896835, 0.014644125874125873], [0.850788738870518, 0.045649052845577257, 0.013202020326074879, 0.021518445116347443, 0.05352354195146323, 0.015318200890019071], [0.8347735102153279, 0.050004462975219266, 0.013875373943112055, 0.024403125786760203, 0.06051910212068304, 0.016424424958897677], [0.6078045463061297, 0.10966564683310559, 0.020535020746887966, 0.033476218978074804, 0.21080744680385158, 0.017711120331950207], [0.8402340911281909, 0.04725411324196497, 0.013875373943112055, 0.024701786130565777, 0.05751021059726869, 0.016424424958897677], [0.8392787011592056, 0.045325977223474374, 0.0137129579773691, 0.02207739424803794, 0.06342416838162987, 0.01618080101028324], [0.12371889950852259, 0.02533259108925215, 0.01291416844225274, 0.016145286232674916, 0.8064045759305564, 0.015484478796741172], [0.8636845332242372, 0.03888422818986531, 0.013142890938715826, 0.018779302949230414, 0.05027953788897058, 0.015229506808980492], [0.09808474833346943, 0.030477010266336993, 0.012493063694591584, 0.016331634936483676, 0.8279694168949924, 0.014644125874125873], [0.8597253033449127, 0.040784471775814735, 0.013142890938715826, 0.018779302949230414, 0.05233852418234575, 0.015229506808980492], [0.8525443874250646, 0.04126914073581437, 0.013202020326074879, 0.021564608330807374, 0.05610164229221969, 0.015318200890019071], [0.8588013929384012, 0.036970929907059344, 0.022686099038060563, 0.022904735884100812, 0.04349499817791246, 0.015141844054465618], [0.9038644875346259, 0.015093185595567868, 0.012739279778393352, 0.012978836565096952, 0.039746703601108026, 0.015577506925207756], [0.8509710027560993, 0.031003405252781627, 0.022287072469469357, 0.01999834772927604, 0.05950211105137373, 0.01623806074099971], [0.6541784689287308, 0.04009782479445745, 0.013836942181670819, 0.024554990954580816, 0.25096499582382403, 0.01636677731673582], [0.1094022751711353, 0.022497077060892746, 0.012945181774025752, 0.01539099511426108, 0.8242612692164835, 0.015503201663201663], [0.13674024132385976, 0.020800471783449674, 0.012958573513083788, 0.01539931255178336, 0.7985901145207693, 0.015511286307053942], [0.84531185141752, 0.0441757552417844, 0.013696467467437343, 0.021676101716457036, 0.058983758911415655, 0.016156065245385605], [0.12518665511648544, 0.027672447564777554, 0.012851239049370147, 0.015870330951691346, 0.8029728392349924, 0.015446488082682976], [0.82882176961682, 0.04409706294283288, 0.01381825517840123, 0.024136732599703795, 0.0727874328504106, 0.016338746811831437], [0.6628645858327235, 0.030251180191666664, 0.021900673465709647, 0.01919353040309448, 0.24947880415433518, 0.016311225952470768], [0.9142948462177889, 0.01403973399833749, 0.012273815461346633, 0.012453532834580217, 0.032534995843724025, 0.014403075644222777]], [[0.9142948462177889, 0.01403973399833749, 0.012273815461346633, 0.012453532834580217, 0.032534995843724025, 0.014403075644222777], [0.6558982427625705, 0.036324396977516236, 0.023703922596369078, 0.024583492002022343, 0.2433215660743042, 0.016168379587217764], [0.8309211269513569, 0.05212922352100185, 0.013875373943112055, 0.02412558846930587, 0.06252426215632569, 0.016424424958897673], [0.6558572532123291, 0.22914417682800442, 0.013895138848996118, 0.023176872986870822, 0.06147248580607563, 0.01645407231772377], [0.8379805896180442, 0.05105664067608083, 0.013915283849224106, 0.022016638578356385, 0.05854655746022863, 0.01648428981806575], [0.8548609329290172, 0.04430058475530502, 0.013299242684136396, 0.019874240400443166, 0.05220096480398679, 0.015464034427111348], [0.8568205179592687, 0.04054148393010702, 0.01328226735177645, 0.02110358877564989, 0.052813570554626585, 0.01543857142857143], [0.6993524954694884, 0.04682571039265558, 0.013217480762219218, 0.020135455025174692, 0.20512746680622648, 0.015341391544235581], [0.09525839006856791, 0.028426777800327353, 0.012493063694591584, 0.014751491722629712, 0.8344261508397575, 0.014644125874125873], [0.8457244092572922, 0.04294841850570308, 0.013087770323381116, 0.019507153346672086, 0.06358542268097303, 0.015146825885978429], [0.8536868624890351, 0.04267769757068986, 0.013265612308706314, 0.022360007021917795, 0.052596231745684716, 0.015413588863966222], [0.851600134683852, 0.04255438623897431, 0.013202020326074879, 0.021536047319626037, 0.055789210541453485, 0.01531820089001907], [0.8571287053206991, 0.041720576928062074, 0.013217480762219218, 0.0201178528218961, 0.05247399262288799, 0.015341391544235581], [0.2482982435066333, 0.02585588782654058, 0.012493063694591584, 0.016086718995356984, 0.6826219601027516, 0.014644125874125873], [0.08650690461254353, 0.01970675624677414, 0.012493063694591584, 0.014549770367062204, 0.8520993792049025, 0.014644125874125875], [0.8677000948032871, 0.034443942410254474, 0.013157280833869578, 0.018016638506081574, 0.05143095179479613, 0.01525109165171112], [0.8561951271788039, 0.03862591032145912, 0.013217480762219218, 0.020135455025174692, 0.056484635168107526, 0.015341391544235581], [0.7039445225555451, 0.03862591032145912, 0.013217480762219218, 0.020135455025174692, 0.20873523979136632, 0.015341391544235581], [0.6985256660264264, 0.04255438623897431, 0.013202020326074879, 0.021536047319626037, 0.2088636791988791, 0.01531820089001907], [0.848689863321983, 0.044995299968292254, 0.013265612308706314, 0.022108338690249467, 0.05552729684680276, 0.015413588863966224], [0.8345270599036524, 0.047852558847091844, 0.013895138848996118, 0.02345441030432515, 0.06381675977821066, 0.01645407231772377], [0.8347735102153279, 0.050004462975219266, 0.013875373943112055, 0.024403125786760203, 0.06051910212068304, 0.016424424958897677], [0.8353355266368109, 0.047107776972792156, 0.01379990793882745, 0.02372397503158053, 0.06372158746751812, 0.016311225952470764], [0.1244209404726178, 0.025372515992481606, 0.012870520364471897, 0.01612338279617557, 0.8057545120882382, 0.01545812828601472], [0.11982386741774648, 0.025699723507910492, 0.012904670362565662, 0.015607224404485764, 0.810485769537417, 0.015478744769874478], [0.8604896184122252, 0.04030115984460063, 0.013217480762219218, 0.020135455025174692, 0.050514894411544685, 0.015341391544235581], [0.8585759600105032, 0.04339582645120357, 0.013217480762219218, 0.0201178528218961, 0.0493514884099424, 0.015341391544235581], [0.8519676913625538, 0.041269140735814364, 0.013202020326074879, 0.02156460833080737, 0.05667833835473038, 0.01531