{"round_id": "324fde07-1670-4202-b199-7aa92ecb40ee", "seed_index": 3, "prediction": [[[0.9100467675378267, 0.03034368026898976, 0.012270625095521931, 0.012483249274033317, 0.021746767537826686, 0.01310891028580162], [0.9100338672768878, 0.030323646071700995, 0.012283676582761251, 0.012495911517925248, 0.021742471395881008, 0.013120427154843631], [0.9100467675378267, 0.03034368026898976, 0.012270625095521931, 0.012483249274033317, 0.021746767537826686, 0.01310891028580162], [0.9100338672768878, 0.030323646071700995, 0.012283676582761251, 0.012495911517925248, 0.021742471395881008, 0.013120427154843631], [0.9100338672768878, 0.030323646071700995, 0.012283676582761251, 0.012495911517925248, 0.021742471395881008, 0.013120427154843631], [0.9100338672768878, 0.030323646071700995, 0.012283676582761251, 0.012495911517925248, 0.021742471395881008, 0.013120427154843631], [0.9100467675378267, 0.03034368026898976, 0.012270625095521931, 0.012483249274033317, 0.021746767537826686, 0.01310891028580162], [0.9100467675378267, 0.03034368026898976, 0.012270625095521931, 0.012483249274033317, 0.021746767537826686, 0.01310891028580162], [0.9100467675378267, 0.03034368026898976, 0.012270625095521931, 0.012483249274033317, 0.021746767537826686, 0.01310891028580162], [0.9100467675378267, 0.03034368026898976, 0.012270625095521931, 0.012483249274033317, 0.021746767537826686, 0.01310891028580162], [0.9100467675378267, 0.03034368026898976, 0.012270625095521931, 0.012483249274033317, 0.021746767537826686, 0.01310891028580162], [0.9100467675378267, 0.03034368026898976, 0.012270625095521931, 0.012483249274033317, 0.021746767537826686, 0.01310891028580162], [0.9100467675378267, 0.03034368026898976, 0.012270625095521931, 0.012483249274033317, 0.021746767537826686, 0.01310891028580162], [0.9100338672768878, 0.030323646071700995, 0.012283676582761251, 0.012495911517925248, 0.021742471395881008, 0.013120427154843631], [0.9100727105384262, 0.03038396993403896, 0.012244377972081607, 0.012457784936339929, 0.021755407271053843, 0.01308574934805952], [0.8995185185185183, 0.03632150958546622, 0.012583278129077587, 0.012862551440329217, 0.025029810298102976, 0.01368433202850547], [0.8994270704573546, 0.03676598681499794, 0.012404223320972393, 0.012690832303255047, 0.025177688504326327, 0.01353419859909353], [0.8994093167701862, 0.036852277432712216, 0.012369461697722567, 0.012657494824016562, 0.02520639751552795, 0.013505051759834368], [0.8994093167701862, 0.036852277432712216, 0.012369461697722567, 0.012657494824016562, 0.02520639751552795, 0.013505051759834368], [0.8994093167701862, 0.036852277432712216, 0.012369461697722567, 0.012657494824016562, 0.02520639751552795, 0.013505051759834368], [0.8994093167701862, 0.036852277432712216, 0.012369461697722567, 0.012657494824016562, 0.02520639751552795, 0.013505051759834368], [0.8994093167701862, 0.036852277432712216, 0.012369461697722567, 0.012657494824016562, 0.02520639751552795, 0.013505051759834368], [0.8994093167701862, 0.036852277432712216, 0.012369461697722567, 0.012657494824016562, 0.02520639751552795, 0.013505051759834368], [0.8994093167701862, 0.036852277432712216, 0.012369461697722567, 0.012657494824016562, 0.02520639751552795, 0.013505051759834368], [0.8994093167701862, 0.036852277432712216, 0.012369461697722567, 0.012657494824016562, 0.02520639751552795, 0.013505051759834368], [0.8994093167701862, 0.036852277432712216, 0.012369461697722567, 0.012657494824016562, 0.02520639751552795, 0.013505051759834368], [0.8994093167701862, 0.036852277432712216, 0.012369461697722567, 0.012657494824016562, 0.02520639751552795, 0.013505051759834368], [0.8994093167701862, 0.036852277432712216, 0.012369461697722567, 0.012657494824016562, 0.02520639751552795, 0.013505051759834368], [0.8994093167701862, 0.036852277432712216, 0.012369461697722567, 0.012657494824016562, 0.02520639751552795, 0.013505051759834368], [0.8994093167701862, 0.036852277432712216, 0.012369461697722567, 0.012657494824016562, 0.02520639751552795, 0.013505051759834368], [0.8994093167701862, 0.036852277432712216, 0.012369461697722567, 0.012657494824016562, 0.02520639751552795, 0.013505051759834368], [0.8994093167701862, 0.036852277432712216, 0.012369461697722567, 0.012657494824016562, 0.02520639751552795, 0.013505051759834368], [0.8994093167701862, 0.036852277432712216, 0.012369461697722567, 0.012657494824016562, 0.02520639751552795, 0.013505051759834368], [0.8994093167701862, 0.036852277432712216, 0.012369461697722567, 0.012657494824016562, 0.02520639751552795, 0.013505051759834368], [0.8994093167701862, 0.036852277432712216, 0.012369461697722567, 0.012657494824016562, 0.02520639751552795, 0.013505051759834368], [0.8994093167701862, 0.036852277432712216, 0.012369461697722567, 0.012657494824016562, 0.02520639751552795, 0.013505051759834368], [0.8994093167701862, 0.036852277432712216, 0.012369461697722567, 0.012657494824016562, 0.02520639751552795, 0.013505051759834368], [0.8994093167701862, 0.036852277432712216, 0.012369461697722567, 0.012657494824016562, 0.02520639751552795, 0.013505051759834368], [0.8994093167701862, 0.036852277432712216, 0.012369461697722567, 0.012657494824016562, 0.02520639751552795, 0.013505051759834368], [0.8994270704573546, 0.03676598681499794, 0.012404223320972393, 0.012690832303255047, 0.025177688504326327, 0.01353419859909353]], [[0.9100338672768878, 0.030323646071700995, 0.012283676582761251, 0.012495911517925248, 0.021742471395881008, 0.013120427154843631], [0.7734034450238754, 0.10347034974107976, 0.04082461221826242, 0.02155873750947718, 0.04653226240856548, 0.014210593098739552], [0.49329759933955253, 0.16371509497541548, 0.059508861959832404, 0.018898549652535606, 0.2504117198822471, 0.014168174190416752], [0.44629814078635144, 0.41967677092298655, 0.052928351784232455, 0.019342356706589917, 0.047630177131537374, 0.014124202668302261], [0.9100419243986254, 0.03033615883925162, 0.012275525009545629, 0.012488003054600993, 0.021745154639175257, 0.01311323405880107], [0.08691089833973233, 0.44003746691330314, 0.02961767643646418, 0.015566345044070689, 0.4142450388859432, 0.013622574380486288], [0.09498163438550027, 0.18576418283885268, 0.06092817274333489, 0.015551996861779493, 0.6291730619034761, 0.01360095126705653], [0.4246432330036131, 0.41401911431988225, 0.07567819461388917, 0.022068072172184282, 0.04953209590418045, 0.014059289986250589], [0.477095840662223, 0.3906448527218992, 0.05950886195983241, 0.01889854965253561, 0.039683720813093064, 0.014168174190416752], [0.47582149110546657, 0.3919192022786556, 0.05950886195983241, 0.01889854965253561, 0.039683720813093064, 0.014168174190416752], [0.5094621176382175, 0.35523895842421715, 0.04555109889976893, 0.02168730197674653, 0.053925509308987984, 0.01413501375206196], [0.06891833719347674, 0.11026884659628089, 0.06261554597044598, 0.02968375410055705, 0.7149247991522101, 0.013588716987029223], [0.5221191701117573, 0.10069164058099546, 0.05154048606791578, 0.018461729367776444, 0.2932164950283534, 0.013970478843201604], [0.0567384054580199, 0.33905407111717223, 0.11370744757072769, 0.02369487352958967, 0.45317590375217515, 0.013629298572315332], [0.9100906574394463, 0.03041184159938485, 0.012226220684352172, 0.012440169165705497, 0.021761384083044982, 0.013069727028066129], [0.622799093873767, 0.19404600836379995, 0.0935114649546664, 0.023670988957131538, 0.05093041020097666, 0.01504203364965846], [0.4235621907148121, 0.18710804207819332, 0.303823981136166, 0.02211719305347129, 0.049427628850516166, 0.013960964166841078], [0.12288776718922291, 0.4262448357660537, 0.14840404357993367, 0.015614861156030217, 0.2731528027858264, 0.013695689522932965], [0.1223194133190762, 0.2276693916303101, 0.34888933368723263, 0.015635649103914722, 0.2717591947156068, 0.01372701754385965], [0.07246843559672693, 0.5401796427345802, 0.06733182322534437, 0.016602623749090436, 0.28905096888550025, 0.01436650580875782], [0.2998189351278688, 0.4811781174977213, 0.14198981400578128, 0.021987600637939766, 0.04085289589678019, 0.014172636833908743], [0.623817066321629, 0.18043414972654573, 0.11299001455746562, 0.033601892185738044, 0.03502905271148753, 0.01412782449713409], [0.4841581782491909, 0.15158142993368157, 0.28943858518125315, 0.025112635592022002, 0.03554099685343546, 0.014168174190416752], [0.7592100723766635, 0.11242226557366145, 0.05207148733742614, 0.023905819244480514, 0.03817976236902866, 0.014210593098739552], [0.7682158881052298, 0.11028924754923876, 0.04555590149284311, 0.023414652937584955, 0.038269065333918766, 0.014255244581184602], [0.7732883055358953, 0.1064556851032951, 0.04231418071719642, 0.024860610189756577, 0.038862678018662965, 0.01421854043519347], [0.06839008034957601, 0.09693313154362194, 0.06528178255627315, 0.02957404800393701, 0.7261702463530234, 0.013650711193568336], [0.7685053323139075, 0.09926194740011242, 0.047827666366095915, 0.029234668666097523, 0.04106722869141069, 0.014103156562376132], [0.7635647616849667, 0.11396557831568337, 0.04428379560169295, 0.023905819244480514, 0.04006945205443682, 0.014210593098739552], [0.7674276971889201, 0.11325745783308122, 0.04337588212531025, 0.023414652937584955, 0.038269065333918766, 0.014255244581184602], [0.7563532347227405, 0.12317979641270374, 0.053189974539908515, 0.018754213140929336, 0.034220471526442635, 0.014302309657275334], [0.7904247036218364, 0.106199201027505, 0.033902863706949914, 0.01680804504166948, 0.03720487549561002, 0.015460311106429299], [0.6989724916010989, 0.15714981767726224, 0.06618519290961948, 0.02108951496130093, 0.04134350032081341, 0.015259482529905066], [0.678531925555218, 0.15358142096421282, 0.07393838945675628, 0.029513409698768943, 0.04949092405271874, 0.01494393027232515], [0.09271728445016557, 0.12214979525363606, 0.04665782019783601, 0.03835952892024909, 0.6857404737422159, 0.014375097435897436], [0.15458178117560856, 0.13571678618596167, 0.09015984314863916, 0.027697353693105484, 0.5775159542231862, 0.014328281573498965], [0.5637578033114647, 0.23665416181266663, 0.1105662885955396, 0.02139224838015158, 0.05275172998864189, 0.014877767911535257], [0.14881285322664387, 0.12850562624975578, 0.0991168628588738, 0.024812889718623134, 0.5844234863726044, 0.014328281573498965], [0.6654565610227532, 0.16989922399282145, 0.0696129974450768, 0.03628106744163792, 0.04373075530803559, 0.015019394789675025], [0.8994867821330902, 0.03647576217968196, 0.012521138458421958, 0.012802957561025017, 0.02508113035551504, 0.013632229312265775]], [[0.9100467675378267, 0.03034368026898976, 0.012270625095521931, 0.012483249274033317, 0.021746767537826686, 0.01310891028580162], [0.7083094288396106, 0.15429066802742653, 0.059508861959832404, 0.018898549652535606, 0.04482431733017796, 0.014168174190416752], [0.6507566330037764, 0.1798325272940303, 0.07733590082334613, 0.01934239627864489, 0.058604718103068054, 0.01412782449713409], [0.9075882061446977, 0.03183318467129171, 0.012300313842087875, 0.01253011232243145, 0.02254187314172448, 0.013206309877766765], [0.40993843852024137, 0.16212120869977206, 0.31425554622490054, 0.022034517163519785, 0.077597534091237, 0.014052755300329137], [0.40962982295263034, 0.43012307168488445, 0.026823104654759004, 0.03300696224959674, 0.08547684013623778, 0.014940198321891685], [0.39869496466251875, 0.4862346294993558, 0.01632215095326539, 0.026314062909039787, 0.05828092172616564, 0.014153270249654688], [0.4083887319214187, 0.482937488861353, 0.014216275306530482, 0.02566213695711042, 0.05454841479057117, 0.014246952163016236], [0.6106300778373065, 0.285621784711764, 0.014227385020615024, 0.025021549056785733, 0.05023558663938556, 0.01426361673414305], [0.41747797354557065, 0.4787738890034999, 0.014227385020615024, 0.025021549056785733, 0.05023558663938556, 0.01426361673414305], [0.45339416854755293, 0.4448025166705018, 0.014184180576952914, 0.02385755862075575, 0.049562765515586506, 0.014198810068649884], [0.7238068420550328, 0.18262529301060676, 0.014144062164980958, 0.018818601978681175, 0.046466568340006315, 0.014138632450691947], [0.07202678600023771, 0.11631706768360822, 0.26613815334164576, 0.03157276596995868, 0.5002221066320589, 0.013723120372490648], [0.9069078914612896, 0.03203239565181313, 0.012407136337233424, 0.012638021740934362, 0.022697137167040082, 0.013317417641689488], [0.10545128908929284, 0.10150388757288543, 0.3057290278795021, 0.015543878711698857, 0.45818319975959143, 0.013588716987029223], [0.5269446556895625, 0.336241324270221, 0.0230047053323639, 0.030639067042764284, 0.06803079848732292, 0.015139449177765357], [0.38264769442193325, 0.4940823042645133, 0.025023936148977508, 0.029955020863041228, 0.05412287011111804, 0.014168174190416754], [0.11034504889405244, 0.4979860083084764, 0.01989207200584469, 0.023224397265321044, 0.3348897874196943, 0.013662686106611123], [0.18881619984527367, 0.6590852733571791, 0.01892370133913757, 0.04424322799705488, 0.07314665872599997, 0.01578493873535462], [0.11420110246692343, 0.4842261231550142, 0.01974438487122538, 0.0328228652415381, 0.33527850672143916, 0.01372701754385965], [0.11269083830782808, 0.301165328340984, 0.013757380962104814, 0.032224096647347204, 0.5264996696351247, 0.013662686106611123], [0.5792838785263089, 0.3027388179895534, 0.017800389685804795, 0.028174183903791117, 0.05783455570412498, 0.014168174190416752], [0.41752067480200944, 0.46782290534439325, 0.02051744373024568, 0.027554940438269324, 0.05232041895093908, 0.014263616734143048], [0.6533875447228408, 0.239436206939809, 0.01780345497442319, 0.025400506794597592, 0.04977347649967944, 0.014198810068649884], [0.5192683316501545, 0.38858336592391857, 0.01419467885298296, 0.02182393281164843, 0.041915133278600636, 0.014214557482694953], [0.7607555971322271, 0.15638771260732878, 0.013487189690010932, 0.019356747800073765, 0.0365046444558224, 0.013508108314537012], [0.7745328028332131, 0.14479469027542352, 0.013420589477833932, 0.01872785793599444, 0.03511585148126346, 0.013408207996271513], [0.06773684321080393, 0.157649628979665, 0.013168167578226737, 0.02021200164563001, 0.728142833601487, 0.013090524984187224], [0.5478299919939433, 0.356397381990883, 0.013469614634019779, 0.022770439220567644, 0.04605082643003585, 0.013481745730550283], [0.5967355064152401, 0.31851913341029015, 0.013524407455639256, 0.019713127370908242, 0.03794389038494258, 0.013563934962979498], [0.768998281153208, 0.1492273859296898, 0.013534172512957578, 0.01749437776774376, 0.03716720008744389, 0.013578582548956983], [0.7367146249447833, 0.17452605712606684, 0.014274045819770102, 0.018461281134732697, 0.04169038304177107, 0.014333607932875667], [0.7155839178561306, 0.18809627122629566, 0.014205375209692818, 0.021594841035491648, 0.04628899265462963, 0.01423060201775974], [0.07384015511196178, 0.41575853491931936, 0.013644155603695682, 0.02240737692928946, 0.46080221684398054, 0.013547560591753226], [0.4103626470637788, 0.47124618475449886, 0.01413447634973102, 0.025873166718243155, 0.06425927138593117, 0.014124253727817043], [0.37523597459304586, 0.4986325851265785, 0.014173874929840853, 0.029051021416752247, 0.06872319233580078, 0.014183351597981791], [0.384623594697374, 0.506476373454835, 0.014216275306530482, 0.029586822813628143, 0.05084998156461597, 0.014246952163016234], [0.37523597459304586, 0.5064202768623117, 0.014173874929840853, 0.029051021416752247, 0.06093550060006758, 0.014183351597981791], [0.44297226089723785, 0.41824404393665116, 0.062186435404669275, 0.01889854965253561, 0.043530535918489405, 0.014168174190416754], [0.910163365182941, 0.030524757243843702, 0.012152660607473005, 0.012368802920842073, 0.021785597762759262, 0.013004816282140915]], [[0.9100338672768878, 0.030323646071700995, 0.012283676582761251, 0.012495911517925248, 0.021742471395881008, 0.013120427154843631], [0.813868645612892, 0.08758683955729174, 0.033645303114408394, 0.019763178392006444, 0.03092662800376495, 0.014209405319636492], [0.9075882061446977, 0.03183318467129171, 0.012300313842087875, 0.01253011232243145, 0.02254187314172448, 0.013206309877766765], [0.44616742579955754, 0.38299047581235757, 0.07916450838726143, 0.01934239627864489, 0.05820736922504432, 0.01412782449713409], [0.4128344542282676, 0.26166100747786236, 0.021062530726758004, 0.025812296903383623, 0.2644615364733117, 0.014168174190416754], [0.09540441760044684, 0.4983362031292614, 0.01368731095062205, 0.03308639153087904, 0.34589423661384533, 0.013591440174945329], [0.40076530111683206, 0.48316222205781967, 0.014163756658130827, 0.025812296903383623, 0.06192824907341705, 0.014168174190416754], [0.4143880971638039, 0.4818637653852667, 0.014227385020615024, 0.025021549056785733, 0.05023558663938556, 0.01426361673414305], [0.4192176059948351, 0.4770342565542355, 0.014227385020615024, 0.025021549056785733, 0.05023558663938556, 0.01426361673414305], [0.6033582223820643, 0.28417191631755234, 0.014163756658130827, 0.025812296903383616, 0.05832563354845182, 0.014168174190416752], [0.08755160454187616, 0.46618945129320344, 0.013727185467020685, 0.026730267098276896, 0.3921695077311568, 0.013631983868465952], [0.6838081994049123, 0.2171279741062094, 0.014106710540041546, 0.023028795233381506, 0.047845715702172324, 0.014082605013282831], [0.07531532629157098, 0.11269749195688746, 0.06144377591156306, 0.02842444466698974, 0.7083919436291292, 0.01372701754385965], [0.9100467675378267, 0.03034368026898976, 0.012270625095521931, 0.012483249274033317, 0.021746767537826686, 0.01310891028580162], [0.7323916598357019, 0.12314759846897494, 0.05707714600786266, 0.021712169705848335, 0.05159365357899592, 0.014077772402616415], [0.5779907600287557, 0.2958896166472867, 0.023027459000121202, 0.02745450568071077, 0.06030304632118032, 0.015334612321945], [0.4050274573495652, 0.4799694255154753, 0.016982163767877975, 0.028926700874399094, 0.054910900894700604, 0.01418335159798179], [0.345030216734889, 0.5374306817238839, 0.014163756658130827, 0.0364712331953802, 0.052735937497299254, 0.014168174190416752], [0.3579339590055315, 0.314927826510461, 0.014205375209692818, 0.25351866482435337, 0.04518357243220158, 0.01423060201775974], [0.35100234707669875, 0.5307566965481583, 0.014153820697622783, 0.037242639752852386, 0.05269122567501306, 0.014153270249654688], [0.1571052317894387, 0.6796360166762718, 0.017617124689008175, 0.03929047676512797, 0.09141095175826158, 0.014940198321891685], [0.591650000264561, 0.29606317955445227, 0.014205375209692818, 0.028979510624865, 0.054871332328669344, 0.01423060201775974], [0.3781413382484916, 0.5056501225066966, 0.016031625446478844, 0.028174183903791117, 0.05783455570412498, 0.014168174190416752], [0.11662822022904118, 0.2698551307431975, 0.013739039502497075, 0.028414733962210496, 0.5577188387237998, 0.013644036839253927], [0.2987316381588789, 0.23590574262065103, 0.013820650603490825, 0.023168845858650637, 0.41464610521446915, 0.01372701754385965], [0.06838103306731992, 0.3230284435587027, 0.013168167578226737, 0.016335019081454006, 0.5659968117301095, 0.013090524984187224], [0.06748580467515868, 0.3328071319258484, 0.013168167578226737, 0.017204224140258267, 0.5562441466963207, 0.013090524984187222], [0.7097169534831608, 0.19577117588093235, 0.013428398794748494, 0.02201004157231612, 0.04565350829719898, 0.013419921971643354], [0.5265615181345435, 0.2124331090174626, 0.013505440709694054, 0.024502186398354865, 0.20946226089588318, 0.013535484844061694], [0.5544819387103455, 0.34918032718189906, 0.013514832011084396, 0.022698899802482193, 0.046574430498041754, 0.013549571796147209], [0.7655623611730287, 0.1495856947619188, 0.013524407455639256, 0.01796310051902324, 0.03980050112741044, 0.013563934962979498], [0.7186821949860812, 0.18371424580345713, 0.014205375209692818, 0.021862109701820315, 0.047305472281188865, 0.01423060201775974], [0.5148993829738393, 0.3818993684986186, 0.01425025796137732, 0.02631857164593602, 0.04833449277494237, 0.01429792614528649], [0.41611042960919525, 0.26191901577014753, 0.014134476349731018, 0.029885007915439035, 0.26382681662767005, 0.01412425372781704], [0.3834827854351901, 0.4885054207458458, 0.014227385020615024, 0.028878567915777288, 0.07064222414842868, 0.01426361673414305], [0.38462359469737406, 0.30452620708900535, 0.014216275306530482, 0.029586822813628143, 0.25280014793044564, 0.014246952163016236], [0.38297359253857266, 0.506031597387905, 0.014205375209692818, 0.030110027461836032, 0.05244880538423365, 0.01423060201775974], [0.38462359469737406, 0.5056155876886251, 0.017429148129708544, 0.029586822813628143, 0.04849789450764773, 0.014246952163016236], [0.3853379706966471, 0.44056774509923047, 0.08956006168419511, 0.02738780624625165, 0.043018591776541465, 0.01412782449713409], [0.9100727105384262, 0.03038396993403896, 0.012244377972081607, 0.012457784936339929, 0.021755407271053843, 0.01308574934805952]], [[0.9100338672768878, 0.030323646071700995, 0.012283676582761251, 0.012495911517925248, 0.021742471395881008, 0.013120427154843631], [0.9100419243986254, 0.03033615883925162, 0.012275525009545629, 0.012488003054600993, 0.021745154639175257, 0.01311323405880107], [0.09796320007715321, 0.0900917528719185, 0.2894153347092942, 0.031292021757299275, 0.4775210774099499, 0.013716613174384839], [0.6542230012535374, 0.24247290295063542, 0.014184180576952914, 0.02293314914215447, 0.051987956008069686, 0.014198810068649884], [0.6327621301957231, 0.2562684181983949, 0.015854723421731103, 0.025021549056785733, 0.05582956239322208, 0.01426361673414305], [0.6111060210365031, 0.27015202284341966, 0.014115804848722446, 0.027056555009648736, 0.06347334978540174, 0.01409624647630418], [0.4183713970165399, 0.4721480821311764, 0.014227385020615024, 0.025021549056785733, 0.05596797004073968, 0.01426361673414305], [0.603887237197038, 0.28546050906819015, 0.014173874929840853, 0.025194002557760692, 0.05710102464918854, 0.01418335159798179], [0.41479849248313305, 0.4765277282996386, 0.014216275306530482, 0.02566213695711042, 0.05454841479057116, 0.014246952163016236], [0.41357224573829904, 0.4772907209288718, 0.014205375209692818, 0.02618534160531831, 0.05451571450005816, 0.01423060201775974], [0.6056108841947808, 0.27565079484930566, 0.014088984345155046, 0.029131902432257654, 0.061461418457547705, 0.014056015720953084], [0.08956769781463336, 0.2551251886368828, 0.013820650603490825, 0.023603691234445123, 0.6041557541666882, 0.01372701754385965], [0.11374440945311849, 0.09433212305478077, 0.07624660890953709, 0.020443679957601296, 0.6815374891020293, 0.013695689522932965], [0.9100338672768878, 0.030323646071700995, 0.012283676582761251, 0.012495911517925248, 0.021742471395881008, 0.013120427154843631], [0.5374677702306696, 0.12048521863168347, 0.25725825230810023, 0.01976309528482292, 0.05081507044598435, 0.014210593098739552], [0.5833339071310065, 0.28546937154286073, 0.0286331430910272, 0.02745173809011603, 0.05982400152827464, 0.015287838616714695], [0.09112697998829186, 0.2660944777836248, 0.013696665061346177, 0.023697106595210564, 0.5917838193044699, 0.01360095126705653], [0.35670169962459863, 0.5288556572220057, 0.014163756658130827, 0.033374774807548885, 0.05273593749729926, 0.014168174190416754], [0.3674945076681473, 0.5048802488846906, 0.014205375209692818, 0.05400569378750775, 0.04518357243220157, 0.01423060201775974], [0.5522917478325057, 0.33371651230054866, 0.014163756658130827, 0.03292387152109874, 0.052735937497299254, 0.014168174190416752], [0.3314272815106551, 0.32041696556051297, 0.013644155603695682, 0.02612228710584312, 0.29484174962753995, 0.013547560591753226], [0.3822751419603437, 0.5033841875831926, 0.014163756658130827, 0.028174183903791117, 0.05783455570412498, 0.014168174190416752], [0.589580212891375, 0.2981329669276383, 0.014205375209692818, 0.028979510624865, 0.054871332328669344, 0.01423060201775974], [0.4037679406383607, 0.48166667385260653, 0.014163756658130827, 0.028540432193889846, 0.057693022466595315, 0.014168174190416754], [0.6196706446433762, 0.2698132615995832, 0.01412505870667845, 0.028926136566157036, 0.053354771220966796, 0.014110127263238188], [0.07961567850115352, 0.36120359946903696, 0.013168167578226737, 0.02091989685053193, 0.5120021326168636, 0.013090524984187222], [0.07715000152827708, 0.1976929304955652, 0.013168167578226737, 0.02091989685053193, 0.6779784785632118, 0.013090524984187222], [0.5146465261374629, 0.3847377844015542, 0.013461068964592888, 0.024645188637303733, 0.049040504632676236, 0.013468927226409948], [0.5089091252947544, 0.38935815636687404, 0.013496228290234953, 0.02524961854309008, 0.04946520529017347, 0.013521666214873045], [0.6905627737381423, 0.20928288107153367, 0.013505440709694054, 0.024502186398354865, 0.0486112332382134, 0.013535484844061694], [0.5304006856768668, 0.20294679646597708, 0.013469614634019779, 0.024738669991651932, 0.2149624875009339, 0.013481745730550283], [0.07363530034202025, 0.41759199292526733, 0.013665814472543485, 0.022396060365115277, 0.45914124895369274, 0.013569582941360929], [0.4191620382466721, 0.2566925325714592, 0.01413447634973102, 0.23179491701126098, 0.06409178209305973, 0.014124253727817043], [0.0846355195411006, 0.5143019377209993, 0.013727185467020685, 0.023814182097501344, 0.3498891913049119, 0.013631983868465952], [0.377355435203799, 0.5036270428348386, 0.014115804848722446, 0.03330534197350753, 0.05750012866282811, 0.01409624647630418], [0.37491000236654065, 0.5088432939477882, 0.014153820697622783, 0.03023874876555751, 0.057700863972836004, 0.014153270249654688], [0.1889523051827762, 0.61756614887492, 0.01932342676781554, 0.028090322824948173, 0.1311275980276484, 0.014940198321891685], [0.38297359253857266, 0.5056584220599928, 0.020275693877065633, 0.030110027461836032, 0.04675166204477311, 0.01423060201775974], [0.42002860302383466, 0.16805730264634197, 0.32432682535958673, 0.02434377392776626, 0.04921947473552412, 0.014024020306946331], [0.9100467675378267, 0.03034368026898976, 0.012270625095521931, 0.012483249274033317, 0.021746767537826686, 0.01310891028580162]], [[0.9100338672768878, 0.030323646071700995, 0.012283676582761251, 0.012495911517925248, 0.021742471395881008, 0.013120427154843631], [0.8166591655786564, 0.08429147373957013, 0.038594282823740465, 0.017082238746238487, 0.029937979856119873, 0.013434859255674558], [0.23602016719057908, 0.33115575283284027, 0.018212823966934546, 0.0206394620346992, 0.38088126899075975, 0.013090524984187224], [0.5964273422004044, 0.32176904853875027, 0.013478320035585491, 0.018054638496673565, 0.03677584689568748, 0.013494803832898852], [0.70965051035203, 0.1998092074610477, 0.013428398794748492, 0.019964054296950563, 0.043727907123579796, 0.013419921971643352], [0.24904188080801543, 0.38870645603538817, 0.013168167578226737, 0.01890223858846145, 0.3170907320057211, 0.013090524984187222], [0.3405432218777508, 0.3956016053852419, 0.013420589477833932, 0.023647981755774154, 0.21337839350712776, 0.013408207996271515], [0.08406482198776696, 0.5792642494456764, 0.013168167578226737, 0.026386368455393328, 0.28402586754874953, 0.013090524984187224], [0.4946377277579464, 0.4042158313549462, 0.01340537477419005, 0.024543354502039504, 0.049812325670072204, 0.013385385940805688], [0.18876235226579785, 0.6814421082862058, 0.01631628745559122, 0.02763525382696403, 0.0717474769763204, 0.01409652118912081], [0.08981327632780793, 0.22002140353857183, 0.013163433941749887, 0.023425935791363685, 0.6404902180293204, 0.013085732371186227], [0.494522634562583, 0.40242779423889175, 0.01695969746687961, 0.027578908746844155, 0.04511426724259092, 0.013396697742210488], [0.35925665881830104, 0.31691026061489, 0.2472420103671848, 0.018796467721955933, 0.044428549870473566, 0.013366052607194511], [0.916859203036053, 0.0268528146742568, 0.011893674889310563, 0.012069664769133459, 0.019737115749525618, 0.012587526881720431], [0.735476136307771, 0.13097018098693886, 0.06864082892099886, 0.017378873241286643, 0.03407763875702333, 0.013456341785981254], [0.6298749752162788, 0.25346521926948806, 0.021447140985188795, 0.02611841203636197, 0.054910900894700604, 0.01418335159798179], [0.11499398660351341, 0.5053005769480583, 0.013736409555692195, 0.026449071996868898, 0.32587859213938225, 0.013641362756484707], [0.5702027312264625, 0.3184174442923727, 0.014106710540041546, 0.03227595106422642, 0.050914557863613985, 0.014082605013282831], [0.4553909962148395, 0.34077285886532244, 0.017617124689008175, 0.0816047264691664, 0.0896740954397716, 0.014940198321891685], [0.35919176188992213, 0.5300209169887063, 0.014153820697622783, 0.029789004499080937, 0.05269122567501306, 0.014153270249654688], [0.3590917798325062, 0.5283975496418962, 0.014163756658130827, 0.027872649824273392, 0.05630608985277652, 0.014168174190416752], [0.5710377309880772, 0.305071728720928, 0.014205375209692818, 0.04670083827586326, 0.04875372478767885, 0.01423060201775974], [0.21364835662626025, 0.629458624405561, 0.017617124689008175, 0.03126722829933648, 0.09306846765794242, 0.014940198321891685], [0.6033429510820905, 0.28542449137643094, 0.014205375209692818, 0.028913476895824533, 0.053883103418201655, 0.01423060201775974], [0.41471901817654055, 0.4745116783975814, 0.014216275306530482, 0.028390272247616644, 0.05391580370871464, 0.014246952163016236], [0.6813381932221968, 0.2196707881904211, 0.013461068964592888, 0.024645188637303733, 0.04741583375907549, 0.013468927226409948], [0.515586606144272, 0.3854223752683459, 0.013461068964592888, 0.024645188637303733, 0.04741583375907549, 0.013468927226409948], [0.34051809556071194, 0.560798440308152, 0.013496228290234953, 0.02524961854309008, 0.04641595108293795, 0.013521666214873045], [0.5017082626526199, 0.3973112761662574, 0.013487189690010932, 0.025683471353843107, 0.048301691822731536, 0.013508108314537012], [0.6695771499808318, 0.22732941988550204, 0.013496228290234953, 0.02524961854309008, 0.050825917085468, 0.013521666214873045], [0.6660194639278085, 0.22471496453651466, 0.013505440709694052, 0.025654524059192926, 0.05657012192272799, 0.013535484844061692], [0.42900181265618476, 0.2531464563522791, 0.014134476349731018, 0.02876169238022419, 0.26083130853376385, 0.01412425372781704], [0.5074570359920574, 0.3882924227759707, 0.014250257961377319, 0.026843217998150835, 0.048859139127157176, 0.01429792614528649], [0.6323693975616517, 0.24891314930996075, 0.014106710540041548, 0.031137090526877742, 0.05939104704818566, 0.014082605013282831], [0.08248587620833664, 0.5336383678990376, 0.013820650603490824, 0.024482543334063106, 0.33184554441121206, 0.01372701754385965], [0.11091360761124247, 0.5291246140125516, 0.01380785393056305, 0.026945673759659672, 0.3054942445697752, 0.01371400611620795], [0.3749100023665407, 0.5160272886497438, 0.014153820697622785, 0.03023874876555751, 0.050516869270880574, 0.014153270249654688], [0.37646994816630347, 0.5108120208179568, 0.01825129297225494, 0.029736982759901345, 0.05056158109316677, 0.014168174190416754], [0.11082273052451393, 0.13519413610776065, 0.31243576409820223, 0.015551996861779492, 0.4123944211406871, 0.01360095126705653], [0.9100467675378267, 0.03034368026898976, 0.012270625095521931, 0.012483249274033317, 0.021746767537826686, 0.01310891028580162]], [[0.9100467675378267, 0.03034368026898976, 0.012270625095521931, 0.012483249274033317, 0.021746767537826686, 0.01310891028580162], [0.2543966274433385, 0.08057515245393726, 0.019754067446859057, 0.021259104154041676, 0.6109245235176363, 0.013090524984187222], [0.06900751390425483, 0.31880396588446325, 0.01426761698252574, 0.019770256975894938, 0.5650601212686741, 0.013090524984187224], [0.5957415414715891, 0.3243712550477537, 0.013444439553816237, 0.0168837033969, 0.036115077419695975, 0.013443983110244969], [0.06417637850037877, 0.3257874511121594, 0.013168167578226737, 0.0224796461623576, 0.5612978316626903, 0.013090524984187224], [0.07622018335281099, 0.3683926262831982, 0.013168167578226737, 0.017282586138770945, 0.5118459116628061, 0.013090524984187224], [0.5310168041484484, 0.3766705287950738, 0.013428398794748492, 0.019964054296950563, 0.04550029199313541, 0.013419921971643352], [0.07949128785719256, 0.39771600956975534, 0.013168167578226737, 0.02200924371344512, 0.474524766297193, 0.013090524984187222], [0.24503816009389398, 0.41783922283674146, 0.013168167578226737, 0.029493373580376993, 0.28137055092657376, 0.013090524984187224], [0.502207786280138, 0.3973402079711996, 0.013444439553816237, 0.023527980059298646, 0.05003560302530243, 0.013443983110244969], [0.4993698954135155, 0.40058628649061556, 0.01345267867097376, 0.026547142537284657, 0.04658765510162918, 0.013456341785981254], [0.518777267164942, 0.38822962052836935, 0.014927946655584305, 0.025411739387814013, 0.03911794141922859, 0.013535484844061694], [0.5632932249505916, 0.30105448071284563, 0.06976566219893292, 0.01616822988308217, 0.03626206046856618, 0.013456341785981254], [0.916859203036053, 0.0268528146742568, 0.011893674889310563, 0.012069664769133459, 0.019737115749525618, 0.012587526881720431], [0.40940090841853244, 0.2966477089975827, 0.2279756696290353, 0.017378873241286643, 0.0351404979275818, 0.013456341785981256], [0.6340518044000946, 0.2552507434074359, 0.019366397866560955, 0.02594595853538701, 0.05112147905637845, 0.01426361673414305], [0.37707576875855664, 0.509809454858074, 0.01625545348722692, 0.03179395270413873, 0.05096912371569939, 0.01409624647630418], [0.1060345191272344, 0.2826179052417702, 0.013684632709154924, 0.0201990955259458, 0.5638751304088654, 0.013588716987029223], [0.36688905405695016, 0.5217311214618849, 0.014106710540041546, 0.03227595106422642, 0.050914557863613985, 0.014082605013282831], [0.11494959654704556, 0.5083574143862065, 0.013739039502497075, 0.026445798687374185, 0.3228641140376226, 0.013644036839253927], [0.38316636681312105, 0.5077481495534941, 0.014173874929840853, 0.02699357784058737, 0.053734679264974765, 0.01418335159798179], [0.606177665488698, 0.27925694900226905, 0.014163756658130827, 0.028540432193889846, 0.057693022466595315, 0.014168174190416752], [0.10360592850383296, 0.48782594689190717, 0.01364415560369568, 0.03231955725778749, 0.34905685115102336, 0.013547560591753226], [0.397044771727844, 0.4883898427631232, 0.014163756658130827, 0.028540432193889846, 0.057693022466595315, 0.014168174190416752], [0.43104476595220975, 0.461643135543332, 0.014227385020615026, 0.027488906709228864, 0.0513321900404714, 0.01426361673414305], [0.5184600809578761, 0.3825489004547419, 0.01346106896459289, 0.024645188637303736, 0.04741583375907549, 0.013468927226409948], [0.6618404270578244, 0.2363283139906626, 0.01345267867097376, 0.025374134475768237, 0.04954810401878966, 0.013456341785981254], [0.3280060478176022, 0.5690039764356992, 0.013444439553816237, 0.025790209892223165, 0.050311343190414214, 0.013443983110244969], [0.16551051565324015, 0.6821675772931737, 0.01631628745559122, 0.0250008938795111, 0.09690820452936293, 0.01409652118912081], [0.33002694298934615, 0.4020515277928041, 0.013444439553816237, 0.025790209892223165, 0.2152428966615654, 0.013443983110244969], [0.32694942339198513, 0.5701884866621587, 0.013412915975126581, 0.02739810675239989, 0.04865436947611921, 0.013396697742210488], [0.08418333248328336, 0.5076049279863344, 0.013766507194374979, 0.023783584716973376, 0.3569896821230388, 0.013671965495995071], [0.4225734989896524, 0.4626712344197166, 0.014134476349731018, 0.02792592607193526, 0.05857061044114759, 0.01412425372781704], [0.06741893280696265, 0.42438381573649603, 0.013820650603490825, 0.02090710104620614, 0.4597424822629848, 0.01372701754385965], [0.07526809863864795, 0.48899670703610537, 0.013820650603490825, 0.017734214711996432, 0.39045331146589984, 0.01372701754385965], [0.08248587620833664, 0.5336383678990376, 0.013820650603490824, 0.024482543334063106, 0.33184554441121206, 0.01372701754385965], [0.3787354584894258, 0.5126340468089584, 0.014163756658130827, 0.02973698275990134, 0.05056158109316676, 0.014168174190416752], [0.37168011204589796, 0.506032545556769, 0.018692757419148467, 0.030315797772705468, 0.059168659942240846, 0.014110127263238188], [0.1181792953912195, 0.32649281451488, 0.08141913791682899, 0.023625290185558815, 0.4366207758849016, 0.013662686106611123], [0.9100467675378267, 0.03034368026898976, 0.012270625095521931, 0.012483249274033317, 0.021746767537826686, 0.01310891028580162]], [[0.9100467675378267, 0.03034368026898976, 0.012270625095521931, 0.012483249274033317, 0.021746767537826686, 0.01310891028580162], [0.8388924373569728, 0.06845403837304513, 0.02951866467840024, 0.019388007684671305, 0.030277924680500543, 0.013468927226409948], [0.0607256179724845, 0.3202094054929082, 0.013168167578226737, 0.015542409344213626, 0.5772638746279797, 0.013090524984187222], [0.5989180526522604, 0.3215613845805921, 0.013452678670973758, 0.016447030187551268, 0.0361645121226411, 0.013456341785981252], [0.7576018502485462, 0.16098037045811522, 0.013487189690010932, 0.017606720948188763, 0.036815760340601966, 0.013508108314537012], [0.4265948921085367, 0.49160149863061814, 0.013478320035585491, 0.018054638496673565, 0.03677584689568748, 0.013494803832898852], [0.5857776810245008, 0.33151969612668825, 0.013478320035585491, 0.018054638496673565, 0.03767486048365316, 0.013494803832898852], [0.5380280187062139, 0.37380573144889, 0.013428398794748492, 0.019964054296950563, 0.041353874781553626, 0.013419921971643352], [0.0847135310042836, 0.3862997665499011, 0.013168167578226737, 0.01890223858846145, 0.48382577129493987, 0.013090524984187224], [0.5062197661926852, 0.3936866296550046, 0.01345267867097376, 0.023111904642843725, 0.05007267905251128, 0.013456341785981254], [0.5133613360367961, 0.391893712727449, 0.013461068964592888, 0.025554741626762887, 0.042260213417989086, 0.013468927226409948], [0.5451226670468579, 0.36643618179722537, 0.013514832011084396, 0.02360845279194134, 0.03776829455674382, 0.013549571796147209], [0.591541162376874, 0.2861643894280827, 0.04297156337167711, 0.017270294323056025, 0.04856107402184839, 0.01349151647846145], [0.916859203036053, 0.0268528146742568, 0.011893674889310563, 0.012069664769133459, 0.019737115749525618, 0.012587526881720431], [0.681325669673148, 0.15095904421703688, 0.0914985189043625, 0.023207708310888458, 0.03958617596240547, 0.013422882932158629], [0.4178844196947022, 0.4655621757880491, 0.0195093851583282, 0.029804860916768018, 0.05299220627913622, 0.014246952163016236], [0.6025263867538034, 0.28463157714139, 0.014153820697622785, 0.030456786868697384, 0.05407815828883184, 0.014153270249654688], [0.23571342098204853, 0.6205679988300867, 0.017617124689008175, 0.03289262179786073, 0.07826863537910426, 0.014940198321891685], [0.37929830835834133, 0.508084370589421, 0.014153820697622783, 0.030090538578598655, 0.05421969152636151, 0.014153270249654688], [0.11441853618817785, 0.28578528929183766, 0.013807853930563052, 0.03285365162970677, 0.5394206628435068, 0.01371400611620795], [0.6225896878006505, 0.26689421844230904, 0.014125058706678451, 0.028926136566157043, 0.0533547712209668, 0.014110127263238188], [0.6392719035323017, 0.25341599796324005, 0.014227385020615026, 0.027488906709228864, 0.0513321900404714, 0.01426361673414305], [0.6010784852346976, 0.2850085822563929, 0.014115804848722446, 0.02978469030015496, 0.05591619088372766, 0.01409624647630418], [0.4280251089185004, 0.46466279257704135, 0.014227385020615026, 0.027488906709228864, 0.0513321900404714, 0.01426361673414305], [0.6475509644403102, 0.25079900203874594, 0.014134476349731018, 0.024483505511694724, 0.048907797931700844, 0.01412425372781704], [0.0771500015282771, 0.19025028625810847, 0.013168167578226737, 0.022311316221117802, 0.6840297034300826, 0.013090524984187224], [0.08101881620177843, 0.2129076973012559, 0.013168167578226737, 0.03044948769528833, 0.6493653062392634, 0.013090524984187224], [0.08808188923552193, 0.21993601694129145, 0.013168167578226737, 0.19742581752810506, 0.46829758373266767, 0.013090524984187224], [0.4817629499141689, 0.4148743641809561, 0.01340537477419005, 0.026805584334964022, 0.04976634085491533, 0.013385385940805688], [0.08808188923552192, 0.397839141275379, 0.013168167578