{"prediction": [[[0.9024284144887668, 0.036421154516276935, 0.013337064649243467, 0.013635887819043253, 0.020503074125019102, 0.013674404401650618], [0.9024294608695651, 0.036389994508009144, 0.013348163844393591, 0.013646439969488939, 0.020501054767353165, 0.01368488604118993], [0.9024284144887668, 0.036421154516276935, 0.013337064649243467, 0.013635887819043253, 0.020503074125019102, 0.013674404401650618], [0.9024284144887668, 0.036421154516276935, 0.013337064649243467, 0.013635887819043253, 0.020503074125019102, 0.013674404401650618], [0.9024284144887668, 0.036421154516276935, 0.013337064649243467, 0.013635887819043253, 0.020503074125019102, 0.013674404401650618], [0.9024284144887668, 0.036421154516276935, 0.013337064649243467, 0.013635887819043253, 0.020503074125019102, 0.013674404401650618], [0.9024284144887668, 0.036421154516276935, 0.013337064649243467, 0.013635887819043253, 0.020503074125019102, 0.013674404401650618], [0.9024284144887668, 0.036421154516276935, 0.013337064649243467, 0.013635887819043253, 0.020503074125019102, 0.013674404401650618], [0.9024294608695651, 0.036389994508009144, 0.013348163844393591, 0.013646439969488939, 0.020501054767353165, 0.01368488604118993], [0.9024294608695651, 0.036389994508009144, 0.013348163844393591, 0.013646439969488939, 0.020501054767353165, 0.01368488604118993], [0.9105534618595824, 0.0318831643263757, 0.012776371157495255, 0.013023708285895002, 0.018707705755850724, 0.013055588614800759], [0.9105534618595824, 0.0318831643263757, 0.012776371157495255, 0.013023708285895002, 0.018707705755850724, 0.013055588614800759], [0.9105534618595824, 0.0318831643263757, 0.012776371157495255, 0.013023708285895002, 0.018707705755850724, 0.013055588614800759], [0.9105534618595824, 0.0318831643263757, 0.012776371157495255, 0.013023708285895002, 0.018707705755850724, 0.013055588614800759], [0.9105534618595824, 0.0318831643263757, 0.012776371157495255, 0.013023708285895002, 0.018707705755850724, 0.013055588614800759], [0.9024294608695651, 0.036389994508009144, 0.013348163844393591, 0.013646439969488939, 0.020501054767353165, 0.01368488604118993], [0.9024294608695651, 0.036389994508009144, 0.013348163844393591, 0.013646439969488939, 0.020501054767353165, 0.01368488604118993], [0.9024284144887668, 0.036421154516276935, 0.013337064649243467, 0.013635887819043253, 0.020503074125019102, 0.013674404401650618], [0.9024284144887668, 0.036421154516276935, 0.013337064649243467, 0.013635887819043253, 0.020503074125019102, 0.013674404401650618], [0.9024284144887668, 0.036421154516276935, 0.013337064649243467, 0.013635887819043253, 0.020503074125019102, 0.013674404401650618], [0.9024284144887668, 0.036421154516276935, 0.013337064649243467, 0.013635887819043253, 0.020503074125019102, 0.013674404401650618], [0.9024284144887668, 0.036421154516276935, 0.013337064649243467, 0.013635887819043253, 0.020503074125019102, 0.013674404401650618], [0.9024284144887668, 0.036421154516276935, 0.013337064649243467, 0.013635887819043253, 0.020503074125019102, 0.013674404401650618], [0.9024284144887668, 0.036421154516276935, 0.013337064649243467, 0.013635887819043253, 0.020503074125019102, 0.013674404401650618], [0.9024284144887668, 0.036421154516276935, 0.013337064649243467, 0.013635887819043253, 0.020503074125019102, 0.013674404401650618], [0.9024284144887668, 0.036421154516276935, 0.013337064649243467, 0.013635887819043253, 0.020503074125019102, 0.013674404401650618], [0.9024284144887668, 0.036421154516276935, 0.013337064649243467, 0.013635887819043253, 0.020503074125019102, 0.013674404401650618], [0.9024284144887668, 0.036421154516276935, 0.013337064649243467, 0.013635887819043253, 0.020503074125019102, 0.013674404401650618], [0.9024284144887668, 0.036421154516276935, 0.013337064649243467, 0.013635887819043253, 0.020503074125019102, 0.013674404401650618], [0.9024284144887668, 0.036421154516276935, 0.013337064649243467, 0.013635887819043253, 0.020503074125019102, 0.013674404401650618], [0.9024284144887668, 0.036421154516276935, 0.013337064649243467, 0.013635887819043253, 0.020503074125019102, 0.013674404401650618], [0.9024284144887668, 0.036421154516276935, 0.013337064649243467, 0.013635887819043253, 0.020503074125019102, 0.013674404401650618], [0.9024284144887668, 0.036421154516276935, 0.013337064649243467, 0.013635887819043253, 0.020503074125019102, 0.013674404401650618], [0.9024294608695651, 0.036389994508009144, 0.013348163844393591, 0.013646439969488939, 0.020501054767353165, 0.01368488604118993], [0.9024294608695651, 0.036389994508009144, 0.013348163844393591, 0.013646439969488939, 0.020501054767353165, 0.01368488604118993], [0.9024294608695651, 0.036389994508009144, 0.013348163844393591, 0.013646439969488939, 0.020501054767353165, 0.01368488604118993], [0.9024284144887668, 0.036421154516276935, 0.013337064649243467, 0.013635887819043253, 0.020503074125019102, 0.013674404401650618], [0.9024284144887668, 0.036421154516276935, 0.013337064649243467, 0.013635887819043253, 0.020503074125019102, 0.013674404401650618], [0.9024294608695651, 0.036389994508009144, 0.013348163844393591, 0.013646439969488939, 0.020501054767353165, 0.01368488604118993], [0.9024284144887668, 0.036421154516276935, 0.013337064649243467, 0.013635887819043253, 0.020503074125019102, 0.013674404401650618]], [[0.9024294608695651, 0.036389994508009144, 0.013348163844393591, 0.013646439969488939, 0.020501054767353165, 0.01368488604118993], [0.8000154789622845, 0.09805403907536561, 0.03531352569423232, 0.02724179369165175, 0.02452068761323157, 0.014854474963234195], [0.7941116038581613, 0.10401523292141499, 0.039023998463720386, 0.019814238992883874, 0.028250150734463714, 0.014784775029355667], [0.8076428457137113, 0.09677186731785542, 0.03280478113648293, 0.021780420941889197, 0.02613728859952854, 0.014862796290532623], [0.8076428457137113, 0.09677186731785542, 0.03280478113648293, 0.021780420941889197, 0.02613728859952854, 0.014862796290532623], [0.7941116038581613, 0.10401523292141499, 0.039023998463720386, 0.019814238992883874, 0.028250150734463714, 0.014784775029355667], [0.05552889797468544, 0.10251838354771522, 0.038829556050568925, 0.018261485275822078, 0.7698512315177519, 0.015010445633456356], [0.055012413844081225, 0.10133015671350765, 0.038551798966147605, 0.01827776102239783, 0.7717546725244154, 0.015073196929450293], [0.7609594734847008, 0.13876170792790898, 0.039815128939395705, 0.018151035174980193, 0.027769374234944466, 0.01454328023806984], [0.05514428114829443, 0.10163353151272451, 0.03862271513913033, 0.018273605543656417, 0.7712686912146237, 0.015057175441570451], [0.8143715834107117, 0.09432182773288382, 0.03406733838452715, 0.01813818299789422, 0.02513342670011507, 0.01396764077386798], [0.5905772171245003, 0.27984842381281516, 0.07046018935415152, 0.020952930140376663, 0.024197633907298937, 0.013963605660857352], [0.7479648291000249, 0.11600378294361394, 0.07677171893927283, 0.021224323916725893, 0.0241342486214057, 0.013901096478956586], [0.40497738099897584, 0.12283667199410304, 0.4107368635826861, 0.019816026434211542, 0.02783831847842074, 0.013794738511602669], [0.6806080688888191, 0.1486102491023049, 0.09366174652301126, 0.0227480064502945, 0.040625613719863965, 0.013746315315706251], [0.09060146893692847, 0.19719149023109442, 0.18916078260607758, 0.04281559614870339, 0.4651896272147047, 0.015041034862491504], [0.41012807150334774, 0.18945023667013244, 0.32110880343296744, 0.02232343115671267, 0.04254156997296346, 0.014447887263876365], [0.46452386415848707, 0.3649192385743274, 0.09956632840464122, 0.027412913019800936, 0.029001392237217746, 0.014576263605525414], [0.058808893275734665, 0.10117676389915986, 0.10350952512984779, 0.02261070523335347, 0.6989408766602393, 0.01495323580166491], [0.7039129342654665, 0.1393710724679592, 0.08680514481998, 0.025998659576969584, 0.029203227953190608, 0.01470896091643413], [0.7655955747344502, 0.12151404076228697, 0.047604696695469864, 0.023535969574632828, 0.027045192273411456, 0.014704525959748561], [0.7565383926909258, 0.1269869634827638, 0.04886035918389561, 0.023834908123026455, 0.02914370403281096, 0.014635672486577374], [0.6501388745564876, 0.1734142287581249, 0.07210629127803639, 0.02737738958321679, 0.06239068048584217, 0.014572535338292138], [0.35835067677838056, 0.19488373270174061, 0.1234102695915526, 0.029937350273230384, 0.2789540118749547, 0.014463958780141124], [0.32324592873060426, 0.16338854520481702, 0.4140943720637062, 0.027269656295783228, 0.05758745879833918, 0.014414038906749943], [0.3371770550547594, 0.15728903529471092, 0.4270702747528514, 0.022477738877035018, 0.04157480452095913, 0.014411091499684076], [0.5440237729682313, 0.16063577212012756, 0.2193504593557972, 0.022262004589526242, 0.0392672101406606, 0.014460780825657292], [0.5752476826786075, 0.19666525277545896, 0.1295259818058854, 0.024925405367460823, 0.059121246352846664, 0.014514431019740601], [0.4534319881958305, 0.38058465195554997, 0.06974831114580696, 0.02737738958321679, 0.05428512378130354, 0.014572535338292138], [0.7456967414127129, 0.13999694501661947, 0.04886035918389562, 0.02383490812302646, 0.02697537377716836, 0.014635672486577376], [0.7338337835167491, 0.1471993384579685, 0.04886035918389562, 0.028495472577641255, 0.02697537377716836, 0.014635672486577376], [0.4607972083641893, 0.3685910091564013, 0.09289042429975629, 0.02737738958321679, 0.03577143325814406, 0.014572535338292138], [0.5846499552729512, 0.1875622958784396, 0.13409060102671222, 0.029937350273230384, 0.04929583876852548, 0.014463958780141124], [0.5591648429089354, 0.2166040155375751, 0.1357883603200472, 0.027478079806597902, 0.04651297923332711, 0.014451722193517277], [0.8986654496909763, 0.0384987085290482, 0.0136055564894932, 0.013927797939843427, 0.021333154346930363, 0.01396933300370828], [0.34565621653287176, 0.19912408185905925, 0.08662092730564433, 0.020768157114342958, 0.3328459924626638, 0.014984624725417863], [0.7386747144299458, 0.13632092453475295, 0.054928507028951384, 0.026498198163606747, 0.029001392237217753, 0.014576263605525415], [0.7544102200433748, 0.1280388309987477, 0.047604696695469864, 0.028196534029247627, 0.027045192273411456, 0.014704525959748561], [0.750062346225355, 0.12763625398455683, 0.0487095705483169, 0.03331626386118555, 0.025495656494380275, 0.014779908886205551], [0.9024294608695651, 0.036389994508009144, 0.013348163844393591, 0.013646439969488939, 0.020501054767353165, 0.01368488604118993]], [[0.9024284144887668, 0.036421154516276935, 0.013337064649243467, 0.013635887819043253, 0.020503074125019102, 0.013674404401650618], [0.7941116038581613, 0.10401523292141499, 0.039023998463720386, 0.019814238992883874, 0.028250150734463714, 0.014784775029355667], [0.054181865066579175, 0.1312164478264142, 0.01589834434734165, 0.02028139147799922, 0.7633951381651367, 0.015026813116528995], [0.7938181440275017, 0.12673530708131914, 0.016136908106814493, 0.021323919192541674, 0.02718489600263669, 0.014800825589186127], [0.7951279669950263, 0.12801120722087392, 0.01619857008975229, 0.01925110873837748, 0.02653075750966164, 0.014880389446308345], [0.7951279669950263, 0.12801120722087392, 0.01619857008975229, 0.01925110873837748, 0.02653075750966164, 0.014880389446308345], [0.7915526337043793, 0.1290008174044415, 0.016136908106814493, 0.021323919192541674, 0.02718489600263669, 0.014800825589186127], [0.7445680373102209, 0.16353173404832153, 0.016040556936915074, 0.02743454768677913, 0.0337486225315365, 0.014676501486226786], [0.059790622601781425, 0.18077678548188647, 0.015957708039964037, 0.020266449216974722, 0.7081074827503382, 0.015100951909055194], [0.06021490512818208, 0.1913919302768122, 0.015942658903461346, 0.02095355123661092, 0.696414797279824, 0.015082157175109507], [0.7620005232552783, 0.15624900960598107, 0.015068082480912178, 0.027034357730253658, 0.025693885457155306, 0.01395414147041937], [0.598121031412113, 0.32369226036571447, 0.015095359558742995, 0.023968170545570943, 0.02513384041436571, 0.013989337703492703], [0.7503233226965587, 0.16607365712411334, 0.018313749167558874, 0.023884975945325192, 0.027554721787730267, 0.01384957327871367], [0.05583745556043066, 0.3983340733358189, 0.014943528575795638, 0.024289067903951543, 0.49236197422874217, 0.014233900395261085], [0.2893097113251344, 0.4447823160987528, 0.018920315653148907, 0.030519652119428253, 0.20266177152198103, 0.013806233281554676], [0.09093371818590784, 0.5624228828292864, 0.01595534057644269, 0.032126112093443356, 0.283463951110191, 0.015097995204728546], [0.08018263427845014, 0.33080772201731834, 0.015909731845399074, 0.030343501238176647, 0.5277153757581643, 0.015041034862491504], [0.4175730306326279, 0.4751957999868546, 0.019960679028053704, 0.038365023183802485, 0.034226927583598556, 0.014678539585062746], [0.5085361593080774, 0.19640882273884636, 0.016064516839731258, 0.23544994899295588, 0.028833134627353756, 0.01470741749303526], [0.7225877421166035, 0.1852906915430606, 0.016144747110886863, 0.03291522914223755, 0.028250649653022264, 0.014810940434189143], [0.7300367441316185, 0.1853588387824236, 0.01611939273593524, 0.02428659712877812, 0.02942020211293317, 0.014778225108311461], [0.6569975667421183, 0.25310015843084005, 0.016094997867729333, 0.025703459583033716, 0.03335706952049743, 0.014746747855781197], [0.3838530767439026, 0.5130698843708025, 0.01602055319689322, 0.029947981104631538, 0.04245781437764133, 0.014650690206128738], [0.10407143422242261, 0.3558014655311332, 0.015885238735542227, 0.028744407228979765, 0.48048700864846583, 0.015010445633456356], [0.1037557169193327, 0.3578418236181763, 0.01589834434734165, 0.028709564414795732, 0.4787677375838246, 0.015026813116528995], [0.2263042556374033, 0.6279523058410272, 0.02869679911415496, 0.040734836185468436, 0.06136844121442597, 0.014943362007520108], [0.5163128292567277, 0.3752598864138528, 0.019239927713387263, 0.03303745088298584, 0.041490826244358105, 0.014659079488688252], [0.32382880957279186, 0.5712062136337541, 0.01604887672740764, 0.032709485268281276, 0.04151937809689715, 0.014687236700867957], [0.580582599252929, 0.32044031232016995, 0.016071509050631885, 0.030040087920863753, 0.038149051753829856, 0.014716439701575447], [0.4519456429939121, 0.45815208217904624, 0.016094997867729333, 0.025703459583033716, 0.03335706952049743, 0.014746747855781197], [0.6334474615137561, 0.2784101970896161, 0.016094997867729333, 0.02611411071679698, 0.03118648495632019, 0.014746747855781197], [0.36077263744162913, 0.5386348476852899, 0.015973615724501032, 0.03169090268206349, 0.0383378707471128, 0.014590125719403466], [0.33511209101245554, 0.3491149407867596, 0.015922655772840317, 0.028644929623672412, 0.2561482073627015, 0.01505717544157045], [0.5234564255602222, 0.35692945017029876, 0.01593578959953868, 0.03486398383989429, 0.05427303301883191, 0.014541317811214273], [0.38454229379165744, 0.09395437507328126, 0.17643728604339187, 0.024379831379571143, 0.3056850287418626, 0.015001184970235799], [0.8986675917963922, 0.03848927007659994, 0.01360842006424512, 0.0139305022650523, 0.021332198995140432, 0.013972016802569804], [0.670911678509476, 0.1521758849452755, 0.09537003654502195, 0.03282440664658729, 0.034145458015346894, 0.014572535338292138], [0.7242450893572235, 0.1908147550313265, 0.01611939273593524, 0.025825061965138445, 0.02821747580206483, 0.014778225108311461], [0.7413209975121487, 0.1350200996778429, 0.053713733075922004, 0.026207510781522066, 0.02909792782453967, 0.014639731128024434], [0.9024284144887668, 0.036421154516276935, 0.013337064649243467, 0.013635887819043253, 0.020503074125019102, 0.013674404401650618]], [[0.9024284144887668, 0.036421154516276935, 0.013337064649243467, 0.013635887819043253, 0.020503074125019102, 0.013674404401650618], [0.7941116038581613, 0.10401523292141499, 0.039023998463720386, 0.019814238992883874, 0.028250150734463714, 0.014784775029355667], [0.05829819786020748, 0.18268907850702235, 0.01592988350910924, 0.02677420441175115, 0.7012424336142132, 0.015066202097696517], [0.7938181440275017, 0.12673530708131914, 0.016136908106814493, 0.021323919192541674, 0.02718489600263669, 0.014800825589186127], [0.7938181440275017, 0.12673530708131914, 0.016136908106814493, 0.021323919192541674, 0.02718489600263669, 0.014800825589186127], [0.7900551763537051, 0.13049827475511575, 0.016136908106814493, 0.02132391919254167, 0.027184896002636683, 0.014800825589186127], [0.7319413577382421, 0.1794814783174069, 0.01611185232823963, 0.026339181441090542, 0.03135763462602521, 0.01476849554899544], [0.06020191336652994, 0.182420057539559, 0.015922655772840317, 0.02027527212036442, 0.7061229257591359, 0.015057175441570451], [0.7148140455518065, 0.18620249261333163, 0.016014121757732095, 0.03579506326213017, 0.032531885240898846, 0.014642391574100924], [0.5269920242735916, 0.18097804066686754, 0.016035470344591764, 0.22873677603681136, 0.032587750537518126, 0.01466993814061951], [0.760367779991357, 0.15826563872489893, 0.015095359558742995, 0.027148043607142625, 0.02513384041436571, 0.013989337703492704], [0.5919632786585153, 0.3277787941346254, 0.014987042140662097, 0.02475371187359254, 0.02666759991389113, 0.01384957327871367], [0.05583745556043067, 0.22566340628664552, 0.014943528575795638, 0.024289067903951547, 0.6650326412779155, 0.014233900395261085], [0.28654558269532787, 0.6123034212359129, 0.01669092550284769, 0.03350593187284726, 0.03714790541150973, 0.013806233281554676], [0.2520211279895573, 0.6442608225849745, 0.015015861726522087, 0.03576585618401518, 0.039049571669998694, 0.013886759844932255], [0.3013252652085494, 0.5827456708032324, 0.015979613510622184, 0.039188820848588345, 0.046162764829943595, 0.014597864799064178], [0.5066153436213099, 0.3801826628098595, 0.017859006085974436, 0.038871361249430816, 0.04184781086462631, 0.014623815368799168], [0.36563827756435047, 0.5281098451803149, 0.016071509050631885, 0.03704867196276947, 0.038415256540357795, 0.014716439701575447], [0.6298519373215471, 0.2675986316046474, 0.016042136463350745, 0.03760182744179336, 0.034226927583598556, 0.014678539585062746], [0.7193841274780796, 0.19107549503280677, 0.01611939273593524, 0.030425283842802124, 0.02821747580206483, 0.014778225108311461], [0.7322786361838592, 0.1850641109382309, 0.016144747110886863, 0.022248189368943287, 0.029453375963890603, 0.014810940434189143], [0.7285865621906649, 0.18846637151303844, 0.01611939273593524, 0.022629246339116872, 0.02942020211293317, 0.014778225108311463], [0.6494507047140033, 0.26064702045895494, 0.016094997867729333, 0.025703459583033716, 0.03335706952049743, 0.014746747855781197], [0.37712920092229846, 0.5213512487847216, 0.016020553196893224, 0.029947981104631538, 0.04090032578532647, 0.01465069020612874], [0.30519747420451443, 0.5842752238859369, 0.018176327392266343, 0.03392759358804217, 0.04385806959837598, 0.014565311330864139], [0.5069274372121978, 0.38596846159615245, 0.017916744575617358, 0.03303745088298583, 0.041490826244358105, 0.014659079488688252], [0.31540472250380985, 0.5796303007027361, 0.01604887672740764, 0.03270948526828127, 0.041519378096897146, 0.014687236700867957], [0.3752304210662769, 0.5253291730761022, 0.01602055319689322, 0.029947981104631538, 0.038821181349967364, 0.014650690206128738], [0.6461519501038766, 0.2639457750690817, 0.016094997867729333, 0.025703459583033716, 0.03335706952049743, 0.014746747855781197], [0.6528026817014967, 0.25480030685293753, 0.016042136463350745, 0.027715612600081638, 0.033960722797070624, 0.014678539585062747], [0.5704887662193455, 0.3289187189075736, 0.015973615724501032, 0.03169090268206349, 0.0383378707471128, 0.014590125719403466], [0.12140746142210396, 0.5635887564335845, 0.015933885950275208, 0.028615072872869324, 0.2553836226099731, 0.015071200711193984], [0.12170351824895115, 0.3635640989357356, 0.015942658903461346, 0.028959499923121405, 0.45474806681362095, 0.015082157175109507], [0.2229486325743357, 0.4174268802726964, 0.01839300553574537, 0.043451926393826855, 0.28283619321587544, 0.014943362007520108], [0.5261707359732346, 0.19295186794432426, 0.16746311971374517, 0.02748197956633759, 0.07156461571084738, 0.014367681091510997], [0.9024294608695651, 0.036389994508009144, 0.013348163844393591, 0.013646439969488939, 0.020501054767353165, 0.01368488604118993], [0.9024248544405996, 0.03652716862745098, 0.013299302422145328, 0.01359998677431757, 0.020509944482891194, 0.013638743252595155], [0.6564155056342994, 0.16105946810695318, 0.10689415465136516, 0.02231205854122889, 0.038851661290488865, 0.014467151775664489], [0.05853071285261183, 0.10059951615398931, 0.1193460629356539, 0.022588041431706264, 0.6839510419006207, 0.014984624725417863], [0.9024284144887668, 0.036421154516276935, 0.013337064649243467, 0.013635887819043253, 0.020503074125019102, 0.013674404401650618]], [[0.9024284144887668, 0.036421154516276935, 0.013337064649243467, 0.013635887819043253, 0.020503074125019102, 0.013674404401650618], [0.7725334805012661, 0.11148782635878181, 0.05297342157799861, 0.020161474951410123, 0.028134835694109267, 0.01470896091643413], [0.057987200070185596, 0.17575509559161062, 0.015935484342735305, 0.026077570269925313, 0.7091714527960927, 0.015073196929450293], [0.7323438467336313, 0.17713234923314136, 0.016040556936915074, 0.027848437603939256, 0.0319583080061462, 0.014676501486226786], [0.053940380236216445, 0.13044012442100053, 0.015922655772840317, 0.02027527212036442, 0.7643643920080078, 0.015057175441570451], [0.06020191336652994, 0.18855474858329888, 0.015922655772840317, 0.02027527212036442, 0.699988234715396, 0.015057175441570451], [0.5291250345330203, 0.37873297209865286, 0.01601902939132193, 0.02779603443836566, 0.03367820553344949, 0.014648724005189684], [0.060051387515973234, 0.1911904700549768, 0.015935484342735305, 0.020272043078647606, 0.6974774180782168, 0.015073196929450293], [0.4360505603524317, 0.458970879452474, 0.015993516262399025, 0.04044198017126438, 0.033927259925973785, 0.014615803835457054], [0.05996350361089543, 0.4038280799899529, 0.015905673394056515, 0.02118283322964482, 0.484083943477072, 0.015035966298378119], [0.7573601802288271, 0.16148448346987454, 0.014987042140662097, 0.025651120968031633, 0.02666759991389113, 0.01384957327871367], [0.05583745556043066, 0.2290701580923021, 0.014943528575795638, 0.024289067903951543, 0.6616258894722589, 0.014233900395261085], [0.46367921232480125, 0.44234498223762597, 0.014941175208894666, 0.030146548913373677, 0.0350976911804325, 0.01379039013487187], [0.2548753838562444, 0.47994894005541283, 0.015015861726522087, 0.20041215223781556, 0.03586090227907273, 0.013886759844932253], [0.24845848014620842, 0.6457962103952156, 0.01495842714258424, 0.0380841588960389, 0.03889007272319547, 0.0138126506967572], [0.4108431293957174, 0.4405320417166178, 0.01839300553574537, 0.04420398230799613, 0.0710844790364029, 0.014943362007520106], [0.312871579436123, 0.572669995006075, 0.0160270548902092, 0.03930281389525961, 0.04446947728364488, 0.014659079488688252], [0.5078730064583887, 0.3778887033068865, 0.015954384575357854, 0.04019295660031594, 0.04352563772818666, 0.014565311330864139], [0.0832012324121276, 0.3279173526449009, 0.015877823627389362, 0.03365130204418455, 0.5243511043011619, 0.015001184970235799], [0.44404111786063943, 0.4598302500255014, 0.016042136463350745, 0.031181028481847062, 0.034226927583598556, 0.014678539585062746], [0.725528787357357, 0.18900865213805496, 0.016064516839731258, 0.02465476523359939, 0.030035860938222095, 0.014707417493035262], [0.7324118118904905, 0.18239342677872317, 0.016087739314910067, 0.024288202411054644, 0.03008143762460745, 0.014737381980213935], [0.7282744519164109, 0.1887784817872923, 0.01611939273593524, 0.022629246339116872, 0.02942020211293317, 0.014778225108311463], [0.6461966015504507, 0.2614063870039835, 0.016042136463350745, 0.027715612600081638, 0.033960722797070624, 0.014678539585062747], [0.09261789773160099, 0.5449872417978396, 0.015877823627389362, 0.031675777851288035, 0.29984007402164625, 0.015001184970235799], [0.3038087599439466, 0.5878858809634133, 0.015954384575357854, 0.03392759358804217, 0.04385806959837598, 0.014565311330864139], [0.3602890883206403, 0.5373584633758649, 0.015973615724501032, 0.03128025154830023, 0.040508455311290034, 0.014590125719403466], [0.08677720138538964, 0.2830932213127358, 0.015922655772840317, 0.024471434758516555, 0.5746783113289473, 0.015057175441570451], [0.5821766003739484, 0.3154709513225569, 0.015973615724501032, 0.03128025154830023, 0.040508455311290034, 0.014590125719403466], [0.07524947208082808, 0.5176567789195146, 0.01595534057644269, 0.02510457414804365, 0.35093583907044235, 0.015097995204728546], [0.06797644456430652, 0.5067848848809684, 0.015933885950275208, 0.030237447810430612, 0.3639961360828254, 0.015071200711193984], [0.5738479388463468, 0.3255595462805724, 0.015973615724501032, 0.03169090268206349, 0.0383378707471128, 0.014590125719403466], [0.522686863587599, 0.35942176584723695, 0.015954384575357854, 0.034556415118734744, 0.05281525954020727, 0.014565311330864139], [0.2886674638833648, 0.5847237447040478, 0.015979613510622184, 0.035199043489935786, 0.06083226961296518, 0.014597864799064176], [0.3282508073220104, 0.19603863737364494, 0.16657582705989235, 0.027269656295783228, 0.2674510330419192, 0.014414038906749943], [0.9024294608695651, 0.036389994508009144, 0.013348163844393591, 0.013646439969488939, 0.020501054767353165, 0.01368488604118993], [0.7098318298571831, 0.13463379751094856, 0.07994285023716861, 0.02234031788936466, 0.0388319223288901, 0.014419282176444967], [0.061205296159063595, 0.20447021938438464, 0.01590241983110871, 0.02118449322334095, 0.6822056684498149, 0.015031902952287225], [0.7318468598852088, 0.1384388033445301, 0.06175341785927222, 0.02316044615347155, 0.030220461766646126, 0.014580010990871146], [0.9024284144887668, 0.036421154516276935, 0.013337064649243467, 0.013635887819043253, 0.020503074125019102, 0.013674404401650618]], [[0.9024294608695651, 0.036389994508009144, 0.013348163844393591, 0.013646439969488939, 0.020501054767353165, 0.01368488604118993], [0.77529732510776, 0.10706366811074229, 0.050669061671294174, 0.027914594378922006, 0.024350824771532956, 0.014704525959748561], [0.7224936021148048, 0.19111496420547408, 0.01601412175773209, 0.024993349632379525, 0.030741570715508544, 0.014642391574100924], [0.05800500269997576, 0.17582723173721226, 0.015933885950275204, 0.02608065104052274, 0.7090820278608199, 0.015071200711193982], [0.7261736162062968, 0.18794077922892885, 0.016057602958017555, 0.0242741522913165, 0.03085535296101627, 0.014698496354424072], [0.7319569231363819, 0.18052357273161676, 0.016035470344591764, 0.024226345109271855, 0.032587750537518126, 0.01466993814061951], [0.06015305269318935, 0.4023212953170089, 0.01588934476505678, 0.02119116422604503, 0.4854295693811706, 0.01501557361752942], [0.6318506028513694, 0.2672947812356095, 0.015993516262399025, 0.036318035889191476, 0.03392725992597379, 0.014615803835457056], [0.3746407910449174, 0.3184284619646335, 0.016071509050631885, 0.23928436433338213, 0.03685843390485961, 0.014716439701575447], [0.641306527663591, 0.2584679162932503, 0.015993516262399025, 0.03568897601932886, 0.033927259925973785, 0.014615803835457054], [0.5988482403819803, 0.3217162142314459, 0.015074335152948197, 0.025292668871510923, 0.025106331926949395, 0.013962209435165292], [0.7637797047115242, 0.1530105048025823, 0.014973884427515741, 0.026841507132889533, 0.027561803342900412, 0.013832595582587875], [0.05583745556043066, 0.40016473949409825, 0.014943528575795638, 0.025799572716164135, 0.4890208032582502, 0.014233900395261085], [0.45921258582782143, 0.4438167986128121, 0.014941175208894668, 0.03212827121549617, 0.03611077900010379, 0.013790390134871872], [0.08273171737821963, 0.461095014258089, 0.014943528575795638, 0.20409000934068738, 0.2229058300519471, 0.014233900395261085], [0.3050146429685754, 0.376907636605635, 0.01597961351062218, 0.042168144959668974, 0.2453320971564341, 0.014597864799064175], [0.3068130760423244, 0.5754234123147716, 0.015999725200101584, 0.038871361249430816, 0.048268609824572616, 0.014623815368799168], [0.08275569307964066, 0.5399673711320175, 0.01590241983110871, 0.033551781778512875, 0.3127908312264331, 0.015031902952287226], [0.6405630479375436, 0.2600888303550589, 0.01597819265227629, 0.03222315172953445, 0.03655074589231854, 0.014596031433268309], [0.6419103514620116, 0.2619610164241292, 0.016042136463350745, 0.031181028481847062, 0.034226927583598556, 0.014678539585062746], [0.056406167006566595, 0.18694870546961054, 0.015885238735542227, 0.02028469025312156, 0.7054647529017027, 0.015010445633456356], [0.056406167006566595, 0.18694870546961054, 0.015885238735542227, 0.02028469025312156, 0.7054647529017027, 0.015010445633456356], [0.7323351754764498, 0.1824700631927639, 0.016087739314910067, 0.024288202411054644, 0.03008143762460745, 0.014737381980213935], [0.7192351347914843, 0.19530230470392776, 0.016064516839731258, 0.02465476523359939, 0.030035860938222095, 0.014707417493035262], [0.43827975749475123, 0.47069678327326453, 0.015993516262399025, 0.02519626135918401, 0.035217877774944034, 0.014615803835457054], [0.09225642951846931, 0.34533073332049624, 0.015935484342735305, 0.028319572659316103, 0.5030845832295328, 0.015073196929450293], [0.08642142137994772, 0.4923501077171841, 0.015953760457441058, 0.025107190925175785, 0.36507149771221775, 0.015096021808033468], [0.29829029799787304, 0.3453662781398694, 0.01595534057644269, 0.02863485382518364, 0.2966552342559025, 0.015097995204728546], [0.525659843722233, 0.366034797185127, 0.015954384575357854, 0.03392759358804217, 0.04385806959837598, 0.014565311330864139], [0.08694086899628861, 0.5715819651256411, 0.015961646589117397, 0.028617947914290856, 0.2817917006462808, 0.015105870728381217], [0.63858750289438, 0.2721489713040499, 0.015993516262399025, 0.025606912492947276, 0.0330472932107668, 0.014615803835457054], [0.6408825680602759, 0.269853906138154, 0.015993516262399025, 0.025606912492947276, 0.0330472932107668, 0.014615803835457054], [0.0979579377450926, 0.5853260967938084, 0.015935484342735305, 0.03304903732180182, 0.25265824686711147, 0.015073196929450293], [0.12640908907958803, 0.602478214329014, 0.01592988350910924, 0.029477898386462857, 0.21063871259812905, 0.015066202097696515], [0.43295247348369387, 0.1644174387512958, 0.09894866131687714, 0.02262625245049293, 0.2651319519951789, 0.015923222002461393], [0.8986177815546114, 0.038708741814546366, 0.013541833541614597, 0.013867618761976173, 0.021354413729900858, 0.013909610597350663], [0.057115736287939485, 0.1568881201263077, 0.09755608067471368, 0.0182670506410939, 0.655141109317658, 0.015031902952287225], [0.7302249985827732, 0.17930039011465043, 0.01601902939132193, 0.028560251218501254, 0.03124660668756351, 0.014648724005189684], [0.7575011829611519, 0.12649807131459878, 0.04622995830305121, 0.02786924679781503, 0.027121631737177437, 0.01477990888620555], [0.9024284144887668, 0.036421154516276935, 0.013337064649243467, 0.013635887819043253, 0.020503074125019102, 0.013674404401650618]], [[0.9024294608695651, 0.036389994508009144, 0.013348163844393591, 0.013646439969488939, 0.020501054767353165, 0.01368488604118993], [0.9024288073310422, 0.03640945612829324, 0.013341231615120274, 0.013639849408171057, 0.020502315998472697, 0.013678339518900344], [0.6978258026290096, 0.1431799953298259, 0.07861184378185766, 0.02187938234833479, 0.043649470152160016, 0.014853505758812193], [0.05527712865082004, 0.11329340061939203, 0.07232017470759167, 0.018269419176338998, 0.7257988419833658, 0.015041034862491504], [0.7243004312722623, 0.18955648920396656, 0.016035470344591764, 0.024640235026431978, 0.03079743601212783, 0.01466993814061951], [0.7212305700610788, 0.19102282266165985, 0.016064516839731258, 0.027500253996645505, 0.029474418947849447, 0.014707417493035262], [0.6479302256859757, 0.2575217331201747, 0.016042136463350745, 0.031157260197335633, 0.032670104948100374, 0.014678539585062746], [0.37875286772078093, 0.5158927289995178, 0.01602055319689322, 0.03715259637568217, 0.037530563500997115, 0.014650690206128738], [0.3261736586815272, 0.55732389340255, 0.01599972520010158, 0.042653795345062015, 0.043225112001960234, 0.014623815368799168], [0.08231224235727279, 0.5472278745135561, 0.015924264537229473, 0.028348458622126746, 0.31112797535657727, 0.015059184613237547], [0.6920221203651779, 0.22257376214635682, 0.014969955610376421, 0.02547467353756149, 0.031131962199930273, 0.013827526140597216], [0.05260966174168924, 0.5094501447256947, 0.014943528575795638, 0.01924937056688287, 0.3895133939946764, 0.014233900395261085], [0.7580210522437637, 0.15115895543186825, 0.014973884427515741, 0.03445170897136407, 0.027561803342900412, 0.013832595582587875], [0.05583745556043066, 0.4063552428324987, 0.014943528575795638, 0.027341240855813152, 0.4812886317802008, 0.014233900395261085], [0.2980178515450851, 0.4402944742261904, 0.014941175208894666, 0.19541667934303614, 0.03753942954192179, 0.01379039013487187], [0.5105686360402241, 0.36739034600557335, 0.01604887672740764, 0.04454640328988722, 0.046758501236040015, 0.014687236700867957], [0.3557599672944578, 0.5362942444259002, 0.016071509050631885, 0.035327096562437044, 0.04183074296499753, 0.014716439701575447], [0.42483567787428217, 0.47581620041832035, 0.01597819265227629, 0.03222315172953445, 0.03655074589231854, 0.014596031433268309], [0.06606792150918753, 0.49134332809456666, 0.01590241983110871, 0.027366803504149127, 0.3842876241087008, 0.015031902952287226], [0.5769827739087141, 0.3198451995653717, 0.01602055319689322, 0.033413396986396955, 0.039087386136495296, 0.014650690206128738], [0.6620765657712937, 0.24552642278314052, 0.016042136463350745, 0.027715612600081638, 0.033960722797070624, 0.014678539585062747], [0.7324275614259843, 0.18210987806942774, 0.016064516839731258, 0.02465476523359939, 0.030035860938222095, 0.014707417493035262], [0.7304815322118399, 0.18432370645737398, 0.016087739314910067, 0.024288202411054644, 0.03008143762460745, 0.014737381980213935], [0.056442502801693537, 0.18916402635330534, 0.015839430235650005, 0.021216631015988797, 0.7023841737916974, 0.01495323580166491], [0.5178291847289087, 0.39670825476650334, 0.016064516839731258, 0.02465476523359939, 0.030035860938222095, 0.014707417493035262], [0.6420403771849061, 0.2669361635831097, 0.015993516262399025, 0.02519626135918401, 0.035217877774944034, 0.014615803835457054], [0.5823381566834951, 0.31822143745888415, 0.016020553196893224, 0.029947981104631538, 0.038821181349967364, 0.01465069020612874], [0.5284515078100729, 0.3661387106490539, 0.01599972520010158, 0.03260599823715705, 0.04218024273481562, 0.014623815368799168], [0.3261957806266883, 0.5681625119164937, 0.015979613510622184, 0.03292345783631457, 0.04214077131081691, 0.014597864799064176], [0.09772703120045258, 0.6005962425585155, 0.015961646589117397, 0.02890699923704477, 0.24170220968648853, 0.015105870728381217], [0.3624033451761432, 0.5370041399507759, 0.015973615724501032, 0.03169090268206349, 0.0383378707471128, 0.014590125719403466], [0.08512610213853959, 0.5493736146686007, 0.015877823627389362, 0.037551695963493066, 0.29706957863174155, 0.015001184970235799], [0.5125747150609561, 0.37723346125432605, 0.015954384575357854, 0.034556415118734744, 0.04511571265976114, 0.01456531133086414], [0.29473428441459515, 0.5948680375818949, 0.015979613510622184, 0.03519904348993579, 0.044621156203887916, 0.014597864799064178], [0.5306243297921577, 0.35991109381924863, 0.01599972520010158, 0.03323481976784962, 0.045606216051843375, 0.014623815368799168], [0.6090639101655542, 0.20176633522922324, 0.10306713278113504, 0.030126692337746952, 0.04146149846659983, 0.0145144310197406], [0.9024174635514017, 0.036747260747663546, 0.013220905607476635, 0.013525453894080997, 0.020524207788161993, 0.013564708411214953], [0.0539374131464241, 0.15733763756716906, 0.09781161199873188, 0.01826334646290037, 0.6576323693668049, 0.015017621457969619], [0.7413209975121487, 0.1350200996778429, 0.053713733075922004, 0.026207510781522066, 0.02909792782453967, 0.014639731128024434], [0.9024284144887668, 0.036421154516276935, 0.013337064649243467, 0.013635887819043253, 0.020503074125019102, 0.013674404401650618]], [[0.9024294608695651, 0.036389994508009144, 0.013348163844393591, 0.013646439969488939, 0.020501054767353165, 0.01368488604118993], [0.6387617250446811, 0.14271204169675875, 0.07360079762689807, 0.021095932714082954, 0.10925696757928695, 0.014572535338292138], [0.9024294608695651, 0.036389994508009144, 0.013348163844393591, 0.013646439969488939, 0.020501054767353165, 0.01368488604118993], [0.8942672235924931, 0.040918036461125996, 0.013922647721179623, 0.014272102591599643, 0.022302844325290436, 0.014317145308310991], [0.05478397224324864, 0.12920918434512776, 0.07766560185937735, 0.0182849598062175, 0.7049553298369735, 0.015100951909055194], [0.06577519908812851, 0.5020687221214601, 0.025855617940209033, 0.0324683927989597, 0.3587261973228613, 0.015105870728381217], [0.5741903938625806, 0.3269857363498644, 0.01597361572450103, 0.030686571916868632, 0.03757355642678164, 0.014590125719403465], [0.11014942379449076, 0.5734472249617762, 0.015892622687778482, 0.03463569510553795, 0.25085536606408926, 0.015019667386327245], [0.5204128543776034, 0.36499386035557024, 0.01593578959953868, 0.03926189859723286, 0.044854279258840536, 0.014541317811214273], [0.10595920243345308, 0.5738370789753546, 0.015961646589117397, 0.031204447629744565, 0.2579317536439491, 0.015105870728381217], [0.4699597964195589, 0.4330357069587735, 0.014953453646312998, 0.032725784147791384, 0.03551902554600845, 0.013806233281554676], [0.6890186978022765, 0.2193631470552434, 0.014969955610376423, 0.03168871119157623, 0.031131962199930273, 0.013827526140597218], [0.433504976385704, 0.1573136988556871, 0.015074335152948197, 0.35503844824354613, 0.0251063319269494, 0.013962209435165292], [0.5907374447129935, 0.32265526905706654, 0.014987042140662097, 0.03110307089667319, 0.02666759991389113, 0.01384957327871367], [0.056194571714116716, 0.5738756569367144, 0.014943528575795638, 0.025019577352459563, 0.3157327650256525, 0.014233900395261085], [0.5672564379750508, 0.3250998755800066, 0.01602055319689322, 0.036329696933589346, 0.04064274610833125, 0.014650690206128738], [0.4324138405792632, 0.4714575273068776, 0.016042136463350745, 0.031181028481847062, 0.034226927583598556, 0.014678539585062746], [0.0663961066112212, 0.27895136837652557, 0.015877823627389362, 0.027422828845247223, 0.5963506875693809, 0.015001184970235799], [0.36653661085256317, 0.5273793201756488, 0.015973615724501032, 0.03474566743006565, 0.04077466009781798, 0.014590125719403466], [0.5329820166157403, 0.3561200754487212, 0.01604887672740764, 0.03897484828055504, 0.04118694622670784, 0.014687236700867957], [0.598951726740942, 0.3020711848321569, 0.016071509050631885, 0.030040087920863753, 0.038149051753829856, 0.014716439701575447], [0.6568978059541563, 0.25070518260027796, 0.016042136463350745, 0.027715612600081638, 0.033960722797070624, 0.014678539585062747], [0.7268556374173506, 0.19019729628635293, 0.016119392735935243, 0.022629246339116876, 0.029420202112933176, 0.014778225108311463], [0.7238713495541919, 0.1888647821787375, 0.016064516839731258, 0.024654765233599385, 0.031837168700704695, 0.01470741749303526], [0.6511639595172835, 0.25643902903715077, 0.016042136463350745, 0.027715612600081638, 0.033960722797070624, 0.014678539585062747], [0.09313643808380781, 0.5487095310456996, 0.015852879035515348, 0.03176271678791189, 0.2955684031577769, 0.01497003188928846], [0.3333783748055435, 0.5612118436535833, 0.015999725200101584, 0.03260599823715705, 0.042180242734815625, 0.014623815368799168], [0.5205552911761115, 0.3738030013670705, 0.01597961351062218, 0.03292345783631456, 0.04214077131081691, 0.014597864799064175], [0.434333881218403, 0.430226473838437, 0.01839300553574537, 0.040734836185468436, 0.06136844121442597, 0.014943362007520108], [0.09815957808236946, 0.598