{"prediction": [[[0.8890890509316771, 0.04508517888198758, 0.01381412298136646, 0.014218926293995859, 0.023521617805383022, 0.014271103105590061], [0.8891578318912235, 0.04495818170580964, 0.013841741656365883, 0.014244543469303666, 0.023501238978162337, 0.014296462299134734], [0.8893891656031602, 0.04453104709814647, 0.013934632634457612, 0.014330702724602452, 0.023432698065430975, 0.01438175387420237], [0.9024189568865066, 0.036702790957818685, 0.013236745746912141, 0.013540513322457858, 0.02052132587586421, 0.013579667210440457], [0.9024263101702714, 0.03648381868384721, 0.013314743672342384, 0.013614666973462187, 0.020507135143426905, 0.013653325356649792], [0.9024284144887668, 0.036421154516276935, 0.013337064649243467, 0.013635887819043253, 0.020503074125019102, 0.013674404401650618], [0.9024284144887668, 0.036421154516276935, 0.013337064649243467, 0.013635887819043253, 0.020503074125019102, 0.013674404401650618], [0.9024284144887668, 0.036421154516276935, 0.013337064649243467, 0.013635887819043253, 0.020503074125019102, 0.013674404401650618], [0.9024284144887668, 0.036421154516276935, 0.013337064649243467, 0.013635887819043253, 0.020503074125019102, 0.013674404401650618], [0.9024284144887668, 0.036421154516276935, 0.013337064649243467, 0.013635887819043253, 0.020503074125019102, 0.013674404401650618], [0.9024284144887668, 0.036421154516276935, 0.013337064649243467, 0.013635887819043253, 0.020503074125019102, 0.013674404401650618], [0.9024284144887668, 0.036421154516276935, 0.013337064649243467, 0.013635887819043253, 0.020503074125019102, 0.013674404401650618], [0.9024284144887668, 0.036421154516276935, 0.013337064649243467, 0.013635887819043253, 0.020503074125019102, 0.013674404401650618], [0.9024284144887668, 0.036421154516276935, 0.013337064649243467, 0.013635887819043253, 0.020503074125019102, 0.013674404401650618], [0.9024284144887668, 0.036421154516276935, 0.013337064649243467, 0.013635887819043253, 0.020503074125019102, 0.013674404401650618], [0.9024284144887668, 0.036421154516276935, 0.013337064649243467, 0.013635887819043253, 0.020503074125019102, 0.013674404401650618], [0.9024263101702714, 0.03648381868384721, 0.013314743672342384, 0.013614666973462187, 0.020507135143426905, 0.013653325356649792], [0.9024189568865066, 0.036702790957818685, 0.013236745746912141, 0.013540513322457858, 0.02052132587586421, 0.013579667210440457], [0.8893891656031602, 0.04453104709814647, 0.013934632634457612, 0.014330702724602452, 0.023432698065430975, 0.01438175387420237], [0.8891578318912235, 0.04495818170580964, 0.013841741656365883, 0.014244543469303666, 0.023501238978162337, 0.014296462299134734], [0.8890890509316771, 0.04508517888198758, 0.01381412298136646, 0.014218926293995859, 0.023521617805383022, 0.014271103105590061], [0.8890890509316771, 0.04508517888198758, 0.01381412298136646, 0.014218926293995859, 0.023521617805383022, 0.014271103105590061], [0.8891578318912235, 0.04495818170580964, 0.013841741656365883, 0.014244543469303666, 0.023501238978162337, 0.014296462299134734], [0.8893891656031602, 0.04453104709814647, 0.013934632634457612, 0.014330702724602452, 0.023432698065430975, 0.01438175387420237], [0.9024189568865066, 0.036702790957818685, 0.013236745746912141, 0.013540513322457858, 0.02052132587586421, 0.013579667210440457], [0.9024263101702714, 0.03648381868384721, 0.013314743672342384, 0.013614666973462187, 0.020507135143426905, 0.013653325356649792], [0.9024284144887668, 0.036421154516276935, 0.013337064649243467, 0.013635887819043253, 0.020503074125019102, 0.013674404401650618], [0.9024284144887668, 0.036421154516276935, 0.013337064649243467, 0.013635887819043253, 0.020503074125019102, 0.013674404401650618], [0.9024284144887668, 0.036421154516276935, 0.013337064649243467, 0.013635887819043253, 0.020503074125019102, 0.013674404401650618], [0.9024284144887668, 0.036421154516276935, 0.013337064649243467, 0.013635887819043253, 0.020503074125019102, 0.013674404401650618], [0.9024284144887668, 0.036421154516276935, 0.013337064649243467, 0.013635887819043253, 0.020503074125019102, 0.013674404401650618], [0.9024284144887668, 0.036421154516276935, 0.013337064649243467, 0.013635887819043253, 0.020503074125019102, 0.013674404401650618], [0.9024294608695651, 0.036389994508009144, 0.013348163844393591, 0.013646439969488939, 0.020501054767353165, 0.01368488604118993], [0.9024294608695651, 0.036389994508009144, 0.013348163844393591, 0.013646439969488939, 0.020501054767353165, 0.01368488604118993], [0.9024294608695651, 0.036389994508009144, 0.013348163844393591, 0.013646439969488939, 0.020501054767353165, 0.01368488604118993], [0.9024284144887668, 0.036421154516276935, 0.013337064649243467, 0.013635887819043253, 0.020503074125019102, 0.013674404401650618], [0.9024284144887668, 0.036421154516276935, 0.013337064649243467, 0.013635887819043253, 0.020503074125019102, 0.013674404401650618], [0.9024263101702714, 0.03648381868384721, 0.013314743672342384, 0.013614666973462187, 0.020507135143426905, 0.013653325356649792], [0.9024189568865066, 0.036702790957818685, 0.013236745746912141, 0.013540513322457858, 0.02052132587586421, 0.013579667210440457], [0.8893891656031602, 0.04453104709814647, 0.013934632634457612, 0.014330702724602452, 0.023432698065430975, 0.01438175387420237]], [[0.8890890509316771, 0.04508517888198758, 0.01381412298136646, 0.014218926293995859, 0.023521617805383022, 0.014271103105590061], [0.6253671896030241, 0.19056018025508337, 0.09744774679671712, 0.03970495358671132, 0.031240523329286903, 0.015679406429177114], [0.7088573038832403, 0.14766244043285556, 0.06815948518252019, 0.027462651790077626, 0.032122421827653624, 0.015735696883652756], [0.7495787935321787, 0.12312249025060414, 0.061828525914915416, 0.021856181532924793, 0.02907444871492773, 0.014539560054449174], [0.6818941093584049, 0.1565966726694058, 0.08317073677509756, 0.02737738958321679, 0.036388556275582705, 0.014572535338292138], [0.6060854910356115, 0.17246991655052785, 0.14078007717953342, 0.024925405367460823, 0.04122467884712584, 0.014514431019740601], [0.6765797729295668, 0.16191100909824394, 0.08317073677509756, 0.02737738958321679, 0.036388556275582705, 0.014572535338292138], [0.7551539611850581, 0.11971227298190473, 0.055439979590410624, 0.02383490812302646, 0.031223205633022826, 0.014635672486577376], [0.7436626351001183, 0.12103840631399847, 0.06029335348243702, 0.02154694632690727, 0.03881892764851432, 0.014639731128024434], [0.058582829098792005, 0.12616802617279646, 0.09223670354894448, 0.018261485275822078, 0.6897405102701887, 0.015010445633456356], [0.05527712865082004, 0.10193916136271375, 0.03869415844742907, 0.018269419176338998, 0.7707790975002066, 0.015041034862491504], [0.7828979595562997, 0.10866573180898574, 0.04748071065796312, 0.01675903813380468, 0.02953628481494186, 0.014660275028004852], [0.7833410383312822, 0.10833641391437109, 0.04737711569127476, 0.016768781133541622, 0.029498890174167347, 0.014677760755362916], [0.05520606870748708, 0.08782890687668982, 0.07182678516177622, 0.02256569534690459, 0.7475569702896128, 0.01501557361752942], [0.7842446414743183, 0.10766481170403375, 0.04716584685424682, 0.016788650749695655, 0.02942262853211986, 0.014713420685585576], [0.8076428457137113, 0.09677186731785542, 0.03280478113648293, 0.021780420941889197, 0.02613728859952854, 0.014862796290532623], [0.724518726820801, 0.1297246159370244, 0.08064643427559123, 0.023208682343200233, 0.027121631737177437, 0.01477990888620555], [0.6987241686203409, 0.14174934064932365, 0.09622263248111278, 0.018499263344173116, 0.030227895104246297, 0.014576699800803047], [0.05802268720252153, 0.11663101496165663, 0.07191429736493836, 0.01827776102239783, 0.7200810425190353, 0.015073196929450293], [0.08183337229550841, 0.13500810068291422, 0.12706893793073723, 0.020730587582598985, 0.6202531307798599, 0.015105870728381217], [0.06003178953425749, 0.22804864747998632, 0.37310906220585505, 0.052499642326482104, 0.27120498772503776, 0.015105870728381217], [0.42001227313520995, 0.40132797176813917, 0.08424169272393524, 0.02233421623822233, 0.05765422813595648, 0.014429617998536733], [0.7465612287668211, 0.13913245766251123, 0.04886035918389562, 0.02383490812302646, 0.02697537377716836, 0.014635672486577376], [0.7569038572447788, 0.13020575825195846, 0.04760469669546988, 0.02353596957463283, 0.027045192273411456, 0.014704525959748561], [0.7840441875857718, 0.11166562874564763, 0.04514961724161531, 0.019312053075872422, 0.025923739308433197, 0.013904774042659801], [0.04710228441020498, 0.08521994111318455, 0.03355585429149566, 0.01687112894765453, 0.8030168908421991, 0.014233900395261085], [0.0458571542870945, 0.10704116965135065, 0.11851595109318969, 0.01687112894765453, 0.6974806956254495, 0.014233900395261085], [0.049579619430234506, 0.09667459026386112, 0.06863491817511362, 0.01687112894765453, 0.7540058427878751, 0.014233900395261085], [0.6031111898303497, 0.28237335360198124, 0.053890524152989866, 0.01728279164079586, 0.029592961685057595, 0.013749179088825638], [0.05520992629393796, 0.3278371391606942, 0.11638062611363541, 0.018898039418587774, 0.4674403686178836, 0.014233900395261085], [0.07003774578077898, 0.3288753382900306, 0.1661129359696855, 0.018898039418587774, 0.40184204014565594, 0.014233900395261085], [0.0941156404772695, 0.13348840175443977, 0.5345314913410282, 0.021825798987713568, 0.20180476704428782, 0.014233900395261085], [0.09411564047726949, 0.08275835549157651, 0.42068264348399076, 0.021825798987713568, 0.3663836611641885, 0.014233900395261085], [0.8986708009876542, 0.0384751298765432, 0.01361271012345679, 0.013934553744855966, 0.02133076773662551, 0.013976037530864197], [0.1287388832630771, 0.12713088597045177, 0.1311511728825008, 0.02075287755606272, 0.5771922447571711, 0.015033935570736604], [0.6530087381776707, 0.1643941551699989, 0.10695426055105693, 0.022314059039425294, 0.038865024007198615, 0.014463763054649373], [0.7653769365661658, 0.12378783760267069, 0.04286549150793923, 0.02742708031855992, 0.025906981518087027, 0.014635672486577374], [0.7544102200433748, 0.1280388309987477, 0.047604696695469864, 0.028196534029247627, 0.027045192273411456, 0.014704525959748561], [0.750062346225355, 0.12763625398455683, 0.0487095705483169, 0.03331626386118555, 0.025495656494380275, 0.014779908886205551], [0.8892174596923078, 0.04484808492307692, 0.013865684923076924, 0.01426675158974359, 0.0234835721025641, 0.014318446769230768]], [[0.8890890509316771, 0.04508517888198758, 0.01381412298136646, 0.014218926293995859, 0.023521617805383022, 0.014271103105590061], [0.07340665315933259, 0.14376277616021466, 0.16190994933496838, 0.02620135231296404, 0.5785038626409795, 0.016215406391540767], [0.6670493792661996, 0.23160258046731158, 0.01747758254893484, 0.028833931721938343, 0.03937765124475969, 0.015658874750855895], [0.0693492355320455, 0.26371691841985917, 0.015839430235650005, 0.025513223139082483, 0.6106279568716978, 0.01495323580166491], [0.5869438142225696, 0.31146475017152575, 0.01602055319689322, 0.03338962870188553, 0.037530563500997115, 0.014650690206128738], [0.5430346740470555, 0.34751149739170156, 0.01604887672740764, 0.03615346776892554, 0.04256424736404177, 0.014687236700867957], [0.38654791753865575, 0.5099927780670915, 0.01602055319689322, 0.03338962870188553, 0.03939843228934513, 0.014650690206128738], [0.64860559914846, 0.252845287982624, 0.016094997867729333, 0.02914510718028772, 0.03856225996511772, 0.014746747855781197], [0.5276837515478434, 0.1770573136418052, 0.016064516839731258, 0.02708636407948537, 0.23740063639809966, 0.014707417493035262], [0.7299534089728187, 0.17340366657975823, 0.016087739314910067, 0.026719801256940616, 0.03909800189535829, 0.014737381980213935], [0.7293664053031021, 0.18120193612975985, 0.016057602958017555, 0.026025384634191837, 0.0326501746205046, 0.014698496354424074], [0.053940380236216445, 0.13044012442100053, 0.015922655772840317, 0.02027527212036442, 0.7643643920080078, 0.015057175441570451], [0.053940380236216445, 0.13044012442100053, 0.015922655772840317, 0.02027527212036442, 0.7643643920080078, 0.015057175441570451], [0.7984969105404475, 0.11869521692689423, 0.016062878479290145, 0.02243996723757922, 0.02959972333644318, 0.014705303479345776], [0.06240865386279942, 0.1930405418106435, 0.015877823627389362, 0.021197042402126748, 0.6924747533268052, 0.015001184970235799], [0.733133753974175, 0.17855555866732456, 0.01611185232823963, 0.028504303701126006, 0.028926035780139227, 0.014768495548995439], [0.7299293263490516, 0.18281764610479762, 0.016035470344591764, 0.026391467369307316, 0.030156151691632146, 0.01466993814061951], [0.06181213993959831, 0.20002786670462444, 0.015926674894693255, 0.021172118096965495, 0.6859990054766878, 0.015062194887430864], [0.6436621032598996, 0.25697483471552346, 0.01597584197170767, 0.0322319608559802, 0.03656252794811816, 0.014592731248770897], [0.3548439034410581, 0.5438993323523151, 0.015919785547529482, 0.030317541368735303, 0.040503178088608954, 0.01451625920175301], [0.1033436088765268, 0.5790660281335641, 0.02625870566192018, 0.02890699923704477, 0.2473187873625628, 0.015105870728381217], [0.09252620569812577, 0.5533680607292275, 0.02205734681658019, 0.028352600468283716, 0.28863861084621234, 0.015057175441570451], [0.4460694629655798, 0.46153352558885447, 0.016042136463350745, 0.027715612600081638, 0.033960722797070624, 0.014678539585062747], [0.7227889264992192, 0.19426400720448406, 0.01611939273593524, 0.022629246339116872, 0.02942020211293317, 0.014778225108311463], [0.6047623292103413, 0.31986533775807124, 0.015095359558742995, 0.020156468224341965, 0.026131167545009847, 0.013989337703492704], [0.7673396939048311, 0.15650493464327486, 0.015023097709020251, 0.019476899358357044, 0.027759277787015105, 0.013896096597501555], [0.04781392105371388, 0.15370943375381121, 0.014943528575795638, 0.01851234361140316, 0.7507868726100151, 0.014233900395261085], [0.7620081693881648, 0.16036251116435868, 0.014987042140662096, 0.020073273624096215, 0.02871943040400443, 0.013849573278713669], [0.6979719410014127, 0.2151989401852752, 0.015010272551203558, 0.024690175913160674, 0.033249122343876836, 0.013879548005071006], [0.4707040034948344, 0.2680388995273617, 0.014953453646312998, 0.029727998780020443, 0.20276941126991588, 0.013806233281554676], [0.0929394858273134, 0.6371659884553874, 0.019600918413451126, 0.02567809993660069, 0.21038160697198616, 0.014233900395261085], [0.09293948582731341, 0.4688723627613822, 0.025810771530325113, 0.02567809993660069, 0.3724653795491174, 0.014233900395261085], [0.0908073480348504, 0.10778890596134881, 0.7063177982804123, 0.023255885821481574, 0.05769285868484067, 0.014137203217066135], [0.9024284144887668, 0.036421154516276935, 0.013337064649243467, 0.013635887819043253, 0.020503074125019102, 0.013674404401650618], [0.6012884081911075, 0.2069852202516728, 0.11980160172133722, 0.019852752293577504, 0.03774563624406534, 0.014326381298239555], [0.08851469290482956, 0.3359616553031632, 0.015889344765056778, 0.04502164931727778, 0.4995970840921432, 0.01501557361752942], [0.6315180293301534, 0.2835245009189183, 0.01604213646335074, 0.024090936505159297, 0.03014585719735524, 0.014678539585062746], [0.7071581158657031, 0.2067626589227859, 0.016064516839731258, 0.02826447077678109, 0.02704282010196346, 0.014707417493035262], [0.7544102200433748, 0.1280388309987477, 0.047604696695469864, 0.028196534029247627, 0.027045192273411456, 0.014704525959748561], [0.8890890509316771, 0.04508517888198758, 0.01381412298136646, 0.014218926293995859, 0.023521617805383022, 0.014271103105590061]], [[0.8890890509316771, 0.04508517888198758, 0.01381412298136646, 0.014218926293995859, 0.023521617805383022, 0.014271103105590061], [0.6843078577098453, 0.16102683566652354, 0.07887852808806803, 0.0253061987973717, 0.03498037208796093, 0.015500207650230552], [0.5683514702694223, 0.3248401765254671, 0.017598476567894365, 0.03477070712973723, 0.03861481294928449, 0.015824356558194468], [0.5868077263828547, 0.3116008380112406, 0.01602055319689322, 0.03338962870188553, 0.037530563500997115, 0.014650690206128738], [0.3442955850300017, 0.5462505864087553, 0.01604887672740764, 0.03615346776892554, 0.04256424736404177, 0.014687236700867957], [0.5292400564383676, 0.36062938433702557, 0.015979613510622184, 0.03636744033695884, 0.04318564057796152, 0.014597864799064176], [0.11117774587714789, 0.3491369007875943, 0.015852879035515348, 0.03480833754299448, 0.4740541048674595, 0.01497003188928846], [0.5791947153845147, 0.31245288277553396, 0.01597361572450103, 0.03472189914555422, 0.04306676125049249, 0.014590125719403465], [0.06916056986431351, 0.2627940971982545, 0.015852879035515348, 0.025490132588982077, 0.6117322894236461, 0.01497003188928846], [0.7323243165872422, 0.17505039754911358, 0.016064516839731258, 0.027086364079485364, 0.03476698745139226, 0.014707417493035259], [0.7321898825540841, 0.18175886977295277, 0.016144747110886863, 0.02684491047486473, 0.028250649653022264, 0.014810940434189143], [0.7318025112830862, 0.18120193612975985, 0.016057602958017555, 0.026025384634191837, 0.03021406864052059, 0.014698496354424074], [0.7938181440275017, 0.12673530708131914, 0.016136908106814493, 0.021323919192541674, 0.02718489600263669, 0.014800825589186127], [0.7324165519185383, 0.18183364153312398, 0.016171118737646362, 0.02644856498377303, 0.02828515448373862, 0.014844968343179516], [0.7311458052087515, 0.18026543866540906, 0.016087739314910067, 0.02888492351697608, 0.028878711313739112, 0.014737381980213935], [0.7292155255301008, 0.1821957183440599, 0.016087739314910067, 0.028884923516976087, 0.028878711313739112, 0.014737381980213935], [0.06194984169264895, 0.2038929850102517, 0.01591539786513057, 0.021177871727150445, 0.6820157926002204, 0.015048111104597847], [0.6514953006271594, 0.2485325420037747, 0.015963267474053446, 0.03218890438585788, 0.03724321237234478, 0.014576773136809633], [0.08984967003643528, 0.5367091854972444, 0.015961646589117397, 0.03018072604813512, 0.3121929011006865, 0.015105870728381217], [0.31240424292566743, 0.35739187689567914, 0.015922655772840317, 0.03187698569534894, 0.2673470632688938, 0.015057175441570451], [0.29227578505324825, 0.5992025352351013, 0.01593578959953868, 0.03423516230920171, 0.04380940999169593, 0.014541317811214273], [0.3014846588366056, 0.5902099820707543, 0.015954384575357854, 0.03392759358804217, 0.04385806959837598, 0.014565311330864139], [0.5758366311492741, 0.3234280474121843, 0.016071509050631885, 0.03179832093250439, 0.038149051753829856, 0.014716439701575447], [0.6473274714315917, 0.26277025374136653, 0.016094997867729333, 0.025703459583033716, 0.03335706952049743, 0.014746747855781197], [0.7632994010801342, 0.15900204305553003, 0.015028830851921365, 0.022152053903383172, 0.026614176907026665, 0.013903494202004572], [0.7667979237488143, 0.1578297432195981, 0.015095359558742995, 0.020156468224341965, 0.026131167545009847, 0.013989337703492704], [0.7685481000556401, 0.1542059897921275, 0.015068082480912178, 0.021532473613101316, 0.026691212587799447, 0.01395414147041937], [0.6022154999191691, 0.3203080091860423, 0.015048087439498483, 0.021848091942373585, 0.02665197009858341, 0.013928341414332997], [0.047725548241982135, 0.1550214925691472, 0.01490084206790096, 0.019247927756220827, 0.7489197726821768, 0.014184416682572015], [0.36262196747613157, 0.5465444829940609, 0.015010272551203557, 0.02838257306733171, 0.03356115590620114, 0.013879548005071006], [0.27114816528409674, 0.46175613042730534, 0.016725357496753523, 0.1971728011769151, 0.039341090927873724, 0.013856454687055519], [0.25473121551736727, 0.3007832324585553, 0.025806243355525053, 0.19819226612691881, 0.20665287306124414, 0.013834169480389444], [0.26082093644395793, 0.15765163286730824, 0.5007207452576037, 0.02489738469897363, 0.04225152656638418, 0.013657774165772185], [0.9024284144887668, 0.036421154516276935, 0.013337064649243467, 0.013635887819043253, 0.020503074125019102, 0.013674404401650618], [0.32574529586329515, 0.13156778421974247, 0.15345905627191317, 0.05131112272717754, 0.32291555594763593, 0.015001184970235799], [0.42322557639857217, 0.4931905060640816, 0.015993516262399025, 0.02157158526426168, 0.031403012175228666, 0.014615803835457056], [0.4892134427872138, 0.4235191496700271, 0.018557477686520427, 0.025757566412515115, 0.028309971869622565, 0.014642391574100924], [0.06531307346640872, 0.4234573398153019, 0.015933885950275208, 0.026080651040522748, 0.45414384901629745, 0.015071200711193984], [0.7463967178648909, 0.13308955133230824, 0.05474668873504129, 0.02180277376611932, 0.029356646396633546, 0.014607621905006626], [0.8890890509316771, 0.04508517888198758, 0.01381412298136646, 0.014218926293995859, 0.023521617805383022, 0.014271103105590061]], [[0.8890890509316771, 0.04508517888198758, 0.01381412298136646, 0.014218926293995859, 0.023521617805383022, 0.014271103105590061], [0.594679796226008, 0.20394910286593693, 0.10813242265363919, 0.03278726590811414, 0.04495623946980731, 0.015495172876494639], [0.4894356129918957, 0.3915789577040747, 0.017517522372552483, 0.04016833107348248, 0.045568475827919244, 0.015731100030075378], [0.5433194119753134, 0.34722675946344383, 0.016048876727407645, 0.03615346776892555, 0.042564247364041775, 0.014687236700867959], [0.5310914991335497, 0.35920523759241973, 0.0160270548902092, 0.03648143338363011, 0.042535695511502714, 0.014659079488688252], [0.21992763220920697, 0.6185615953721939, 0.01839300553574537, 0.0455005261540971, 0.08267387872123647, 0.014943362007520108], [0.3329333412247962, 0.5569360995505971, 0.015979613510622184, 0.03636744033695884, 0.04318564057796152, 0.014597864799064176], [0.5446805985005584, 0.3458655729381988, 0.016048876727407645, 0.03615346776892555, 0.042564247364041775, 0.014687236700867959], [0.5918147748113687, 0.30472592079437877, 0.016020553196893224, 0.03338962870188553, 0.039398432289345135, 0.01465069020612874], [0.661597215735641, 0.24634947968903342, 0.016094997867729333, 0.02914510718028772, 0.03206645167152718, 0.014746747855781197], [0.7292312750655943, 0.18191216963476448, 0.016064516839731258, 0.02925148633952083, 0.028833134627353756, 0.01470741749303526], [0.06255026278897043, 0.1936122651373954, 0.015866226621458847, 0.021202959286799793, 0.6917815845936385, 0.014986701571737045], [0.7296314999960225, 0.1820578126454771, 0.01611185232823963, 0.028504303701126006, 0.028926035780139234, 0.01476849554899544], [0.7262996157115912, 0.1876491366154459, 0.016144747110886863, 0.026844910474864737, 0.028250649653022264, 0.014810940434189143], [0.7237294137041951, 0.1899295252044552, 0.01611939273593524, 0.027225967445038315, 0.02821747580206483, 0.014778225108311461], [0.7217696613715525, 0.19188927753709775, 0.01611939273593524, 0.027225967445038315, 0.02821747580206483, 0.014778225108311461], [0.6455710181254983, 0.2550808601671042, 0.01597819265227629, 0.03222315172953445, 0.03655074589231854, 0.014596031433268309], [0.09634032540636739, 0.5574563421448914, 0.015950595866492886, 0.033195237493225734, 0.2819654295107338, 0.015092069578288778], [0.5124232249503756, 0.3784443062647905, 0.01594006815653554, 0.035639008211457254, 0.04300655388635435, 0.014546838530486807], [0.2987002005785269, 0.5897251608225706, 0.015979613510622184, 0.03918882084858834, 0.0418083394406276, 0.014597864799064176], [0.21134021760094965, 0.6532201374558904, 0.01839300553574537, 0.040734836185468436, 0.06136844121442597, 0.014943362007520108], [0.327907365014699, 0.3583355637970222, 0.015852879035515348, 0.032060911849393144, 0.2508732484140818, 0.01497003188928846], [0.30768190599633205, 0.5804875135028484, 0.015999725200101584, 0.03902679719710336, 0.042180242734815625, 0.014623815368799168], [0.3778248871436091, 0.5197553828876895, 0.016020553196893224, 0.03292730521571218, 0.03882118134996737, 0.01465069020612874], [0.06776662059502757, 0.4034988764973895, 0.014943528575795638, 0.02268990543584973, 0.47686716850067645, 0.014233900395261085], [0.6009663411386956, 0.322458842773297, 0.014987042140662096, 0.020073273624096215, 0.027664927044535263, 0.013849573278713669], [0.7670685115386782, 0.15755915542973437, 0.015095359558742995, 0.020156468224341965, 0.026131167545009854, 0.013989337703492704], [0.7600037700929267, 0.1643835772097647, 0.015074335152948197, 0.020472449051601657, 0.026103659057593535, 0.013962209435165292], [0.5298513424294463, 0.3866999023490884, 0.015010272551203558, 0.024690175913160674, 0.0298687587520301, 0.013879548005071006], [0.4738460123377884, 0.43450751274018895, 0.015034628947108414, 0.02794415380328056, 0.03475671655571626, 0.0139109756159174], [0.5901524927176377, 0.3064246335145421, 0.01570301760420896, 0.03300315330638149, 0.040829943012297615, 0.013886759844932255], [0.2755008972498174, 0.45240665570935595, 0.02280516813599337, 0.033298275802468136, 0.2020780274864476, 0.0139109756159174], [0.24100342614656514, 0.3385757857240092, 0.3505922880549818, 0.020015723544878444, 0.03611379888096527, 0.013698977648600069], [0.9024294608695651, 0.036389994508009144, 0.013348163844393591, 0.013646439969488939, 0.020501054767353165, 0.01368488604118993], [0.6165779033937554, 0.1874707756591391, 0.10926413351750051, 0.04343831101893999, 0.028732126190071615, 0.014516750220593257], [0.7334078043932326, 0.1441029090895109, 0.05455021702906926, 0.025429805904525413, 0.02793299997813642, 0.014576263605525415], [0.442584727212922, 0.2838975301567679, 0.016952403041141813, 0.026521846297420826, 0.21410704800975194, 0.015936445281995632], [0.06500516791220476, 0.3959350490723762, 0.015961646589117397, 0.02704065946276339, 0.48095160623515704, 0.015105870728381217], [0.05322786388661127, 0.08957345351038801, 0.059215781927463254, 0.0182862355959129, 0.7645907943512432, 0.015105870728381217], [0.8890890509316771, 0.04508517888198758, 0.01381412298136646, 0.014218926293995859, 0.023521617805383022, 0.014271103105590061]], [[0.8890890509316771, 0.04508517888198758, 0.01381412298136646, 0.014218926293995859, 0.023521617805383022, 0.014271103105590061], [0.6843078577098453, 0.16102683566652354, 0.07887852808806803, 0.0253061987973717, 0.03498037208796093, 0.015500207650230552], [0.08686023813699445, 0.3392391986867095, 0.017379814029059387, 0.02994086204520864, 0.5103507624610968, 0.016229124640931052], [0.573835959902836, 0.3216605620453856, 0.015973615724501032, 0.03472189914555423, 0.03921783746231979, 0.014590125719403466], [0.30284551690439415, 0.5843863438323291, 0.01599972520010158, 0.03769674486072996, 0.044447853833646085, 0.014623815368799168], [0.11152571837336456, 0.35038708808915864, 0.015839430235650005, 0.03486675778012431, 0.4724277697200375, 0.01495323580166491], [0.5271623865500487, 0.3629389801412891, 0.01599972520010158, 0.036049980737801315, 0.043225112001960234, 0.014623815368799168], [0.5867984596666302, 0.3120734221581849, 0.016071509050631885, 0.033481735518117756, 0.03685843390485961, 0.014716439701575447], [0.657283693944171, 0.24816826486197952, 0.016042136463350745, 0.031157260197335633, 0.032670104948100374, 0.014678539585062746], [0.7367504548503514, 0.1766420074724482, 0.01611939273593524, 0.02506084518500286, 0.030649074647950816, 0.014778225108311463], [0.7311458052087515, 0.18026543866540906, 0.016087739314910067, 0.02888492351697608, 0.028878711313739112, 0.014737381980213935], [0.7294784101757452, 0.18352603723710095, 0.016057602958017555, 0.026025384634191837, 0.03021406864052059, 0.014698496354424074], [0.7252044404695195, 0.18874431185751744, 0.016144747110886863, 0.02684491047486473, 0.028250649653022257, 0.014810940434189141], [0.5274066012971477, 0.38279673753061894, 0.01611939273593524, 0.024890762290197148, 0.03400828103778956, 0.014778225108311461], [0.6376170400065965, 0.2652934644171849, 0.016094997867729333, 0.026833670309957973, 0.039414079542750086, 0.014746747855781197], [0.4307630059893841, 0.4731083618967567, 0.01604213646335074, 0.031181028481847055, 0.034226927583598556, 0.014678539585062746], [0.07973415738269031, 0.5533211075131554, 0.015935484342735305, 0.030262756013454115, 0.30567329781851454, 0.015073196929450293], [0.31375926873226595, 0.5771082624829, 0.015940068156535536, 0.03563900821145725, 0.04300655388635434, 0.014546838530486807], [0.09766998072632795, 0.560976979538334, 0.01589098449192971, 0.03343364187774201, 0.2770107919076965, 0.015017621457969619], [0.2960728305093233, 0.592584456807719, 0.015999725200101584, 0.038871361249430816, 0.04184781086462631, 0.014623815368799168], [0.2979810311727189, 0.5950386464359857, 0.0160270548902092, 0.03480336176803975, 0.041490826244358105, 0.014659079488688252], [0.29926843632454003, 0.5891297867010526, 0.01599972520010158, 0.03879799367069102, 0.04218024273481562, 0.014623815368799168], [0.3720107685586902, 0.3251033025903674, 0.01607150905063189, 0.23394892834490524, 0.03814905175382986, 0.014716439701575448], [0.44250303415693065, 0.4618385710374422, 0.016094997867729333, 0.03145957956161912, 0.03335706952049743, 0.014746747855781197], [0.6445178655967606, 0.26677490066962023, 0.014941175208894668, 0.025098720077945155, 0.03487694831190744, 0.013790390134871872], [0.2341653491291674, 0.2371001479632497, 0.014943528575795638, 0.02268990543584973, 0.47686716850067645, 0.014233900395261085], [0.7597282073339826, 0.16369697657801005, 0.014987042140662096, 0.020073273624096215, 0.027664927044535263, 0.013849573278713669], [0.6948058895645021, 0.22381404573072133, 0.01505410639126702, 0.023021654341149403, 0.02936819616785081, 0.013936107804509266], [0.31222748329513544, 0.5988674168138669, 0.015034628947108414, 0.026617682014074877, 0.033341813313896865, 0.0139109756159174], [0.2628522730832405, 0.6432773381904986, 0.015015861726522087, 0.028831205051686744, 0.03613656210311965, 0.013886759844932253], [0.4263945521289168, 0.47472038507590164, 0.016328449389546987, 0.03028993541823983, 0.038403266722581174, 0.013863411264813597], [0.4032064435710699, 0.48559123559114775, 0.02123229307763005, 0.03262889794097179, 0.04345436997424807, 0.013886759844932253], [0.19936693698920413, 0.15465075894316999, 0.5812978815929221, 0.017634620167811265, 0.033111698830504244, 0.013938103476388356], [0.9024284144887668, 0.036421154516276935, 0.013337064649243467, 0.013635887819043253, 0.020503074125019102, 0.013674404401650618], [0.9024294608695651, 0.036389994508009144, 0.013348163844393591, 0.013646439969488939, 0.020501054767353165, 0.01368488604118993], [0.9024263101702714, 0.03648381868384721, 0.013314743672342384, 0.013614666973462187, 0.020507135143426905, 0.013653325356649792], [0.3483921490406944, 0.15250935788724743, 0.42300802652497826, 0.02124562422065604, 0.04038088354628276, 0.014463958780141124], [0.6047997692009712, 0.28054491395818953, 0.04435818029052379, 0.02178839840496793, 0.033903907236873455, 0.01460483090847416], [0.050325148517759745, 0.07998136280743019, 0.05930710252821432, 0.01828368109039894, 0.7770066832481634, 0.015096021808033468], [0.8890890509316771, 0.04508517888198758, 0.01381412298136646, 0.014218926293995859, 0.023521617805383022, 0.014271103105590061]], [[0.8890890509316771, 0.04508517888198758, 0.01381412298136646, 0.014218926293995859, 0.023521617805383022, 0.014271103105590061], [0.6973761621751766, 0.1561117452783806, 0.07068390321696365, 0.028003383342900375, 0.032244370644692745, 0.01558043534188601], [0.5553591424015507, 0.33612443865313046, 0.017450262762950162, 0.034214824678287056, 0.041227708093599956, 0.015623623410481593], [0.08633754516869636, 0.31321665512338737, 0.015839430235650005, 0.03180958964777127, 0.53784354402283, 0.01495323580166491], [0.29363028747698905, 0.5936015732597343, 0.01599972520010158, 0.03769674486072996, 0.044447853833646085, 0.014623815368799168], [0.4913460357675291, 0.39588582496919417, 0.01599972520010158, 0.03769674486072996, 0.044447853833646085, 0.014623815368799168], [0.3734785273100776, 0.5253933545147376, 0.016071509050631885, 0.03348173551811775, 0.03685843390485961, 0.014716439701575445], [0.44559603771151185, 0.45985592109463863, 0.016042136463350745, 0.031157260197335633, 0.032670104948100374, 0.014678539585062746], [0.059982379136075015, 0.4040069669513257, 0.01590404736957725, 0.0211836628402682, 0.4838890081320173, 0.015033935570736604], [0.7403445611692501, 0.1675134454624231, 0.01601902939132193, 0.027796034438365654, 0.03367820553344948, 0.014648724005189682], [0.06181577105460588, 0.19195282821643106, 0.015961646589117397, 0.02026545785631457, 0.6948984255551498, 0.015105870728381217], [0.06206211202263871, 0.20142138561565978, 0.015961646589117397, 0.0209450191474396, 0.6845039658967632, 0.015105870728381217], [0.7271686918014514, 0.18986383351079453, 0.016014121757732095, 0.02468371515055187, 0.02762724620536927, 0.014642391574100924], [0.04016918060046189, 0.036546945958429555, 0.013292257736720554, 0.013593289299461124, 0.020511226173979984, 0.8758871002309468], [0.04028979140534262, 0.03664652171893147, 0.013256788850174216, 0.013559568563685636, 0.02051767928765002, 0.875729650174216], [0.35335145782765615, 0.545870917902298, 0.015973615724501032, 0.03725491647507554, 0.03295896635106585, 0.014590125719403466], [0.09645257460669199, 0.575688710816778, 0.015909731845399074, 0.0319233577676197, 0.2649845901010197, 0.015041034862491504], [0.5021228695154276, 0.3822368726563401, 0.015979613510622184, 0.03918882084858834, 0.04587395866995748, 0.014597864799064176], [0.27409003845078445, 0.6050305823609079, 0.015999725200101584, 0.040518125372359465, 0.04973771324704778, 0.014623815368799168], [0.3210378518752637, 0.5661945184908327, 0.016071509050631885, 0.03659974262203318, 0.045379938259663036, 0.014716439701575447], [0.3029417363567131, 0.592093286849833, 0.01604887672740764, 0.032709485268281276, 0.04151937809689715, 0.014687236700867957], [0.3674563574097524, 0.5303536813401686, 0.016071509050631885, 0.03325296074404182, 0.038149051753829856, 0.014716439701575447], [0.6380416170853677, 0.2661658412450975, 0.016094997867729333, 0.03159372642552683, 0.03335706952049743, 0.014746747855781197], [0.5824947861158625, 0.3151762823645357, 0.016020553196893224, 0.03283650676661258, 0.038821181349967364, 0.01465069020612874], [0.09174819937424386, 0.4657616007104717, 0.014943528575795638, 0.027971465387861355, 0.3853413055563663, 0.014233900395261085], [0.48245980683655454, 0.42955250549667157, 0.014929210703758411, 0.02384126730022549, 0.03544225760064703, 0.013774952062143015], [0.06703255969673581, 0.4042329373956813, 0.014943528575795638, 0.02268990543584973, 0.47686716850067645, 0.014233900395261085], [0.3109303640174799, 0.5997803430797111, 0.01499237523157939, 0.026541305014656513, 0.03389915796951753, 0.013856454687055519], [0.25515889302607353, 0.6506018763603371, 0.014975104198186703, 0.02874539132758564, 0.03668456560742775, 0.013834169480389444], [0.41601253476088174, 0.48991023975861053, 0.014997766578788273, 0.029103161358377247, 0.03611288627852844, 0.013863411264813597], [0.1706935757612277, 0.69854675469529, 0.01695966493191789, 0.04473206712001581, 0.054968792904667496, 0.014099144586881], [0.226763859558098, 0.6686954818168974, 0.017809890308495765, 0.03414879811471881, 0.0387693195050328, 0.013812650696757202], [0.2284588980734743, 0.659242684223717, 0.02256084689965704, 0.03544360153740396, 0.04043055800093407, 0.013863411264813597], [0.2844062074957332, 0.43276125288223904, 0.2154989142682118, 0.01864791071639949, 0.03422493381175921, 0.014460780825657292], [0.3427025669222149, 0.22362812012878802, 0.34822542708887944, 0.021348202060031754, 0.04958125278034544, 0.014514431019740603], [0.9024248544405996, 0.03652716862745098, 0.013299302422145328, 0.01359998677431757, 0.020509944482891194, 0.013638743252595155], [0.2931715413999383, 0.23013713411724557, 0.3945884824515156, 0.01864791071639949, 0.04899415048924372, 0.014460780825657292], [0.3430897855003446, 0.15781172142759725, 0.4230080265249783, 0.021245624220656043, 0.04038088354628277, 0.014463958780141124], [0.09227534355242387, 0.17513320926783985, 0.0541985262914558, 0.033859184280705015, 0.6294906776145348, 0.015043058993040613], [0.8890890509316771, 0.04508517888198758, 0.01381412298136646, 0.014218926293995859, 0.023521617805383022, 0.014271103105590061]], [[0.8890890509316771, 0.04508517888198758, 0.01381412298136646, 0.014218926293995859, 0.023521617805383022, 0.014271103105590061], [0.580769741898317, 0.21992765022004615, 0.10664950462083755, 0.032563534633441915, 0.044529137321269056, 0.015560431306088316], [0.44899603742591776, 0.43257894826798776, 0.01754301367984203, 0.03988709962532817, 0.045214119075465825, 0.01578078192545852], [0.3121519076488574, 0.5779494590424802, 0.01599972520010158, 0.036049980737801315, 0.04322511200196023, 0.014623815368799167], [0.3218515277058697, 0.5684452090200998, 0.0160270548902092, 0.03648143338363011, 0.042535695511502714, 0.014659079488688252], [0.3040514479204805, 0.5796351193773311, 0.01604887672740764, 0.03924770658832955, 0.04632961268558321, 0.014687236700867957], [0.37372260269439395, 0.5251492791304212, 0.016071509050631885, 0.033481735518117756, 0.03685843390485961, 0.014716439701575447], [0.6347271722605374, 0.27072478654561294, 0.016042136463350745, 0.031157260197335633, 0.032670104948100374, 0.014678539585062746], [0.7344068791447881, 0.17321781226463406, 0.015998254218079624, 0.028144887486034983, 0.03361024955917778, 0.014621917327285608], [0.059313744971819314, 0.1908691466782208, 0.015961646589117397, 0.02115427526029124, 0.69759531577217, 0.015105870728381217], [0.7282193485172365, 0.17925302874057955, 0.01600303092354954, 0.0299349351869621, 0.03196157581282475, 0.014628080818847446], [0.06206211202263871, 0.20429577144177571, 0.015961646589117397, 0.0209450191474396, 0.6816295800706473, 0.015105870728381217], [0.08105739937225816, 0.484152539235205, 0.015922655772840317, 0.024420146845751285, 0.37939008333237473, 0.015057175441570451], [0.04028979140534262, 0.03664652171893147, 0.013256788850174216, 0.013559568563685636, 0.02051767928765002, 0.875729650174216], [0.07952448160876659, 0.6233453934199069, 0.01589834434734165, 0.02604025562333806, 0.2401647118841177, 0.015026813116528995], [0.10962038905009852, 0.6088062078474605, 0.015909731845399074, 0.030865290769834304, 0.21975734562471597, 0.015041034862491504], [0.5005022775543151, 0.38297987897624913, 0.015935789599538678, 0.040500525321475474, 0.04554021073720735, 0.014541317811214271], [0.21162386097499572, 0.6281194180421786, 0.01839300553574537, 0.053613209080157716, 0.07330714435940236, 0.014943362007520108], [0.26919539536341286, 0.41109360281035745, 0.015979613510622184, 0.04083558497151698, 0.24829793854502627, 0.014597864799064176], [0.2747933253680037, 0.6013788438881396, 0.01604887672740764, 0.042069087099959046, 0.051022630215622096, 0.014687236700867957], [0.3240390595585064, 0.5602617490802906, 0.016071509050631885, 0.02997881456873728, 0.054932428040258253, 0.014716439701575447], [0.4337388542100413, 0.47386413434439284, 0.016042136463350745, 0.027715612600081638, 0.033960722797070624, 0.014678539585062747], [0.5791066856894306, 0.31952262877429777, 0.01602055319689322, 0.03187826078328235, 0.038821181349967364, 0.014650690206128738], [0.5323453751256415, 0.3626896480809044, 0.01604887672740764, 0.03270948526828127, 0.041519378096897146, 0.014687236700867957], [0.5944283018989315, 0.30875201302708116, 0.014922087390888811, 0.030096330036283016, 0.03803550695706094, 0.01376576068975453], [0.09037876798731957, 0.467131032097396, 0.014943528575795638, 0.027971465387861355, 0.3853413055563663, 0.014233900395261085], [0.47352824155690243, 0.434767735846082, 0.014953453646312998, 0.027646052991664512, 0.03529828267748338, 0.013806233281554676], [0.5246421928273399, 0.3919090519511948, 0.015010272551203558, 0.024690175913160674, 0.0298687587520301, 0.013879548005071006], [0.0858265988615686, 0.4747990776949535, 0.014943528575795638, 0.02427081749487435, 0.3859260769775468, 0.014233900395261085], [0.2274136648191116, 0.6712307056568817, 0.014937506754139244, 0.03346085587664246,