{"prediction": [[[0.9024284144887668, 0.036421154516276935, 0.013337064649243467, 0.013635887819043253, 0.020503074125019102, 0.013674404401650618], [0.9024294608695651, 0.036389994508009144, 0.013348163844393591, 0.013646439969488939, 0.020501054767353165, 0.01368488604118993], [0.9024284144887668, 0.036421154516276935, 0.013337064649243467, 0.013635887819043253, 0.020503074125019102, 0.013674404401650618], [0.9024284144887668, 0.036421154516276935, 0.013337064649243467, 0.013635887819043253, 0.020503074125019102, 0.013674404401650618], [0.9024284144887668, 0.036421154516276935, 0.013337064649243467, 0.013635887819043253, 0.020503074125019102, 0.013674404401650618], [0.9024284144887668, 0.036421154516276935, 0.013337064649243467, 0.013635887819043253, 0.020503074125019102, 0.013674404401650618], [0.9024284144887668, 0.036421154516276935, 0.013337064649243467, 0.013635887819043253, 0.020503074125019102, 0.013674404401650618], [0.9024284144887668, 0.036421154516276935, 0.013337064649243467, 0.013635887819043253, 0.020503074125019102, 0.013674404401650618], [0.9024284144887668, 0.036421154516276935, 0.013337064649243467, 0.013635887819043253, 0.020503074125019102, 0.013674404401650618], [0.9024284144887668, 0.036421154516276935, 0.013337064649243467, 0.013635887819043253, 0.020503074125019102, 0.013674404401650618], [0.9024284144887668, 0.036421154516276935, 0.013337064649243467, 0.013635887819043253, 0.020503074125019102, 0.013674404401650618], [0.9024284144887668, 0.036421154516276935, 0.013337064649243467, 0.013635887819043253, 0.020503074125019102, 0.013674404401650618], [0.9024284144887668, 0.036421154516276935, 0.013337064649243467, 0.013635887819043253, 0.020503074125019102, 0.013674404401650618], [0.9024263101702714, 0.03648381868384721, 0.013314743672342384, 0.013614666973462187, 0.020507135143426905, 0.013653325356649792], [0.9024189568865066, 0.036702790957818685, 0.013236745746912141, 0.013540513322457858, 0.02052132587586421, 0.013579667210440457], [0.8893891656031602, 0.04453104709814647, 0.013934632634457612, 0.014330702724602452, 0.023432698065430975, 0.01438175387420237], [0.8892259360393605, 0.04483243419434195, 0.01386908856088561, 0.014269908569085691, 0.023481060680606805, 0.014321571955719557], [0.8893891656031602, 0.04453104709814647, 0.013934632634457612, 0.014330702724602452, 0.023432698065430975, 0.01438175387420237], [0.9024189568865066, 0.036702790957818685, 0.013236745746912141, 0.013540513322457858, 0.02052132587586421, 0.013579667210440457], [0.9024263101702714, 0.03648381868384721, 0.013314743672342384, 0.013614666973462187, 0.020507135143426905, 0.013653325356649792], [0.9024284144887668, 0.036421154516276935, 0.013337064649243467, 0.013635887819043253, 0.020503074125019102, 0.013674404401650618], [0.9024284144887668, 0.036421154516276935, 0.013337064649243467, 0.013635887819043253, 0.020503074125019102, 0.013674404401650618], [0.9024284144887668, 0.036421154516276935, 0.013337064649243467, 0.013635887819043253, 0.020503074125019102, 0.013674404401650618], [0.9024284144887668, 0.036421154516276935, 0.013337064649243467, 0.013635887819043253, 0.020503074125019102, 0.013674404401650618], [0.9024284144887668, 0.036421154516276935, 0.013337064649243467, 0.013635887819043253, 0.020503074125019102, 0.013674404401650618], [0.9024284144887668, 0.036421154516276935, 0.013337064649243467, 0.013635887819043253, 0.020503074125019102, 0.013674404401650618], [0.9024284144887668, 0.036421154516276935, 0.013337064649243467, 0.013635887819043253, 0.020503074125019102, 0.013674404401650618], [0.9024284144887668, 0.036421154516276935, 0.013337064649243467, 0.013635887819043253, 0.020503074125019102, 0.013674404401650618], [0.9024284144887668, 0.036421154516276935, 0.013337064649243467, 0.013635887819043253, 0.020503074125019102, 0.013674404401650618], [0.9024284144887668, 0.036421154516276935, 0.013337064649243467, 0.013635887819043253, 0.020503074125019102, 0.013674404401650618], [0.9024284144887668, 0.036421154516276935, 0.013337064649243467, 0.013635887819043253, 0.020503074125019102, 0.013674404401650618], [0.9024263101702714, 0.03648381868384721, 0.013314743672342384, 0.013614666973462187, 0.020507135143426905, 0.013653325356649792], [0.9024189568865066, 0.036702790957818685, 0.013236745746912141, 0.013540513322457858, 0.02052132587586421, 0.013579667210440457], [0.8893891656031602, 0.04453104709814647, 0.013934632634457612, 0.014330702724602452, 0.023432698065430975, 0.01438175387420237], [0.8891578318912235, 0.04495818170580964, 0.013841741656365883, 0.014244543469303666, 0.023501238978162337, 0.014296462299134734], [0.8890890509316771, 0.04508517888198758, 0.01381412298136646, 0.014218926293995859, 0.023521617805383022, 0.014271103105590061], [0.8890890509316771, 0.04508517888198758, 0.01381412298136646, 0.014218926293995859, 0.023521617805383022, 0.014271103105590061], [0.8890890509316771, 0.04508517888198758, 0.01381412298136646, 0.014218926293995859, 0.023521617805383022, 0.014271103105590061], [0.8892174596923078, 0.04484808492307692, 0.013865684923076924, 0.01426675158974359, 0.0234835721025641, 0.014318446769230768], [0.8893891656031602, 0.04453104709814647, 0.013934632634457612, 0.014330702724602452, 0.023432698065430975, 0.01438175387420237]], [[0.9024294608695651, 0.036389994508009144, 0.013348163844393591, 0.013646439969488939, 0.020501054767353165, 0.01368488604118993], [0.0541810919785955, 0.3895526256026853, 0.10825878437205987, 0.018255326800126856, 0.41476546967479544, 0.014986701571737046], [0.7411491314768298, 0.12721747580100884, 0.06833303826578721, 0.018499881698856746, 0.030220461766646126, 0.014580010990871145], [0.04935171340106267, 0.09734376811008896, 0.2815931518659719, 0.0203656880616227, 0.5371117781659926, 0.014233900395261085], [0.5360161163548228, 0.31334704154761084, 0.08228698697224045, 0.02020942994785014, 0.034436164596896246, 0.013704260580579471], [0.06481437640519609, 0.11876437678510296, 0.34287830912233946, 0.018896319066252394, 0.4404304238223608, 0.01421619479874827], [0.47015819254351476, 0.331358678829411, 0.11793648067184412, 0.02432037912952044, 0.042566050605121905, 0.013660218220587715], [0.6296778026781668, 0.1721345245144171, 0.11867224327095925, 0.024496442258993407, 0.04139720997767154, 0.013621777299791851], [0.07925740224624174, 0.0746143079320638, 0.12517603889531678, 0.021834112845630332, 0.684901943281999, 0.01421619479874827], [0.42695201004525113, 0.3725398196162556, 0.12337540557960085, 0.021684845856354044, 0.04178524548854054, 0.013662673413997899], [0.24684936544330666, 0.1243118440990378, 0.30621001170863815, 0.02239259853255594, 0.2860022798212002, 0.014233900395261085], [0.35037759808576874, 0.3247835339829035, 0.08415328973067777, 0.022748006450294504, 0.2041912564346492, 0.013746315315706251], [0.6234720079445103, 0.1660355662675705, 0.12924619609176344, 0.022376474659545315, 0.04512628946616151, 0.013743465570449039], [0.26634640093463013, 0.16380505037649312, 0.3045517303096806, 0.026348597284628475, 0.22528800287398004, 0.013660218220587715], [0.07658732887566888, 0.1029606752874665, 0.32377298214822925, 0.021835040126714382, 0.4606297535461066, 0.01421422001581446], [0.2495107486474527, 0.4511256428558595, 0.18856113081284018, 0.025057449210284015, 0.07137459426959986, 0.014370434203963809], [0.34216044349589897, 0.4110550171575519, 0.13629267955401203, 0.03291083257232852, 0.06311706844006741, 0.014463958780141124], [0.08514500319004362, 0.3674875973521734, 0.15927547850243626, 0.025141941769329337, 0.34799674338435244, 0.01495323580166491], [0.4784559087055859, 0.15645299600337548, 0.29967580573930336, 0.021837633708991947, 0.029001392237217746, 0.014576263605525414], [0.7006133878093369, 0.1355132074770278, 0.09207437472686548, 0.02353596957463283, 0.03355853445238831, 0.014704525959748561], [0.7485801335345162, 0.12223879140126044, 0.05628316036190679, 0.023208682343200233, 0.03490932347291064, 0.014779908886205551], [0.5414748218657487, 0.10401523292141499, 0.2866393368384508, 0.019814238992883874, 0.03327159435214598, 0.014784775029355667], [0.05571515973176414, 0.08880182972327783, 0.0725721896901427, 0.02261070523335347, 0.745346879819797, 0.01495323580166491], [0.7542837322924546, 0.10401523292141499, 0.07885187002942709, 0.019814238992883874, 0.028250150734463714, 0.014784775029355667], [0.7703583300767929, 0.09677186731785542, 0.0700892967734013, 0.021780420941889197, 0.02613728859952854, 0.014862796290532623], [0.7872941753253684, 0.10841564100605106, 0.04514961724161531, 0.019312053075872422, 0.025923739308433197, 0.013904774042659801], [0.049579619430234506, 0.09871572042657742, 0.24216706969364754, 0.01687112894765453, 0.5784325611066248, 0.014233900395261085], [0.0458571542870945, 0.08351922201140756, 0.07403665495941358, 0.01687112894765453, 0.7654819393991688, 0.014233900395261085], [0.05148746115079796, 0.3408856496441128, 0.335226020542449, 0.018898039418587774, 0.23926892884879142, 0.014233900395261085], [0.053569406939153894, 0.36317118619795113, 0.30548111067303063, 0.04524163889311704, 0.2183027569014862, 0.014233900395261085], [0.3885518392386196, 0.1999011043918547, 0.33385578328993054, 0.021091630144615625, 0.042975582693742034, 0.013624060241237542], [0.4428906592990559, 0.15632720195509217, 0.3259852914410016, 0.024335410832336743, 0.036803662306741286, 0.013657774165772185], [0.4420053111888035, 0.3282326512501224, 0.14539887384939454, 0.02667083755226246, 0.044032107938829446, 0.013660218220587715], [0.5843209069323311, 0.1830998075401694, 0.15253189331061098, 0.024925405367460823, 0.040607555829687184, 0.014514431019740601], [0.5836183843367992, 0.18859386681459148, 0.13409060102671222, 0.029937350273230384, 0.04929583876852548, 0.014463958780141124], [0.08900598265291881, 0.14221429561441667, 0.14383156065093544, 0.025141941769329337, 0.5848529835107347, 0.01495323580166491], [0.7254798867276979, 0.1495157522370009, 0.054928507028951384, 0.026498198163606747, 0.029001392237217753, 0.014576263605525415], [0.5139630348405242, 0.36237806234946757, 0.05371373307592201, 0.026207510781522073, 0.029097927824539675, 0.014639731128024434], [0.46048105411311574, 0.38844396176119095, 0.06939989957225585, 0.040702785343223705, 0.02633195576818491, 0.014640343442028591], [0.9024189568865066, 0.036702790957818685, 0.013236745746912141, 0.013540513322457858, 0.02052132587586421, 0.013579667210440457]], [[0.9024284144887668, 0.036421154516276935, 0.013337064649243467, 0.013635887819043253, 0.020503074125019102, 0.013674404401650618], [0.7508402789953047, 0.1210384063139985, 0.06283670941122535, 0.021546946326907273, 0.029097927824539675, 0.014639731128024434], [0.7349650526751755, 0.17842740964762407, 0.01611939273593524, 0.02506084518500285, 0.030649074647950816, 0.014778225108311461], [0.7009007909152094, 0.21500575237819283, 0.014969955610376423, 0.025454964352871753, 0.02984101060275246, 0.013827526140597218], [0.4794813419507493, 0.42944568393202043, 0.01499237523157939, 0.029395194957730506, 0.032828949240864776, 0.013856454687055519], [0.5758656937895006, 0.321447670713889, 0.014975104198186703, 0.0337826435924834, 0.04009471822555101, 0.013834169480389444], [0.4363740514693149, 0.4630286431526082, 0.014997766578788273, 0.03195898745473692, 0.03977714007973782, 0.013863411264813597], [0.18039438461564666, 0.6773164086927217, 0.01695966493191789, 0.03943781770273327, 0.0717925794700994, 0.014099144586881], [0.4308625389771425, 0.4694538580613486, 0.01495842714258424, 0.0333942614930039, 0.037518263629163544, 0.0138126506967572], [0.27085251213402434, 0.6287156720716157, 0.015015861726522087, 0.034526203524449704, 0.03700299069845589, 0.013886759844932255], [0.4293289563306963, 0.46966574209888395, 0.014953453646312998, 0.03400195555618162, 0.038243659086370486, 0.013806233281554676], [0.2945527985429645, 0.6106499343638758, 0.015034628947108414, 0.02949128114183862, 0.03636038138829506, 0.0139109756159174], [0.25553597271051426, 0.6409671948737654, 0.016347954158902365, 0.03473703126805231, 0.038525087143833285, 0.013886759844932253], [0.2523809049053215, 0.6395402423356935, 0.017559330989498797, 0.03825731963948051, 0.03839879086519205, 0.013863411264813597], [0.18135505789396336, 0.5120828602823975, 0.01876641098962907, 0.21492408440791547, 0.058772441839213506, 0.014099144586881], [0.0987641351074252, 0.5568145832942535, 0.02206289322691165, 0.03507656235615576, 0.2722337149106561, 0.015048111104597847], [0.29257057653117075, 0.3772821500258962, 0.01599972520010158, 0.051540019084546175, 0.2479837137894862, 0.014623815368799168], [0.3154135143549315, 0.5553822473845033, 0.020108089511017335, 0.04664151399934392, 0.047803944544075355, 0.01465069020612874], [0.4162179085099627, 0.4672080016818831, 0.022940910531977915, 0.03695091224833524, 0.04200372744277828, 0.014678539585062746], [0.7025932657319877, 0.19505461464305715, 0.019550333850279232, 0.027225967445038315, 0.04079759322132614, 0.014778225108311461], [0.5153752449884875, 0.19007647217823015, 0.019575688225230856, 0.022248189368943287, 0.237913464804919, 0.014810940434189143], [0.7167626084308222, 0.184523150868476, 0.0230106263968668, 0.023907582595204563, 0.037027536159634736, 0.014768495548995439], [0.7854158642868868, 0.12890363733696172, 0.020202527336144374, 0.021323919192541674, 0.02935322625827929, 0.014800825589186127], [0.7938181440275017, 0.12673530708131914, 0.016136908106814493, 0.021323919192541674, 0.02718489600263669, 0.014800825589186127], [0.7334024805420164, 0.18168082689453616, 0.01611185232823963, 0.023907582595204563, 0.030128762091007566, 0.014768495548995439], [0.7687203535469114, 0.15590731342150113, 0.015095359558742995, 0.020156468224341965, 0.026131167545009854, 0.013989337703492704], [0.7647835636467678, 0.15864162026522494, 0.014987042140662096, 0.020073273624096215, 0.027664927044535263, 0.013849573278713669], [0.7061741354173868, 0.2115160890904365, 0.01496995561037642, 0.02260107440979775, 0.030911219331405206, 0.013827526140597216], [0.07239656260531566, 0.6260053073630119, 0.02058103367991977, 0.025438412217353136, 0.24134478373913837, 0.014233900395261085], [0.091351800836823, 0.6544158222597952, 0.02003339032694771, 0.023145796938663494, 0.19681928924250938, 0.014233900395261085], [0.26569050179413733, 0.4719775522647315, 0.017489065531599245, 0.025374827495994023, 0.20523415251827676, 0.014233900395261085], [0.3539529593139156, 0.3449488551786876, 0.021992014120910057, 0.20936922312968123, 0.05563780366992457, 0.014099144586881001], [0.10163129515731706, 0.6393666874025477, 0.014928255063679173, 0.02800084207807109, 0.20185672549963685, 0.01421619479874827], [0.2975659212444655, 0.590579835675579, 0.01599972520010158, 0.03657007488316801, 0.04466062762788662, 0.014623815368799167], [0.3012963083206755, 0.5885379395917589, 0.01599972520010158, 0.034881583890778264, 0.04466062762788662, 0.014623815368799168], [0.5716944586289283, 0.33062506894386473, 0.01602055319689322, 0.030358632238394793, 0.03665059678579012, 0.014650690206128738], [0.6366694923702085, 0.2740669818282213, 0.015993516262399025, 0.025606912492947276, 0.0330472932107668, 0.014615803835457054], [0.061555064908074955, 0.20405230828036072, 0.027198465875596517, 0.026436016453448237, 0.6657171096200282, 0.015041034862491504], [0.058582829098792005, 0.11473410804414148, 0.3042667787369144, 0.018261485275822078, 0.48914435321087363, 0.015010445633456356], [0.9024263101702714, 0.03648381868384721, 0.013314743672342384, 0.013614666973462187, 0.020507135143426905, 0.013653325356649792]], [[0.9024284144887668, 0.036421154516276935, 0.013337064649243467, 0.013635887819043253, 0.020503074125019102, 0.013674404401650618], [0.7531247183424813, 0.11546444112605025, 0.06596488614469638, 0.023834908123026455, 0.02697537377716836, 0.014635672486577374], [0.6515203106155614, 0.2508431024216683, 0.019130682232271407, 0.031157260197335633, 0.032670104948100374, 0.014678539585062746], [0.06940182613102282, 0.42899387946811324, 0.016904534823229532, 0.025135139776746473, 0.44533071940562674, 0.014233900395261085], [0.06940182613102282, 0.26826605872012604, 0.014943528575795638, 0.025135139776746473, 0.6080195464010479, 0.014233900395261085], [0.24696280696968098, 0.6472267176761065, 0.014975104198186701, 0.03570151675701709, 0.04129968491861927, 0.013834169480389444], [0.24254463817918098, 0.48625677216803603, 0.014937506754139244, 0.03686803622047523, 0.20560739003378978, 0.013785656644378804], [0.09156518624963919, 0.4634570511698754, 0.014943528575795638, 0.030179832605716238, 0.38562050100371237, 0.014233900395261085], [0.4327077292815015, 0.4660853414587292, 0.014975104198186703, 0.03411529372671464, 0.038282361854478704, 0.013834169480389444], [0.2859037003212896, 0.4559082951193758, 0.01499237523157939, 0.1954963009587595, 0.03384287368194014, 0.013856454687055519], [0.08481452525592892, 0.6285384814896651, 0.017026336453504928, 0.030621506049287213, 0.2247652503563527, 0.014233900395261085], [0.287015867390346, 0.6155862946185884, 0.014953453646312998, 0.032252634384602394, 0.03638551667859553, 0.013806233281554676], [0.45319773528899465, 0.45284430085270005, 0.014992375231579388, 0.030989233101627732, 0.03411990083804259, 0.013856454687055519], [0.25549277319794433, 0.6409695590261948, 0.015665100968170094, 0.03747566544203787, 0.03651014152072073, 0.013886759844932253], [0.4134853990654214, 0.3188963682934433, 0.014997766578788273, 0.20291982834305172, 0.03583722645448152, 0.013863411264813597], [0.26896781887348237, 0.5943631389699453, 0.015954384575357854, 0.05849918683811175, 0.047650159412238706, 0.01456531133086414], [0.3153902608150111, 0.3545112120438957, 0.01602055319689322, 0.25170327323747205, 0.04772401050059915, 0.014650690206128738], [0.2900729952509737, 0.3700167377496475, 0.015954384575357854, 0.2594768477663581, 0.04991372332679858, 0.014565311330864139], [0.08231633321084982, 0.5363573338842226, 0.015926674894693255, 0.03958124237644274, 0.3107562207463607, 0.015062194887430864], [0.4153587762836853, 0.26949630069067537, 0.015993516262399025, 0.03566548193340347, 0.2488701209943798, 0.014615803835457054], [0.5005404884889891, 0.3993739294909934, 0.016014121757732095, 0.022147860869333423, 0.047281207818851034, 0.014642391574100924], [0.05604307590791063, 0.1873334719200536, 0.015877823627389362, 0.021197042402126748, 0.7045474011722839, 0.015001184970235799], [0.7188422498347686, 0.1975561923731304, 0.016057602958017555, 0.021428663528270393, 0.031416794951388924, 0.014698496354424074], [0.05379942632288208, 0.13581511166538554, 0.015961646589117397, 0.0209450191474396, 0.7583729255467941, 0.015105870728381217], [0.05584802608315232, 0.19289988418403556, 0.015961646589117397, 0.0209450191474396, 0.6992395532678738, 0.015105870728381217], [0.60233090179605, 0.3213002228486753, 0.015004744858798102, 0.0197804632203029, 0.027711251778164532, 0.013872415498008966], [0.04746745668624653, 0.33115098542349064, 0.01762551169218736, 0.019249313380309933, 0.5702747937359459, 0.01423193908181965], [0.5986549419747145, 0.3236465021609498, 0.015028830851921365, 0.022152053903383172, 0.026614176907026665, 0.013903494202004572], [0.6953565629070337, 0.22127248416942505, 0.01496995561037642, 0.02260107440979775, 0.03197239676276975, 0.013827526140597216], [0.07761550561265397, 0.4591479612131268, 0.016301148285557565, 0.025135139776746473, 0.40756634471665404, 0.014233900395261085], [0.2596568142373536, 0.47320093848966904, 0.015858748700049122, 0.03209004858574816, 0.20540779334280126, 0.013785656644378802], [0.4282872343322144, 0.46953475698137614, 0.01582779645084569, 0.03247782169805783, 0.040008979272692244, 0.013863411264813597], [0.4053586854797492, 0.4937766046708413, 0.014975104198186701, 0.03238130732710201, 0.03967412884373157, 0.013834169480389444], [0.48640910884302047, 0.40342513906941396, 0.01599972520010158, 0.034881583890778264, 0.04466062762788662, 0.014623815368799167], [0.34059007605435065, 0.34557267286076016, 0.015852879035515348, 0.035398400045804856, 0.2476159401142806, 0.01497003188928846], [0.5199343685675362, 0.3698738077477461, 0.015954384575357854, 0.034556415118734744, 0.04511571265976114, 0.01456531133086414], [0.08559348099782124, 0.33581379838802866, 0.01589098449192971, 0.2632161277622487, 0.2844679869020021, 0.01501762145796962], [0.42404473705604573, 0.4783176228361891, 0.015993516262399025, 0.033981026799142305, 0.0330472932107668, 0.014615803835457054], [0.5004565722674743, 0.16120060845923803, 0.054928507028951384, 0.239836656401593, 0.029001392237217753, 0.014576263605525414], [0.9024284144887668, 0.036421154516276935, 0.013337064649243467, 0.013635887819043253, 0.020503074125019102, 0.013674404401650618]], [[0.9024284144887668, 0.036421154516276935, 0.013337064649243467, 0.013635887819043253, 0.020503074125019102, 0.013674404401650618], [0.4655675867095411, 0.15843684901773575, 0.2976570830756315, 0.02737738958321679, 0.036388556275582705, 0.014572535338292138], [0.5702341366481399, 0.32107247415554757, 0.02312250678730115, 0.03338962870188553, 0.037530563500997115, 0.01465069020612874], [0.35229931394257535, 0.5541609090730176, 0.014916264332069312, 0.030950385518677057, 0.0343982368319341, 0.013274890301726478], [0.3492104020622676, 0.5546745269976514, 0.014217286968284249, 0.033007852817061166, 0.03565647726237297, 0.013233453892362447], [0.36521648359784487, 0.40262366775742486, 0.014235155760359634, 0.170156359588777, 0.034511822894959805, 0.013256510400633784], [0.08987431629426232, 0.4040862885940256, 0.014222430404285741, 0.027122158481705766, 0.45107849259800153, 0.01361631362771895], [0.3487729360905228, 0.5540110425786379, 0.014207147138421444, 0.025756105930111482, 0.044032398022723476, 0.013220370239583038], [0.5257509367306221, 0.38748629610854235, 0.014264151940101034, 0.028839707521446448, 0.030364982869339474, 0.013293924829948556], [0.5146679872497966, 0.3939914997217188, 0.014284212528163922, 0.03067234825337501, 0.033064142784580634, 0.01331980946236515], [0.3569715994962202, 0.5482643713889075, 0.014204116782817508, 0.03363285346236424, 0.0337105987667721, 0.013216460102918375], [0.07041966510240016, 0.3929657552009787, 0.014222430404285741, 0.0291463468316868, 0.47962948883292955, 0.01361631362771895], [0.059067624079210346, 0.3751091696301278, 0.014222430404285741, 0.16910780375598647, 0.36887665850267065, 0.01361631362771895], [0.38970085479106353, 0.5236385804618255, 0.014264151940101033, 0.028500887099186918, 0.0306016008778743, 0.013293924829948555], [0.1966919863107424, 0.7067942772327331, 0.014249400182243747, 0.03556670443562024, 0.03342274153693422, 0.013274890301726478], [0.08847831688664799, 0.482550295261849, 0.014943528575795638, 0.037305712606301805, 0.3624882462741444, 0.014233900395261085], [0.2510705089614502, 0.4839161153736037, 0.014943528575795638, 0.034214116746011276, 0.20162182994787806, 0.014233900395261085], [0.08625334405227575, 0.2924033702675993, 0.014943528575795638, 0.19858405031152865, 0.39358180639753954, 0.014233900395261085], [0.29889815421084687, 0.3645975813962161, 0.01591494684526817, 0.2562348335264231, 0.0498413094601534, 0.014513174561092208], [0.07477482508326061, 0.5475791978360446, 0.015961646589117397, 0.033224560606550504, 0.31335389915664563, 0.015105870728381217], [0.07514325147926192, 0.2891951756590051, 0.01594663194540175, 0.024436467384865553, 0.5801913544592923, 0.015087119072173274], [0.5033334549304852, 0.4125591581624671, 0.01601412175773209, 0.02214786086933342, 0.0313030127058812, 0.014642391574100924], [0.5107273255913906, 0.40541364165751176, 0.016035470344591764, 0.021794746263385872, 0.03135887800250048, 0.01466993814061951], [0.05230298134778338, 0.16380096350906634, 0.015961646589117393, 0.02127897263700334, 0.7315495651886483, 0.015105870728381217], [0.05584802608315232, 0.18992640188493745, 0.015961646589117397, 0.0209450191474396, 0.702213035566972, 0.015105870728381217], [0.7646080230399199, 0.1576934210957443, 0.015028830851921365, 0.022152053903383172, 0.026614176907026665, 0.013903494202004572], [0.7622757657458993, 0.16024774335931222, 0.015048087439498483, 0.021848091942373585, 0.02665197009858341, 0.013928341414332997], [0.7587261636585534, 0.16590150330985917, 0.015095359558742995, 0.020156468224341965, 0.026131167545009854, 0.013989337703492704], [0.4281251554908753, 0.49417628864478885, 0.015028830851921365, 0.022152053903383172, 0.026614176907026665, 0.013903494202004572], [0.5229884905889381, 0.3928079157620073, 0.014969955610376421, 0.02260107440979775, 0.0328050374882832, 0.013827526140597216], [0.2979150654428846, 0.611742969037301, 0.015034628947108416, 0.026958202973191667, 0.03443815798359694, 0.0139109756159174], [0.40128070930224147, 0.49819061192939423, 0.014975104198186701, 0.03144825015060694, 0.0402711549391812, 0.013834169480389444], [0.23923617523405194, 0.6625808386895417, 0.014975104198186701, 0.03063235704036072, 0.038741355357469545, 0.013834169480389444], [0.3147779395972752, 0.5781211843044056, 0.0160270548902092, 0.03366627241367841, 0.042748469305743254, 0.014659079488688252], [0.21406422788672735, 0.6391749179686192, 0.01839300553574537, 0.043451926393826855, 0.06997256020756097, 0.014943362007520108], [0.31745425566765684, 0.5723654744220666, 0.0160270548902092, 0.037589463721126634, 0.04190467181025241, 0.014659079488688252], [0.5111494021227384, 0.3755793803805864, 0.015954384575357854, 0.03847960642618297, 0.04427191516427028, 0.01456531133086414], [0.5237093252675495, 0.37678276341442446, 0.01602055319689322, 0.03260761033306612, 0.036229057581937826, 0.014650690206128738], [0.43464521383769256, 0.3785446067965349, 0.09892486010504074, 0.03559479940613655, 0.037772652185539934, 0.014517867669055367], [0.9024284144887668, 0.036421154516276935, 0.013337064649243467, 0.013635887819043253, 0.020503074125019102, 0.013674404401650618]], [[0.9024284144887668, 0.036421154516276935, 0.013337064649243467, 0.013635887819043253, 0.020503074125019102, 0.013674404401650618], [0.3784462667496857, 0.1845789771534496, 0.3426604852575291, 0.02993735027323039, 0.04991296178596413, 0.014463958780141124], [0.1252450167609181, 0.588270269853854, 0.0158794741317814, 0.034527862659823, 0.2210741303229987, 0.015003246270624628], [0.34690967668019174, 0.5562719162564562, 0.014787453141982642, 0.03319248049144141, 0.03562201332700962, 0.013216460102918375], [0.08987431629426232, 0.6957100272379397, 0.014222430404285741, 0.027122158481705766, 0.15945475395408742, 0.01361631362771895], [0.27872660551064166, 0.594305167434226, 0.01594447879922322, 0.036012253121020785, 0.06151028087672559, 0.01350121425816254], [0.22568745240117657, 0.5406014425919752, 0.014204116782817508, 0.17106907302691024, 0.03522145509420204, 0.013216460102918375], [0.08179155447998537, 0.5594949316831472, 0.014222430404285741, 0.03134535829647771, 0.299529411508385, 0.01361631362771895], [0.2206097596673384, 0.5670848305039494, 0.014222430404285741, 0.025616433590191154, 0.15885023220651642, 0.013616313627718951], [0.5119455453234601, 0.39577248315884594, 0.014235155760359634, 0.031286051008938505, 0.03350425434776205, 0.013256510400633786], [0.2999162303624766, 0.584866410758904, 0.01594447879922322, 0.03603020288107476, 0.049741462940158875, 0.013501214258162541], [0.36030067108458297, 0.4072387931023878, 0.014235155760359634, 0.17244011059927358, 0.03252875905276217, 0.013256510400633784], [0.22086710193804462, 0.547016544054974, 0.014249400182243747, 0.17203534821046393, 0.03255671531254732, 0.013274890301726478], [0.5118961945044617, 0.3958173760224224, 0.014300242228729554, 0.03185326033476163, 0.03279243396053478, 0.013340492949089903], [0.18868283852749634, 0.7057486530950571, 0.01428421252816392, 0.035197262837806075, 0.04276722354911137, 0.01331980946236515], [0.22329246273324962, 0.5063085119479187, 0.01495842714258424, 0.2042378478286345, 0.03739009965085574, 0.0138126506967572], [0.22356786229184014, 0.6681273775636432, 0.01495842714258424, 0.04214358265431951, 0.03739009965085574, 0.0138126506967572], [0.3208832305349918, 0.5442396309077453, 0.01695966493191789, 0.04534651870367057, 0.05847181033479348, 0.014099144586881], [0.09080276401073914, 0.369335952777008, 0.015961646589117397, 0.03690178945971206, 0.47189197643504216, 0.015105870728381217], [0.09080276401073914, 0.5691459683222001, 0.015961646589117397, 0.032102814863066334, 0.2768809354864958, 0.015105870728381217], [0.3636975155519169, 0.5390290940619158, 0.01595644455023469, 0.026734744412867037, 0.04001449910779762, 0.014567702315267862], [0.633496664591442, 0.2754798761765737, 0.015993516262399025, 0.02519626135918401, 0.035217877774944034, 0.014615803835457054], [0.05589397092343073, 0.18462969224511766, 0.015933885950275208, 0.020272445405327487, 0.7081988047646549, 0.015071200711193982], [0.05584802608315232, 0.18992640188493745, 0.015961646589117397, 0.0209450191474396, 0.702213035566972, 0.015105870728381217], [0.7261168525499824, 0.18977576054297002, 0.01601412175773209, 0.02214786086933342, 0.0313030127058812, 0.014642391574100924], [0.7054506680896008, 0.21316926720562263, 0.01505410639126702, 0.023021654341149403, 0.02936819616785081, 0.013936107804509266], [0.5991869906806493, 0.32311445345501494, 0.015028830851921365, 0.022152053903383172, 0.026614176907026665, 0.013903494202004572], [0.5935272062333311, 0.3289963028718804, 0.015048087439498481, 0.021848091942373582, 0.02665197009858341, 0.013928341414332997], [0.04781392105371388, 0.34142982967155056, 0.014943528575795638, 0.01851234361140316, 0.5630664766922756, 0.014233900395261085], [0.048018192406712644, 0.5112659110899028, 0.014943528575795638, 0.019075850792089385, 0.39246261674023836, 0.014233900395261085], [0.5119093735342091, 0.4062301901623515, 0.014969955610376423, 0.022941595368914533, 0.030121359183551417, 0.013827526140597218], [0.0690054525278181, 0.6152534095137698, 0.014943528575795638, 0.03278907752250034, 0.25377463146485507, 0.014233900395261085], [0.06527086904491887, 0.4544188435002107, 0.014943528575795638, 0.035318024277230846, 0.4158148342065828, 0.014233900395261085], [0.30708485347545816, 0.5827233228398241, 0.015954384575357854, 0.034556415118734744, 0.04511571265976113, 0.014565311330864139], [0.5019118256600695, 0.3879079044296539, 0.0160270548902092, 0.037589463721126634, 0.04190467181025241, 0.014659079488688252], [0.3061540139633402, 0.5834703460917514, 0.01599972520010158, 0.03715801107529784, 0.042594088300709924, 0.014623815368799168], [0.09264901553520484, 0.38219905417135724, 0.01919382298454679, 0.04390870651551938, 0.4470063418003313, 0.015043058993040613], [0.10527939539707884, 0.5596552590326375, 0.027153440091095382, 0.03931725697849994, 0.25352844640299177, 0.015066202097696517], [0.10110318908868274, 0.1894936283813226, 0.39426653235406317, 0.0732621121506292, 0.22684772490877322, 0.015026813116528995], [0.9024284144887668, 0.036421154516276935, 0.013337064649243467, 0.013635887819043253, 0.020503074125019102, 0.013674404401650618]], [[0.9024284144887668, 0.036421154516276935, 0.013337064649243467, 0.013635887819043253, 0.020503074125019102, 0.013674404401650618], [0.5604119745948061, 0.18785867406551435, 0.17358258995622294, 0.024418770417138747, 0.03926721014066059, 0.014460780825657292], [0.3208000058850179, 0.5607051789267252, 0.020343573143830944, 0.04036773666740021, 0.04318564057796152, 0.014597864799064176], [0.12083906529290761, 0.6182507846396357, 0.01594447879922322, 0.18414584797380845, 0.04731860903626238, 0.01350121425816254], [0.4854607574489583, 0.4205215777118956, 0.014235155760359634, 0.03133893630272401, 0.03518706237542865, 0.013256510400633784], [0.21492452328311054, 0.6879028596894761, 0.014268756867133584, 0.03250843627275967, 0.03709555721562902, 0.01329986667189103], [0.4935317938619172, 0.40995588134867694, 0.014284212528163922, 0.03230829341128597, 0.03660000938759084, 0.01331980946236515], [0.5437044405516672, 0.3718222982492267, 0.01422042031618718, 0.02668122441378981, 0.030334119546799383, 0.013237496922329783], [0.0637899607486252, 0.5167259885873774, 0.014222430404285741, 0.022927420846588966, 0.3687178857854037, 0.01361631362771895], [0.5142042642034359, 0.25597436341494334, 0.014249400182243747, 0.16876487129010342, 0.03353221060754719, 0.013274890301726478], [0.37613224134638046, 0.521986235888312, 0.014268756867133582, 0.03401932785436078, 0.04029357137192207, 0.01329986667189103], [0.6375602221727683, 0.2684454384788744, 0.014249400182243747, 0.033913333551839765, 0.032556715312547314, 0.013274890301726478], [0.3774345828605388, 0.530660806551438, 0.014300242228729554, 0.03147144144966885, 0.032792433960534786, 0.013340492949089903], [0.22173449399543518, 0.6856338105609896, 0.014284212528163922, 0.03293902596346543, 0.03208864748958076, 0.01331980946236515], [0.19909171997619513, 0.5637474502320314, 0.014268756867133584, 0.17485690157361522, 0.0347353046791335, 0.01329986667189103], [0.16856257465652114, 0.5272149589764421, 0.01695966493191789, 0.21605444648626468, 0.057109210361972994, 0.014099144586881], [0.22943984935377956, 0.658828763702529, 0.014997766578788273, 0.0439106588400793, 0.03895955026001019, 0.013863411264813597], [0.227426818972552, 0.6683054059123126, 0.01495842714258424, 0.038106597624938135, 0.03739009965085574, 0.0138126506967572], [0.10928631679256517, 0.5953767935161578, 0.015922655772840317, 0.030822836557310045, 0.2335342219195562, 0.015057175441570451], [0.3427221751495709, 0.5467975620485982, 0.015958808547110962, 0.039683882508346105, 0.04026655206427444, 0.014571019682099489], [0.07532319280292106, 0.2821204079530393, 0.015935484342735305, 0.024452725292033673, 0.5870949926798203, 0.015073196929450293], [0.056148284309656724, 0.18578111867191288, 0.015909731845399074, 0.02027852516424963, 0.7068413051462902, 0.015041034862491504], [0.6463980667611706, 0.2625784740068452, 0.015993516262399025, 0.02519626135918401, 0.035217877774944034, 0.014615803835457054], [0.5231144897270376, 0.39142294976837444, 0.016064516839731258, 0.02465476523359939, 0.030035860938222095, 0.014707417493035262], [0.6492928880104993, 0.25831010054393494, 0.016042136463350745, 0.027715612600081638, 0.033960722797070624, 0.014678539585062747], [0.6459751560662573, 0.26473555103093377, 0.01499237523157939, 0.026541305014656513, 0.033899157969517535, 0.01385645468705552], [0.06381724614540202, 0.4115906313992693, 0.014943528575795638, 0.021952878480370024, 0.4734618150039019, 0.014233900395261085], [0.5867894235362962, 0.33470708666991905, 0.014987042140662096, 0.020073273624096215, 0.029593600750312844, 0.013849573278713669], [0.5822478865783426, 0.3373603967216643, 0.014987042140662096, 0.020073273624096215, 0.03148182765652114, 0.013849573278713669], [0.06381724614540202, 0.41401087206429177, 0.014943528575795638, 0.021952878480370024, 0.4710415743388794, 0.014233900395261085], [0.5758262902005102, 0.34482244040437215, 0.015028830851921363, 0.024802094564809037, 0.025616849776382525, 0.01390349420200457], [0.35501150472905185, 0.560329443952167, 0.014957248935568766, 0.02589484840783607, 0.029995823545891913, 0.013811130429484349], [0.05795700136936851, 0.24490321059179207, 0.014943528575795638, 0.19644675727761107, 0.4715156017901716, 0.014233900395261085], [0.07862106835955654, 0.5511542244526787, 0.015961646589117397, 0.05165961682744993, 0.2874975730428161, 0.015105870728381217], [0.3046668858153029, 0.5849574742397887, 0.01599972520010158, 0.03715801107529784, 0.042594088300709924, 0.014623815368799168], [0.3171596916720947, 0.5844431574546967, 0.016071509050631885, 0.02950965064534542, 0.038099551475655906, 0.014716439701575447], [0.24839868701318393, 0.6391573368638236, 0.01599972520010158, 0.02947383503187062, 0.052346600522221384, 0.014623815368799168], [0.30582962379672063, 0.5835628103424264, 0.015979613510622184, 0.03747547067445536, 0.042554616876711214, 0.014597864799064176], [0.3306292708557743, 0.41301366843806514, 0.16670108112132193, 0.02582923458934322, 0.04941270608874542, 0.014414038906749943], [0.9024284144887668, 0.036421154516276935, 0.013337064649243467, 0.013635887819043253, 0.020503074125019102, 0.013674404401650618]], [[0.9024284144887668, 0.036421154516276935, 0.013337064649243467, 0.013635887819043253, 0.020503074125019102, 0.013674404401650618], [0.38952955525973537, 0.18035937782451278, 0.3494465516814247, 0.024925405367460823, 0.04122467884712584, 0.014514431019740601], [0.49723847477817507, 0.3797762261808217, 0.020365966711346696, 0.04160248294320539, 0.0463296126855832, 0.014687236700867957], [0.3467943009520366, 0.5570475891145084, 0.014763115488193883, 0.03218432428897572, 0.03595415975565171, 0.013256510400633784], [0.3412739395922638, 0.556204602980732, 0.014284212528163922, 0.029280557797947235, 0.04563687763852777, 0.01331980946236515], [0.35335484721100663, 0.4126430934092457, 0.014284212528163923, 0.030715150371312824, 0.17568288701790594, 0.013319809462365152], [0.4029835652089558, 0.5107088215420521, 0.014264151940101034, 0.0277887202961972, 0.030960816182745307, 0.013293924829948556], [0.05082070890522399, 0.3365686016927285, 0.014222430404285741, 0.02083886574504507, 0.5639330796249977, 0.01361631362771895], [0.5966317856165436, 0.3263327521995292, 0.014245002604000606, 0.024325953419681776, 0.025195290153608257, 0.01326921600663652], [0.44375293792212867, 0.46603677127355425, 0.014300242228729554, 0.03141550244758709, 0.03115405317891054, 0.013340492949089903], [0.031233152674230144, 0.028691130632090757, 0.012371389951377633, 0.012582648730415992, 0.017437537979470556, 0.8976841400324149], [0.04711994448462501, 0.5296057417152588, 0.01422243040428574, 0.036424103920122845, 0.3590114658479886, 0.01361631362771895], [0.3000324332322091, 0.6188971057888537, 0.014279438629634158, 0.026318268455129606, 0.027159104301511458, 0.013313649592661946], [0.5147916544521282, 0.3951937286434158, 0.014300242228729554, 0.029581447766101873, 0.03279243396053478, 0.013340492949089903], [0.204278233890061, 0.6979114371403375, 0.01428421252816392, 0.035450779999193986, 0.03475552697987833, 0.01331980946236515], [0.3900063704575822, 0.501514737702554, 0.01495842714258424, 0.04231771434966658, 0.03739009965085574, 0.0138126506967572], [0.22913319242767757, 0.5020363658827104, 0.014975104198186701, 0.20259833778657976, 0.037422830224456194, 0.013834169480389444], [0.3981701495219864, 0.49357006975320816, 0.015015861726522087, 0.04037393306874956, 0.03898322608460139, 0.013886759844932253], [0.3509286835959385, 0.5393500323325059, 0.01602055319689322, 0.03996265453203827, 0.039087386136495296, 0.014650690206128738], [0.4144507524525039, 0.2869377199578242, 0.016094997867729333, 0.23414650755913605, 0.033623274307025365, 0.014746747855781197], [0.4993847931480205, 0.40851730995202934, 0.016064516839731258, 0.031290101628961564, 0.030035860938222095, 0.014707417493035262], [0.4423044702840543, 0.46336823859172915, 0.016042136463350745, 0.029645892278732454, 0.033960722797070624, 0.014678539585062747], [0.5852370899829313, 0.31578582159016766, 0.016071509050631885, 0.030040087920863753, 0.038149051753829856, 0.014716439701575447], [0.6405483056183244, 0.2653661919437201, 0.016042136463350745, 0.027715612600081638, 0.03564921378946038, 0.014678539585062747], [0.09087541229359491, 0.33418961248980544, 0.015961646589117397, 0.03138363119304228, 0.5124838267060587, 0.015105870728381217], [0.26528977936795295, 0.6423037729093116, 0.014925635264527571, 0.026065053039930133, 0.037645420826583634, 0.013770338591693992], [0.07664856078925493, 0.46661870846032055, 0.014943528575795638, 0.022906109219415945, 0.4046491925599518, 0.014233900395261085], [0.06381724614540202, 0.5759325323825365, 0.014943528575795638, 0.021952878480370024, 0.30911991402063466, 0.014233900395261085], [0.35966797955871543, 0.3909202397180706, 0.014969955610376421, 0.02260107440979775, 0.19801322456244272, 0.013827526140597216], [0.47041754916400835, 0.4375583916584027, 0.01499237523157939, 0.026541305014656513, 0.03663392424429744, 0.0138