{"round_id": "a8be24e1-bd48-49bb-aa46-c5593da79f6f", "seed_index": 3, "prediction": [[[0.9211508353966071, 0.014043896377808344, 0.012113038972948189, 0.012204984563655815, 0.026605962708237813, 0.013881281980742777], [0.9211176073226542, 0.014053701601830662, 0.01212637894736842, 0.012218156216628527, 0.02659277101449275, 0.01389138489702517], [0.9211508353966071, 0.014043896377808344, 0.012113038972948189, 0.012204984563655815, 0.026605962708237813, 0.013881281980742777], [0.9211508353966071, 0.014043896377808344, 0.012113038972948189, 0.012204984563655815, 0.026605962708237813, 0.013881281980742777], [0.9211508353966071, 0.014043896377808344, 0.012113038972948189, 0.012204984563655815, 0.026605962708237813, 0.013881281980742777], [0.9211508353966071, 0.014043896377808344, 0.012113038972948189, 0.012204984563655815, 0.026605962708237813, 0.013881281980742777], [0.9211508353966071, 0.014043896377808344, 0.012113038972948189, 0.012204984563655815, 0.026605962708237813, 0.013881281980742777], [0.9211508353966071, 0.014043896377808344, 0.012113038972948189, 0.012204984563655815, 0.026605962708237813, 0.013881281980742777], [0.9211508353966071, 0.014043896377808344, 0.012113038972948189, 0.012204984563655815, 0.026605962708237813, 0.013881281980742777], [0.9211508353966071, 0.014043896377808344, 0.012113038972948189, 0.012204984563655815, 0.026605962708237813, 0.013881281980742777], [0.9211508353966071, 0.014043896377808344, 0.012113038972948189, 0.012204984563655815, 0.026605962708237813, 0.013881281980742777], [0.9211508353966071, 0.014043896377808344, 0.012113038972948189, 0.012204984563655815, 0.026605962708237813, 0.013881281980742777], [0.9211508353966071, 0.014043896377808344, 0.012113038972948189, 0.012204984563655815, 0.026605962708237813, 0.013881281980742777], [0.9212176585365852, 0.014024177634606535, 0.012086211688909342, 0.012178495781561589, 0.026632491793219817, 0.013860964565117349], [0.9213145833911635, 0.01399557622021744, 0.0120472995604904, 0.01214007463952502, 0.026670971393322536, 0.013831494795281054], [0.914096582606079, 0.01491509960878724, 0.012380522419500451, 0.012501216571371251, 0.03140493810813522, 0.014701640686126994], [0.9140500281690139, 0.014933915492957743, 0.012409971830985914, 0.012530159624413145, 0.03135457276995304, 0.014721352112676054], [0.9211508353966071, 0.014043896377808344, 0.012113038972948189, 0.012204984563655815, 0.026605962708237813, 0.013881281980742777], [0.9211176073226542, 0.014053701601830662, 0.01212637894736842, 0.012218156216628527, 0.02659277101449275, 0.01389138489702517], [0.9211508353966071, 0.014043896377808344, 0.012113038972948189, 0.012204984563655815, 0.026605962708237813, 0.013881281980742777], [0.9211508353966071, 0.014043896377808344, 0.012113038972948189, 0.012204984563655815, 0.026605962708237813, 0.013881281980742777], [0.9211508353966071, 0.014043896377808344, 0.012113038972948189, 0.012204984563655815, 0.026605962708237813, 0.013881281980742777], [0.9211508353966071, 0.014043896377808344, 0.012113038972948189, 0.012204984563655815, 0.026605962708237813, 0.013881281980742777], [0.9211508353966071, 0.014043896377808344, 0.012113038972948189, 0.012204984563655815, 0.026605962708237813, 0.013881281980742777], [0.9211508353966071, 0.014043896377808344, 0.012113038972948189, 0.012204984563655815, 0.026605962708237813, 0.013881281980742777], [0.9211508353966071, 0.014043896377808344, 0.012113038972948189, 0.012204984563655815, 0.026605962708237813, 0.013881281980742777], [0.9211508353966071, 0.014043896377808344, 0.012113038972948189, 0.012204984563655815, 0.026605962708237813, 0.013881281980742777], [0.9211508353966071, 0.014043896377808344, 0.012113038972948189, 0.012204984563655815, 0.026605962708237813, 0.013881281980742777], [0.9211508353966071, 0.014043896377808344, 0.012113038972948189, 0.012204984563655815, 0.026605962708237813, 0.013881281980742777], [0.9211508353966071, 0.014043896377808344, 0.012113038972948189, 0.012204984563655815, 0.026605962708237813, 0.013881281980742777], [0.9212176585365852, 0.014024177634606535, 0.012086211688909342, 0.012178495781561589, 0.026632491793219817, 0.013860964565117349], [0.9214511638312746, 0.01395527289676066, 0.011992467024003728, 0.012085933970325487, 0.026725194437970945, 0.013789967839664413], [0.914204480097235, 0.014871490732300211, 0.012312268611364327, 0.012434136331408892, 0.03152166798338904, 0.014655956244302644], [0.9143949147095177, 0.014794522867737947, 0.01219180346106304, 0.012315742480428512, 0.031727691388545524, 0.014575325092707044], [0.9144515354037267, 0.01477163850931677, 0.012155986335403726, 0.012280541200828157, 0.031788946997929605, 0.01455135155279503], [0.9144515354037267, 0.01477163850931677, 0.012155986335403726, 0.012280541200828157, 0.031788946997929605, 0.01455135155279503], [0.9144515354037267, 0.01477163850931677, 0.012155986335403726, 0.012280541200828157, 0.031788946997929605, 0.01455135155279503], [0.9144515354037267, 0.01477163850931677, 0.012155986335403726, 0.012280541200828157, 0.031788946997929605, 0.01455135155279503], [0.9144515354037267, 0.01477163850931677, 0.012155986335403726, 0.012280541200828157, 0.031788946997929605, 0.01455135155279503], [0.9144515354037267, 0.01477163850931677, 0.012155986335403726, 0.012280541200828157, 0.031788946997929605, 0.01455135155279503]], [[0.9211176073226542, 0.014053701601830662, 0.01212637894736842, 0.012218156216628527, 0.02659277101449275, 0.01389138489702517], [0.9118140698180828, 0.018534425149248145, 0.012854053359451842, 0.013474920947212917, 0.028715130553888225, 0.014607400172116224], [0.9106155116151036, 0.019117664460675678, 0.013161449927285716, 0.013767730088808255, 0.028722711827401715, 0.014614932080724962], [0.903278259402093, 0.025314057905948952, 0.013441228307226825, 0.014023911565514743, 0.029346023062030074, 0.014596519757186333], [0.09094332967010073, 0.02479353961620699, 0.020594855512694417, 0.014761306148675348, 0.8336406815304183, 0.015266287521904103], [0.8302675177671345, 0.03808335353002076, 0.05098937622779768, 0.014563691962937232, 0.05151023863299135, 0.014585821879118499], [0.8969222467507758, 0.028690376227775476, 0.013787171542061806, 0.014363758242900235, 0.031606183566179405, 0.014630263670307168], [0.9060772282689006, 0.02303337998408339, 0.013472467863836553, 0.01406398874798567, 0.02873038241416593, 0.014622552721027773], [0.9096510061387657, 0.019554471074127583, 0.01313657568147835, 0.013733775384276807, 0.029334971619047946, 0.014589200102303551], [0.06820065979179252, 0.018588708425916096, 0.012691886107135043, 0.014695353155528551, 0.8706158781609191, 0.015207514358708426], [0.8829551845217264, 0.020722869745800294, 0.025896410120427697, 0.014317416847556717, 0.04150419435559146, 0.014603924408897313], [0.880286552267586, 0.044261621525754406, 0.01406120854159755, 0.014614350256799264, 0.03216485186168809, 0.014611415546574628], [0.08399557577628197, 0.0185887084259161, 0.01795685810196486, 0.014695353155528553, 0.8495559901816001, 0.015207514358708426], [0.8792889732538892, 0.02730277829290858, 0.023039419664868867, 0.014614350256799264, 0.04114306298495941, 0.014611415546574628], [0.9082175727341287, 0.02031218407085457, 0.013741854587960806, 0.01432309654474603, 0.028813538373903276, 0.014591753688406536], [0.8987088349631219, 0.022338260651364197, 0.01417275533861724, 0.014947387122774162, 0.034153902052713556, 0.01567885987140886], [0.9139580814264484, 0.014971077563150073, 0.012468135512630013, 0.012587323229321445, 0.03125509935611688, 0.014760282912332837], [0.9211176073226542, 0.014053701601830662, 0.01212637894736842, 0.012218156216628527, 0.02659277101449275, 0.01389138489702517], [0.8842894198789398, 0.023690603898612255, 0.016887130854576035, 0.014667101353680545, 0.0458276774707394, 0.01463806654345191], [0.8829551845217264, 0.020722869745800294, 0.025896410120427697, 0.014317416847556717, 0.04150419435559146, 0.014603924408897313], [0.0772321376047379, 0.02010732593652549, 0.013317533252963134, 0.015624390263664526, 0.8575045036395851, 0.016214109302523753], [0.06696092016659687, 0.018609318604472503, 0.012862300085937618, 0.014814870742801498, 0.8714385694778475, 0.015314020922344008], [0.9108313656841555, 0.018980273233443295, 0.012835400158575405, 0.013446950624822599, 0.029324046309900202, 0.0145819639891029], [0.9119983298322891, 0.018412591719254356, 0.012537642548281297, 0.013163380917281028, 0.029313244987428176, 0.014574809995465983], [0.9183353861679358, 0.017076933188275974, 0.012366643867325342, 0.012881480937252457, 0.025518998201231796, 0.013820557637978728], [0.9176906015422375, 0.017338374503787654, 0.012094245581381044, 0.012605509744526169, 0.02649778243528514, 0.013773486192782545], [0.05687225508944298, 0.017145037866672853, 0.012423104245182143, 0.014027398541998196, 0.8850946880150056, 0.014437516241698208], [0.9184881786275338, 0.01697590622640257, 0.01210426905806248, 0.012623145087005332, 0.02601496785485031, 0.013793533146145417], [0.9183353861679358, 0.017076933188275974, 0.012366643867325342, 0.012881480937252457, 0.025518998201231796, 0.013820557637978728], [0.9173415153240991, 0.017560568063216833, 0.012621543867597453, 0.013124284722598117, 0.02552528476010351, 0.013826803262384836], [0.9163359359149786, 0.018049900530095316, 0.012879446786521013, 0.013369948923851495, 0.02553164537948864, 0.013833122465064775], [0.9123593104506735, 0.01889163961843402, 0.013109100433603903, 0.013580097082319328, 0.028242176956357792, 0.013817675458611244], [0.16846354318910975, 0.018602132266922845, 0.02194638591955384, 0.014773197463605333, 0.7609378568462545, 0.015276884314553613], [0.18244566357915412, 0.020102533755383723, 0.013358742377265552, 0.015649970275428318, 0.752207396084923, 0.016235693927845407], [0.37906199304230337, 0.01861059477919436, 0.02191937790657264, 0.014822271228114015, 0.5502651472739862, 0.015320615769829272], [0.8933802816479859, 0.02113749323838117, 0.026674264923092883, 0.014233891696271251, 0.030032129922076496, 0.014541938572192395], [0.9084570192192305, 0.020135298088811454, 0.013441228307226825, 0.014023911565514743, 0.029346023062030074, 0.014596519757186333], [0.9096510061387657, 0.019554471074127583, 0.01313657568147835, 0.013733775384276807, 0.029334971619047946, 0.014589200102303551], [0.06820065979179252, 0.018588708425916096, 0.012691886107135043, 0.014695353155528551, 0.8706158781609191, 0.015207514358708426], [0.9144515354037267, 0.01477163850931677, 0.012155986335403726, 0.012280541200828157, 0.031788946997929605, 0.01455135155279503]], [[0.9211508353966071, 0.014043896377808344, 0.012113038972948189, 0.012204984563655815, 0.026605962708237813, 0.013881281980742777], [0.9106155116151036, 0.019117664460675678, 0.013161449927285716, 0.013767730088808255, 0.028722711827401715, 0.014614932080724962], [0.913594508367639, 0.021315235718692552, 0.012196001590675683, 0.01349730619705524, 0.02554778807617164, 0.013849160049765899], [0.8914041120645636, 0.038929418523411564, 0.01220304207515294, 0.013760343451163483, 0.02984131473403879, 0.01386176915166953], [0.6878324022195986, 0.2310126362018626, 0.012184795791564408, 0.014873513454819184, 0.040267561222724575, 0.0138290911094306], [0.08342274597800502, 0.24030144986432717, 0.012423104245182143, 0.01611998265641836, 0.633295201014369, 0.014437516241698208], [0.6913227572566201, 0.2295453219890274, 0.012197257018869485, 0.014214582563368524, 0.03886867272281306, 0.013851408449301397], [0.8967102532005602, 0.032719098941504904, 0.012190346879305699, 0.013951461544549699, 0.030589806646454304, 0.013839032787625053], [0.9150448302933046, 0.019518828915808913, 0.012183590855918152, 0.013360420591001254, 0.026065396204829436, 0.013826933139137498], [0.9101125300766142, 0.018967861572677533, 0.012190346879305699, 0.013617673247114145, 0.0312725554366634, 0.013839032787625053], [0.8948906873964545, 0.03095739191315889, 0.012197257018869485, 0.015551991079444771, 0.032551264142770805, 0.013851408449301397], [0.9006655194849589, 0.029227614265391444, 0.012217620872104977, 0.01587354620318633, 0.028127820237631523, 0.013887878936726848], [0.7404808412329534, 0.07651984297421381, 0.016150152226510884, 0.027202829693886536, 0.12401318412426147, 0.01563314974817364], [0.8900477220400699, 0.019883266983047005, 0.023701776847103347, 0.014075437294648187, 0.03846162476410757, 0.013830172071023876], [0.9260500842504742, 0.013361418595825427, 0.011763240227703985, 0.01183934395951929, 0.023759090955091714, 0.013226822011385198], [0.916161915281501, 0.014749242895442358, 0.012491226809651474, 0.012598751385165325, 0.029439788025022333, 0.014559075603217156], [0.8998253894766405, 0.02265343099535226, 0.014249133834829723, 0.01493367667507525, 0.0330593977917149, 0.015278971226387553], [0.9211508353966071, 0.014043896377808344, 0.012113038972948189, 0.012204984563655815, 0.026605962708237813, 0.013881281980742777], [0.8599659182646142, 0.02430207181052027, 0.01720940532026836, 0.014974082366261215, 0.0689025592442515, 0.01464596299408449], [0.8781583229552237, 0.04339662104488024, 0.012665446091772375, 0.01675095113250673, 0.0343559994244143, 0.014672659351202752], [0.9072294610111018, 0.02122234334044713, 0.012626754112498348, 0.014316431295605902, 0.030001645993919225, 0.014603364246427605], [0.06705998248585152, 0.01860767173278545, 0.012848683029879631, 0.014805320600863339, 0.8713728317146676, 0.015305510435952224], [0.9091427318988177, 0.020008638597668202, 0.01261127379339098, 0.01371588196421671, 0.029945833858754795, 0.014575639887151472], [0.06698289841066647, 0.018608953224899707, 0.012859278967677886, 0.014812751921518135, 0.8714239847132809, 0.015312132761956922], [0.9156932709820583, 0.01826429775075327, 0.01215896511669659, 0.013066259495160189, 0.02703437679577675, 0.013782829859554976], [0.05687225508944298, 0.017145037866672853, 0.012423104245182143, 0.014027398541998196, 0.8850946880150056, 0.014437516241698208], [0.917639621782445, 0.017335555495895244, 0.012153032467002584, 0.012604382523671884, 0.02649520290508984, 0.013772204825895444], [0.9176773745235158, 0.01745577152759247, 0.012170520984170152, 0.012862752209860766, 0.02603005500271071, 0.013803525752150103], [0.9169028587294256, 0.017948684184490055, 0.012176983849710733, 0.013108842140437293, 0.026047530724105664, 0.013815100371830594], [0.9163025974024556, 0.018607146683876016, 0.012196001590675683, 0.01349730619705524, 0.02554778807617164, 0.013849160049765899], [0.8976034382209515, 0.03204293648933682, 0.01220304207515294, 0.013760343451163483, 0.030528470611725665, 0.01386176915166953], [0.8593195243226844, 0.05661502609319557, 0.012210246569458306, 0.01551242052301349, 0.04246811050592587, 0.013874671985722205], [0.6300725260723149, 0.07434461624741016, 0.012658306917396665, 0.016916804843368945, 0.25134787241813017, 0.014659873501379221], [0.6374828759968321, 0.11457957938970544, 0.016966419570075258, 0.02919988015449379, 0.18539044597505813, 0.01638079891383513], [0.8455344425530951, 0.06095393859971871, 0.012634558646401523, 0.018735293059623313, 0.04752442542434605, 0.014617341716815238], [0.10130686411741961, 0.061233882298136436, 0.012869840685607817, 0.018241688245316634, 0.7910289909525391, 0.015318733700980289], [0.08285171555035921, 0.03313686781004549, 0.012778189326809332, 0.01650040738152045, 0.8394713671607977, 0.015261452770467733], [0.9072702469063526, 0.021930994498139553, 0.012633300643178183, 0.014176310208003239, 0.029374059038776004, 0.014615088705550255], [0.9096510061387657, 0.019554471074127583, 0.01313657568147835, 0.013733775384276807, 0.029334971619047946, 0.014589200102303551], [0.9144515354037267, 0.01477163850931677, 0.012155986335403726, 0.012280541200828157, 0.031788946997929605, 0.01455135155279503]], [[0.9211508353966071, 0.014043896377808344, 0.012113038972948189, 0.012204984563655815, 0.026605962708237813, 0.013881281980742777], [0.9063778747838714, 0.022214442524170555, 0.013441228307226825, 0.014023911565514743, 0.029346023062030074, 0.014596519757186333], [0.8895614993119209, 0.036973543390490755, 0.012190346879305699, 0.013720341006961874, 0.033715236623695584, 0.013839032787625053], [0.6814524100641175, 0.23259154748883587, 0.012197257018869485, 0.014574533718387215, 0.04533284326048842, 0.013851408449301397], [0.6747880573119099, 0.23894786060673684, 0.012204326608922851, 0.014843726217366657, 0.04535195957744929, 0.013864069677614268], [0.5141714998231756, 0.2900977678680909, 0.01577670844805102, 0.0379055174876996, 0.1267574074634079, 0.015291098909574861], [0.6886027680931534, 0.23396820473307037, 0.012191579172763015, 0.014442931048103297, 0.03695327719872897, 0.01384123975418093], [0.08703119735296216, 0.24670483301721055, 0.012423104245182141, 0.015442550579886132, 0.6239607985630606, 0.014437516241698208], [0.05687225508944297, 0.059220160327203474, 0.012423104245182141, 0.014027398541998195, 0.8430195655544749, 0.014437516241698208], [0.9145337276315968, 0.019305814117220866, 0.012178162328580225, 0.013579279840948349, 0.02658580512209241, 0.01381721095956141], [0.08263365044696332, 0.047462651410803476, 0.012399192568947046, 0.014008985208745333, 0.8290750118737279, 0.01442050849081294], [0.8978343585053925, 0.02956516077229017, 0.012204326608922851, 0.015821183578424214, 0.030710900857355804, 0.013864069677614266], [0.8752321631658626, 0.0412156842658667, 0.015935708435835156, 0.014075437294648187, 0.03971083476676335, 0.013830172071023876], [0.07336794540927473, 0.01760693930451837, 0.01706827094753368, 0.014287755619460704, 0.8629447027406772, 0.014724385978535265], [0.9245018068686867, 0.013578722424242424, 0.011877227474747475, 0.011958251043771044, 0.024648567542087538, 0.013435424646464645], [0.8998591711438738, 0.022618810583669116, 0.014303945234677373, 0.014981203717277725, 0.03291404540047973, 0.015322823920022172], [0.09722383513293571, 0.020124119988091042, 0.01937931318164573, 0.015534745898416337, 0.8315995191526122, 0.016138466646298758], [0.9213230604026845, 0.013993074751214998, 0.012043896320296227, 0.01213671434081617, 0.026674336804751987, 0.013828917380236058], [0.3623102183567864, 0.02657622048441701, 0.05710606494504298, 0.020622584179352012, 0.514887431076674, 0.018497480957727415], [0.8749886066005672, 0.04405589565691492, 0.012674339129517903, 0.017083201027641184, 0.036509371316125326, 0.014688586269233523], [0.8825799592718657, 0.043078811244232906, 0.012665446091772375, 0.01473557190888952, 0.032267552132036574, 0.014672659351202752], [0.9018977193372442, 0.020814789585357117, 0.012641448067263394, 0.01436273181059303, 0.03565363092705174, 0.014629680272490625], [0.9091316552739466, 0.020193398280293394, 0.012633300643178183, 0.014052498058255519, 0.029374059038776004, 0.014615088705550255], [0.9091427318988177, 0.020008638597668202, 0.01261127379339098, 0.01371588196421671, 0.029945833858754795, 0.014575639887151472], [0.05687225508944298, 0.02175800652465885, 0.012423104245182143, 0.014027398541998196, 0.8804817193570195, 0.014437516241698208], [0.9161202539654334, 0.018299383429185967, 0.012165325707233129, 0.013081291116437764, 0.02653952447111166, 0.013794221310598091], [0.9176773745235158, 0.01745577152759247, 0.012170520984170152, 0.012862752209860766, 0.02603005500271071, 0.013803525752150103], [0.05687225508944298, 0.017145037866672853, 0.012423104245182143, 0.014027398541998196, 0.8850946880150056, 0.014437516241698208], [0.05747349594823664, 0.017145037866672853, 0.012423104245182141, 0.014027398541998195, 0.8844934471562118, 0.014437516241698208], [0.8941755645929471, 0.03235947810946462, 0.012190346879305699, 0.013720341006961876, 0.03371523662369559, 0.013839032787625053], [0.8642010253896403, 0.05229824446511006, 0.012210246569458308, 0.016607263212172315, 0.04080854837789687, 0.013874671985722207], [0.855590868113959, 0.05860093224421815, 0.012217620872104979, 0.015787929449339398, 0.04391477038365169, 0.013887878936726848], [0.6325660475565582, 0.27130454135781484, 0.012665446091772375, 0.016647701637592927, 0.052143604005058866, 0.014672659351202752], [0.623745038914164, 0.28053924427384597, 0.012658306917396663, 0.016916804843368945, 0.05148073154984514, 0.01465987350137922], [0.09774428053753181, 0.06089882832092024, 0.012922141732748258, 0.018250965341750025, 0.7948323628785485, 0.015351421188501042], [0.8902663601609865, 0.035164854504047924, 0.012626754112498348, 0.014854068807748897, 0.03248459816829085, 0.014603364246427605], [0.9072702469063526, 0.021930994498139553, 0.012633300643178183, 0.014176310208003239, 0.029374059038776004, 0.014615088705550255], [0.9110689586735646, 0.01914546179872986, 0.012639968004335492, 0.01378369335834733, 0.02873488859992896, 0.014627029565093713], [0.9108313656841555, 0.018980273233443295, 0.012835400158575405, 0.013446950624822599, 0.029324046309900202, 0.0145819639891029], [0.9144515354037267, 0.01477163850931677, 0.012155986335403726, 0.012280541200828157, 0.031788946997929605, 0.01455135155279503]], [[0.9211508353966071, 0.014043896377808344, 0.012113038972948189, 0.012204984563655815, 0.026605962708237813, 0.013881281980742777], [0.08460136394744516, 0.018615119109895904, 0.021904938555893063, 0.014848507637856601, 0.8446860747393381, 0.015343996009571197], [0.08489272173975801, 0.06859052227348131, 0.012423104245182143, 0.01634241665141861, 0.8033137188484617, 0.014437516241698208], [0.0834749356856178, 0.07025854222498758, 0.012423104245182143, 0.01542673003866759, 0.8039791715638466, 0.014437516241698208], [0.08374735153935958, 0.2620739180488516, 0.012423104245182141, 0.014027398541998195, 0.61329071138291, 0.014437516241698208], [0.253756708205002, 0.2538145488338711, 0.012423104245182141, 0.014027398541998195, 0.4515407239322481, 0.014437516241698208], [0.09321144519229269, 0.2566158681410864, 0.012423104245182143, 0.014943085154749213, 0.6083689810249913, 0.014437516241698208], [0.9090852428717207, 0.022567338489564555, 0.012311900122807999, 0.013788381617453254, 0.028195823543130973, 0.014051313355322517], [0.059682904275803736, 0.08798034677029294, 0.012423104245182143, 0.014027398541998196, 0.8114487299250246, 0.014437516241698208], [0.8876880762122245, 0.037794712519944956, 0.012184795791564408, 0.01383662090299732, 0.03466670346383817, 0.0138290911094306], [0.8925851423677879, 0.029565160772290176, 0.012204326608922851, 0.015821183578424214, 0.035960116994960455, 0.013864069677614268], [0.5127042338942156, 0.022490768163005142, 0.04549608530202229, 0.01800449272504707, 0.3849012675980687, 0.016403152317641063], [0.9260500842504742, 0.013361418595825427, 0.011763240227703985, 0.01183934395951929, 0.023759090955091714, 0.013226822011385198], [0.9245018068686867, 0.013578722424242424, 0.011877227474747475, 0.011958251043771044, 0.024648567542087538, 0.013435424646464645], [0.059902380670982726, 0.01760693930451837, 0.012579749368103008, 0.014287755619460704, 0.8808987890583998, 0.014724385978535265], [0.8756535832689701, 0.026517906652727387, 0.018016797249483754, 0.015406088638662944, 0.04900297380449044, 0.01540265038566518], [0.9164873472527469, 0.014634251648351648, 0.012320405494505493, 0.012430588644688644, 0.029688024542124533, 0.014439382417582417], [0.8773608375875205, 0.02477233062640384, 0.01743129921839439, 0.01503585997915654, 0.05039514152805942, 0.015004531060465395], [0.8774537954284015, 0.03359459891761309, 0.012658306917396665, 0.01702005433828275, 0.04461337089692671, 0.014659873501379221], [0.8785188093099013, 0.04339662104488024, 0.012665446091772375, 0.01675095113250673, 0.03399551306973669, 0.014672659351202752], [0.8982514985409851, 0.03125851640021112, 0.012656757834337756, 0.014410972744447144, 0.02876515529711314, 0.014657099182905819], [0.9091316552739466, 0.020193398280293394, 0.012633300643178183, 0.014052498058255519, 0.029374059038776004, 0.014615088705550255], [0.06820065979179252, 0.018588708425916096, 0.012691886107135043, 0.014695353155528551, 0.8706158781609191, 0.015207514358708426], [0.9091316552739466, 0.020193398280293394, 0.012633300643178183, 0.014052498058255519, 0.029374059038776004, 0.014615088705550255], [0.9091013690621619, 0.024787234793378462, 0.011870847334512323, 0.013375073312767735, 0.027586431284734876, 0.013279044212444737], [0.9212179397586614, 0.017351647167589402, 0.011875677209539845, 0.012987164288246533, 0.02327987733572521, 0.013287694240237648], [0.922426474781763, 0.016477417837998297, 0.011869799056555283, 0.012679860611989925, 0.023269280904649848, 0.013277166807043684], [0.9205281975657634, 0.017658094968698516, 0.011865076792656184, 0.01295793769999581, 0.023721983468306503, 0.013268709504579354], [0.9018454855297603, 0.029570993407307657, 0.011870847334512323, 0.013177665657486074, 0.03025596385848877, 0.013279044212444736], [0.8819725592536648, 0.04457011668175895, 0.011887844314594049, 0.013946589328408605, 0.03431340559746405, 0.013309484824109567], [0.8688047271002823, 0.05051737689228928, 0.011882787881527298, 0.014898936331527113, 0.04059574275044719, 0.013300429043926611], [0.4407301995576191, 0.07401449615840147, 0.014934076745742118, 0.019848462680174442, 0.43595346319623784, 0.014519301661824881], [0.8464645474485784, 0.06365430711372298, 0.012204326608922851, 0.015735566824577284, 0.04807718232658412, 0.013864069677614268], [0.6865301406692647, 0.22805992167861797, 0.012197257018869485, 0.015466374325597842, 0.04389489785834865, 0.013851408449301399], [0.06405939581686895, 0.026365297682758096, 0.012423104245182141, 0.014027398541998195, 0.8686872874714943, 0.014437516241698208], [0.9135941604772597, 0.020866830972006103, 0.012183590855918152, 0.013463088350848987, 0.026065396204829436, 0.013826933139137498], [0.9177175236059729, 0.017583618227789276, 0.012189119578547647, 0.013137521817073592, 0.02553538200791073, 0.013836834762705792], [0.9145675481936927, 0.019893443255573028, 0.012183590855918152, 0.013463088350848987, 0.026065396204829436, 0.013826933139137498], [0.05723118473589358, 0.01712343861252221, 0.012356275741783503, 0.013975936842208905, 0.8849231811952258, 0.014389982872365816], [0.9144515354037267, 0.01477163850931677, 0.012155986335403726, 0.012280541200828157, 0.031788946997929605, 0.01455135155279503]], [[0.9211508353966071, 0.014043896377808344, 0.012113038972948189, 0.012204984563655815, 0.026605962708237813, 0.013881281980742777], [0.8289769636102148, 0.034802573977772915, 0.04710406497379335, 0.014614350256799264, 0.05989063163484498, 0.014611415546574628], [0.8552427889406294, 0.06087278430398353, 0.012191579172763017, 0.015136670500557545, 0.04271493732788557, 0.013841239754180931], [0.5279870822590302, 0.29400986481829905, 0.01577670844805102, 0.03054264735840257, 0.1163925982066422, 0.015291098909574861], [0.08046517362094968, 0.06919672267352028, 0.012423104245182141, 0.015426730038667588, 0.8080507531799819, 0.014437516241698208], [0.6818050875870897, 0.23765603096550275, 0.01217800411195694, 0.013812545318715097, 0.040731404414027284, 0.013816927602708298], [0.07902628569542633, 0.21699118968057624, 0.012423104245182143, 0.014027398541998196, 0.6630945055951188, 0.014437516241698208], [0.8641977297560203, 0.06151027980244266, 0.012197257018869485, 0.013880794265932968, 0.03436253070743305, 0.013851408449301397], [0.8802547156384944, 0.04025796824699615, 0.012191579172763015, 0.014099777948735681, 0.03935471923882972, 0.01384123975418093], [0.05968290427580373, 0.04956016227420712, 0.012423104245182141, 0.014027398541998195, 0.8498689144211105, 0.014437516241698208], [0.8984639242690331, 0.029025974184777217, 0.012197257018869485, 0.015551991079444771, 0.030909444998573836, 0.013851408449301397], [0.8785439127991599, 0.021859592753695176, 0.015978197580564086, 0.014124618584546776, 0.055641143503258154, 0.013852534778775944], [0.9245018068686867, 0.013578722424242424, 0.011877227474747475, 0.011958251043771044, 0.024648567542087538, 0.013435424646464645], [0.059902380670982726, 0.01760693930451837, 0.012579749368103008, 0.014287755619460704, 0.8808987890583998, 0.014724385978535265], [0.8966569159382215, 0.022016105029445072, 0.01563875645716678, 0.013784313828849279, 0.03810124430386045, 0.013802664442456895], [0.9213698245939672, 0.01397927517401392, 0.01202512204176334, 0.012118176952822891, 0.02669290239752513, 0.013814698839907191], [0.8745702420936871, 0.0327085119576469, 0.017431299218394387, 0.015035859979156537, 0.045249555690649666, 0.015004531060465395], [0.8998421996677439, 0.02667610120564428, 0.012850155075047168, 0.01470744148451643, 0.030928620396484342, 0.014995482170563958], [0.11620981344900877, 0.06461258246076533, 0.013173117143047456, 0.015534745898416339, 0.7743312744024633, 0.01613846664629876], [0.9011760835507232, 0.021536425371878117, 0.012641448067263394, 0.01436273181059303, 0.03565363092705174, 0.014629680272490625], [0.9101055018025916, 0.019760724840283496, 0.012648267364499048, 0.014093763058142693, 0.028749849693689822, 0.0146418932407932], [0.9110689586735646, 0.01914546179872986, 0.012639968004335492, 0.01378369335834733, 0.02873488859992896, 0.014627029565093713], [0.9091316552739466, 0.020193398280293394, 0.012633300643178183, 0.014052498058255519, 0.029374059038776004, 0.014615088705550255], [0.8919556322269884, 0.030688691855235706, 0.012656757834337756, 0.015731297909634102, 0.034310520990898374, 0.014657099182905819], [0.8855714205169525, 0.041160950056697905, 0.011887844314594049, 0.014881730490785753, 0.03318856979686009, 0.013309484824109567], [0.9083630078226181, 0.025091552492604172, 0.011881690718971799, 0.014146974223581616, 0.02721831065319706, 0.013298464089027299], [0.9212179397586614, 0.017351647167589402, 0.011875677209539845, 0.012987164288246533, 0.02327987733572521, 0.013287694240237648], [0.9077166499897638, 0.026084261954204956, 0.011870847334512323, 0.01346276522433946, 0.027586431284734876, 0.013279044212444737], [0.8806122843092179, 0.04648598951310656, 0.011887844314594049, 0.013946589328408605, 0.033757807710563206, 0.013309484824109567], [0.8742375269838711, 0.04871522003837841, 0.011882787881527298, 0.014137185926340726, 0.03772685012595563, 0.013300429043926611], [0.07738662813913055, 0.04182740995653856, 0.0120696530586888, 0.014635148671601003, 0.8402909315526877, 0.01379022862135325], [0.8740726194797295, 0.04873993744060877, 0.01187189987689807, 0.014856051329703555, 0.03717856261786833, 0.013280929255191816], [0.07904886064865949, 0.04933190122046355, 0.012423104245182141, 0.01721041125308884, 0.8275482063909076, 0.014437516241698208], [0.8896966516666249, 0.03683839103578689, 0.012190346879305699, 0.013720341006961876, 0.03371523662369559, 0.013839032787625053], [0.912942877320092, 0.02151811412917378, 0.012183590855918152, 0.013463088350848987, 0.026065396204829436, 0.013826933139137498], [0.9145675481936927, 0.019893443255573028, 0.012183590855918152, 0.013463088350848987, 0.026065396204829436, 0.013826933139137498], [0.9146554864578423, 0.020254257628489217, 0.012196001590675683, 0.01349730619705524, 0.02554778807617164, 0.013849160049765899], [0.9003248118150956, 0.028596371703864844, 0.01220304207515294, 0.014855186140322309, 0.030158819113894855, 0.01386176915166953], [0.9144699295686426, 0.018404412267192798, 0.01285354225855431, 0.0133367160419923, 0.027123864505191976, 0.013811535358425858], [0.9144515354037267, 0.01477163850931677, 0.012155986335403726, 0.012280541200828157, 0.031788946997929605, 0.01455135155279503]], [[0.9211508353966071, 0.014043896377808344, 0.012113038972948189, 0.012204984563655815, 0.026605962708237813, 0.013881281980742777], [0.8811676225939383, 0.026708343827981172, 0.022727629723978994, 0.014317416847556717, 0.04047506259764723, 0.014603924408897313], [0.08107360909524156, 0.2392605459539013, 0.012399192568947046, 0.016108741165141802, 0.6367374027259554, 0.01442050849081294], [0.6889809045812201, 0.06170945856249717, 0.012204326608922851, 0.015177514514802214, 0.20806372605494342, 0.013864069677614268], [0.6893270192382285, 0.22453001672626263, 0.012197257018869485, 0.014908322015822772, 0.04518597655151519, 0.013851408449301399], [0.8843255770156171, 0.04239602157300967, 0.012190346879305699, 0.013720341006961876, 0.03352868073748062, 0.013839032787625053], [0.8623385223468863, 0.06336948721157667, 0.012197257018869485, 0.013880794265932968, 0.03436253070743306, 0.013851408449301399], [0.05046202437166794, 0.013340722772277228, 0.011737067022086824, 0.0118134315816197, 0.023774030718456463, 0.8888727235338918], [0.6783729164671262, 0.07760606836776394, 0.01577670844805102, 0.028893233456939595, 0.18405997435054428, 0.015291098909574863], [0.7119783620785234, 0.0399343058906309, 0.012204326608922851, 0.014149986764912411, 0.20786894897939606, 0.013864069677614268], [0.892030379741815, 0.03095739191315889, 0.012197257018869485, 0.015551991079444771, 0.03541157179741034, 0.013851408449301397], [0.8975806677591723, 0.02988858527758008, 0.012353131196170763, 0.01595993059576857, 0.030092529340044548, 0.014125155831263845], [0.9122583560085449, 0.01946645268467622, 0.013310092784867186, 0.013811537701782395, 0.027089086139951153, 0.014064474680178032], [0.07336794540927473, 0.01760693930451837, 0.01706827094753368, 0.014287755619460704, 0.8629447027406772, 0.014724385978535265], [0.9260500842504742, 0.013361418595825427, 0.011763240227703985, 0.01183934395951929, 0.023759090955091714, 0.013226822011385198], [0.6870117614929442, 0.031503623981329484, 0.050207236211672834, 0.019066873910522426, 0.19495750578286197, 0.01725299862066894], [0.6756566022133433, 0.24908504338359938, 0.012674339129517903, 0.017083201027641184, 0.030812227976664767, 0.014688586269233523], [0.8348914539149159, 0.09022329283762945, 0.012665446091772375, 0.01675095113250673, 0.030796196671972885, 0.014672659351202752], [0.9021267221580409, 0.02439157871534725, 0.012850155075047168, 0.014707441484516429, 0.030928620396484335, 0.014995482170563956], [0.9061746899975873, 0.02131059652818164, 0.012857513180953295, 0.014417220880020634, 0.030231319299117168, 0.015008660114139823], [0.9110689586735646, 0.01914546179872986, 0.012639968004335492, 0.01378369335834733, 0.02873488859992896, 0.014627029565093713], [0.9101055018025916, 0.019760724840283496, 0.012648267364499048, 0.014093763058142693, 0.028749849693689822, 0.0146418932407932], [0.8919556322269884, 0.030688691855235706, 0.012656757834337756, 0.015731297909634102, 0.034310520990898374, 0.014657099182905819], [0.8590333328580314, 0.05399612399309522, 0.012665446091772375, 0.01689251192863801, 0.04273992577726013, 0.014672659351202752], [0.8848402240656439, 0.04162789171870626, 0.011894142949107494, 0.01511705172931696, 0.03319992422173911, 0.013320765315486304], [0.8857906670243199, 0.04128905239645908, 0.011876749512065184, 0.01419235932307715, 0.03356155707182289, 0.013289614672255815], [0.9018065949755448, 0.029609883961523163, 0.011870847334512323, 0.013177665657486076, 0.030255963858488777, 0.013279044212444737], [0.07709851501372122, 0.04762701379191321, 0.0120696530586888, 0.014635148671601005, 0.8347794408427225, 0.013790228621353252], [0.7324354376635223, 0.1936387939360706, 0.01187189987689807, 0.014997116219552884, 0.03377582304876443, 0.013280929255191816], [0.4319454012810559, 0.24857958724695167, 0.014934076745742118, 0.019848462680174445, 0.2701731703842509, 0.014519301661824881], [0.7252846704920424, 0.1945527591644547, 0.011882787881527298, 0.014898936331527113, 0.04008041708652183, 0.013300429043926611], [0.722399326799282, 0.05226595558475519, 0.011894142949107494, 0.014943660972126196, 0.18517614837924282, 0.013320765315486304], [0.865451679931991, 0.054400138656451505, 0.012184795791564408, 0.015422200962662194, 0.038712093547900214, 0.0138290911094306], [0.8987865913182553, 0.029365481952285014, 0.01220304207515294, 0.014855186140322309, 0.030927929362315025, 0.01386176915166953], [0.9145675481936927, 0.019893443255573028, 0.012183590855918152, 0.013463088350848987, 0.026065396204829436, 0.013826933139137498], [0.0676366861656818, 0.02762183313995485, 0.012356275741783504, 0.014675829810704416, 0.8633193922695096, 0.014389982872365816], [0.8979111284287801, 0.03141555595343747, 0.012190346879305699, 0.014054129304397433, 0.030589806646454304, 0.013839032787625053], [0.8645911594596413, 0.05298732238490894, 0.012210246569458306, 0.016607263212172315, 0.03972933638809693, 0.013874671985722205], [0.9087720299754297, 0.01854503186853028, 0.013140406003569279, 0.013618524387376478, 0.03208449121115815, 0.013839516553935926], [0.9144515354037267, 0.01477163850931677, 0.012155986335403726, 0.012280541200828157, 0.031788946997929605, 0.01455135155279503]], [[0.9211508353966071, 0.014043896377808344, 0.012113038972948189, 0.012204984563655815, 0.026605962708237813, 0.013881281980742777], [0.9094028334718393, 0.019707774781144695, 0.013472467863836553, 0.01406398874798567, 0.02873038241416593, 0.014622552721027773], [0.8997518262876711, 0.027825907807805084, 0.012190346879305699, 0.014054129304397431, 0.032338756933195587, 0.013839032787625053], [0.8565411504093416, 0.05732621602811832, 0.012210246569458308, 0.015715422604961688, 0.044332292402397805, 0.013874671985722207], [0.8970803011081514, 0.030686215462444627, 0.012190346879305699, 0.014054129304397433, 0.032149974458075874, 0.013839032787625053], [0.05747349594823665, 0.01987302090049359, 0.012423104245182143, 0.014027398541998196, 0.8817654641223912, 0.014437516241698208], [0.9029368218927467, 0.028397980400649912, 0.012178162328580225, 0.014025100700163697, 0.028644723718298105, 0.01381721095956141], [0.09690716864423689, 0.06185315855671913, 0.012399192568947046, 0.014008985208745333, 0.8004109865305387, 0.01442050849081294], [0.8625457994845359, 0.060876976640615775, 0.012204326608922851, 0.014149986764912411, 0.036358840823398596, 0.013864069677614266], [0.8614100569874933, 0.05622915955557789, 0.012197257018869485, 0.014214582563368524, 0.04209753542538935, 0.013851408449301397], [0.059902380670982726, 0.01760693930451837, 0.012579749368103008, 0.014287755619460704, 0.8808987890583998, 0.014724385978535265], [0.9116038780265492, 0.020544482582798125, 0.012318972822549047, 0.01381066762864602, 0.027658018786550914, 0.014063980152906793], [0.8933834120951449, 0.02208645233069405, 0.016080153905959044, 0.01412024907385535, 0.04023511627214771, 0.014094616322198958], [0.9245018068686867, 0.013578722424242424, 0.011877227474747475, 0.011958251043771044, 0.024648567542087538, 0.013435424646464645], [0.06952017642806639, 0.017145037866672853, 0.016639078024723284, 0.014027398541998196, 0.868230792896841, 0.014437516241698208], [0.8799054258825416, 0.03804174253210003, 0.012658306917396663, 0.01702005433828275, 0.037714596828299536, 0.01465987350137922], [0.8754280669980344, 0.049686679754510896, 0.012665446091772375, 0.01675095113250673, 0.030796196671972878, 0.014672659351202752], [0.8976738295725706, 0.02503867935003065, 0.012641448067263394, 0.01436273181059303, 0.03565363092705174, 0.014629680272490625], [0.9061746899975873, 0.02131059652818164, 0.012857513180953295, 0.014417220880020634, 0.030231319299117168, 0.015008660114139823], [0.9110689586735646, 0.01914546179872986, 0.012639968004335492, 0.01378369335834733, 0.02873488859992896, 0.014627029565093713], [0.9101055018025916, 0.019760724840283496, 0.012648267364499048, 0.014093763058142693, 0.028749849693689822, 0.0146418932407932], [0.8919556322269884, 0.030688691855235706, 0.012656757834337756, 0.015731297909634102, 0.034310520990898374, 0.014657099182905819], [0.8593428868512708, 0.054176991598661906, 0.012649781347698442, 0.015919189250202748, 0.043266546254724765, 0.014644604697441275], [0.8580009570903941, 0.0546553986051299, 0.012674339129517903, 0.017224761823772458, 0.04275595708195202, 0.014688586269233523], [0.7325873668224443, 0.09810869133936329, 0.014934076745742118, 0.023598618521092036, 0.11625194490953326, 0.014519301661824881], [0.07674377054228308, 0.04319380562828165, 0.0120696530586888, 0.016158649481973777, 0.8380438926674193, 0.013790228621353252], [0.87532406197