{"prediction": [[[0.8982025185185185, 0.02791454320987654, 0.013227333333333334, 0.013487283950617285, 0.031934493827160494, 0.015233827160493827], [0.8982025185185185, 0.02791454320987654, 0.013227333333333334, 0.013487283950617285, 0.031934493827160494, 0.015233827160493827], [0.8982025185185185, 0.02791454320987654, 0.013227333333333334, 0.013487283950617285, 0.031934493827160494, 0.015233827160493827], [0.8982025185185185, 0.02791454320987654, 0.013227333333333334, 0.013487283950617285, 0.031934493827160494, 0.015233827160493827], [0.8982025185185185, 0.02791454320987654, 0.013227333333333334, 0.013487283950617285, 0.031934493827160494, 0.015233827160493827], [0.8982025185185185, 0.02791454320987654, 0.013227333333333334, 0.013487283950617285, 0.031934493827160494, 0.015233827160493827], [0.8982025185185185, 0.02791454320987654, 0.013227333333333334, 0.013487283950617285, 0.031934493827160494, 0.015233827160493827], [0.8982587115666179, 0.027814812103465106, 0.013299633967789166, 0.013556539775500245, 0.03178767691556857, 0.015282625671059053], [0.8879647756138866, 0.031043211967259385, 0.014254276037256562, 0.014551425345752187, 0.035638413773638154, 0.016547897262207168], [0.9132420556341349, 0.022160317460317457, 0.012812022630834512, 0.012977479176489077, 0.02471898475561842, 0.014089140342605689], [0.9129831801470588, 0.022090548406862743, 0.012978538602941177, 0.013139813112745098, 0.02458454350490196, 0.014223376225490195], [0.912910310218978, 0.022070909367396592, 0.013025410583941606, 0.013185507907542578, 0.024546700121654497, 0.014261161800486618], [0.912910310218978, 0.022070909367396592, 0.013025410583941606, 0.013185507907542578, 0.024546700121654497, 0.014261161800486618], [0.912910310218978, 0.022070909367396592, 0.013025410583941606, 0.013185507907542578, 0.024546700121654497, 0.014261161800486618], [0.912910310218978, 0.022070909367396592, 0.013025410583941606, 0.013185507907542578, 0.024546700121654497, 0.014261161800486618], [0.912910310218978, 0.022070909367396592, 0.013025410583941606, 0.013185507907542578, 0.024546700121654497, 0.014261161800486618], [0.912910310218978, 0.022070909367396592, 0.013025410583941606, 0.013185507907542578, 0.024546700121654497, 0.014261161800486618], [0.912910310218978, 0.022070909367396592, 0.013025410583941606, 0.013185507907542578, 0.024546700121654497, 0.014261161800486618], [0.912910310218978, 0.022070909367396592, 0.013025410583941606, 0.013185507907542578, 0.024546700121654497, 0.014261161800486618], [0.912910310218978, 0.022070909367396592, 0.013025410583941606, 0.013185507907542578, 0.024546700121654497, 0.014261161800486618], [0.912910310218978, 0.022070909367396592, 0.013025410583941606, 0.013185507907542578, 0.024546700121654497, 0.014261161800486618], [0.912910310218978, 0.022070909367396592, 0.013025410583941606, 0.013185507907542578, 0.024546700121654497, 0.014261161800486618], [0.912910310218978, 0.022070909367396592, 0.013025410583941606, 0.013185507907542578, 0.024546700121654497, 0.014261161800486618], [0.912910310218978, 0.022070909367396592, 0.013025410583941606, 0.013185507907542578, 0.024546700121654497, 0.014261161800486618], [0.912910310218978, 0.022070909367396592, 0.013025410583941606, 0.013185507907542578, 0.024546700121654497, 0.014261161800486618], [0.912910310218978, 0.022070909367396592, 0.013025410583941606, 0.013185507907542578, 0.024546700121654497, 0.014261161800486618], [0.912910310218978, 0.022070909367396592, 0.013025410583941606, 0.013185507907542578, 0.024546700121654497, 0.014261161800486618], [0.912910310218978, 0.022070909367396592, 0.013025410583941606, 0.013185507907542578, 0.024546700121654497, 0.014261161800486618], [0.912910310218978, 0.022070909367396592, 0.013025410583941606, 0.013185507907542578, 0.024546700121654497, 0.014261161800486618], [0.912910310218978, 0.022070909367396592, 0.013025410583941606, 0.013185507907542578, 0.024546700121654497, 0.014261161800486618], [0.912910310218978, 0.022070909367396592, 0.013025410583941606, 0.013185507907542578, 0.024546700121654497, 0.014261161800486618], [0.912910310218978, 0.022070909367396592, 0.013025410583941606, 0.013185507907542578, 0.024546700121654497, 0.014261161800486618], [0.912910310218978, 0.022070909367396592, 0.013025410583941606, 0.013185507907542578, 0.024546700121654497, 0.014261161800486618], [0.912910310218978, 0.022070909367396592, 0.013025410583941606, 0.013185507907542578, 0.024546700121654497, 0.014261161800486618], [0.912910310218978, 0.022070909367396592, 0.013025410583941606, 0.013185507907542578, 0.024546700121654497, 0.014261161800486618], [0.912910310218978, 0.022070909367396592, 0.013025410583941606, 0.013185507907542578, 0.024546700121654497, 0.014261161800486618], [0.912910310218978, 0.022070909367396592, 0.013025410583941606, 0.013185507907542578, 0.024546700121654497, 0.014261161800486618], [0.9129831801470588, 0.022090548406862743, 0.012978538602941177, 0.013139813112745098, 0.02458454350490196, 0.014223376225490195], [0.9132420556341349, 0.022160317460317457, 0.012812022630834512, 0.012977479176489077, 0.02471898475561842, 0.014089140342605689], [0.8984422237860662, 0.0274891156462585, 0.013535749472202674, 0.013782711705371804, 0.03130821018062397, 0.015441989209476894]], [[0.8982025185185185, 0.02791454320987654, 0.013227333333333334, 0.013487283950617285, 0.031934493827160494, 0.015233827160493827], [0.8155146741506658, 0.08972523235617352, 0.02501421562018334, 0.020525760111330997, 0.03346740174845554, 0.01575271601319092], [0.7269805198788126, 0.1002434355615364, 0.08105432045552179, 0.029951124423604626, 0.04588681376946598, 0.015883785911058636], [0.7735677305693347, 0.09767149031931728, 0.055652808090461074, 0.020500686363396806, 0.036773333682774696, 0.015833950974715304], [0.7896052937006479, 0.08163392718800415, 0.055652808090461074, 0.020500686363396806, 0.036773333682774696, 0.015833950974715304], [0.7509840399277871, 0.07623991551256178, 0.08105432045552177, 0.029951124423604626, 0.045886813769465976, 0.015883785911058636], [0.8062211467005861, 0.07478971687912508, 0.04270906342495359, 0.025156552154624715, 0.03517612448244928, 0.015947396358261104], [0.8393218949853065, 0.06328775740180724, 0.025698879499502808, 0.021318020991350328, 0.03364600907714758, 0.01672743804488529], [0.0626627127951675, 0.024318524620172068, 0.01343014827018122, 0.013622862895844776, 0.0272987186527549, 0.8586670327658795], [0.8729119435558753, 0.04703496879703981, 0.020950972452690696, 0.017910969566497743, 0.02646571272746348, 0.014725432900432898], [0.8253120102137836, 0.0807647725099441, 0.028958824173271544, 0.018032208358255888, 0.03243024021948052, 0.014501944525264283], [0.07898499229534876, 0.06995270548877011, 0.2818230345072708, 0.02175550510308169, 0.5333320959388619, 0.014151666666666667], [0.5997560781460772, 0.29956455009851773, 0.028958824173271537, 0.027343597076833447, 0.029875005980035757, 0.014501944525264281], [0.050867221907841556, 0.03329619401778496, 0.02722773925237753, 0.015024229799437964, 0.8594329483558913, 0.014151666666666667], [0.8847323763872489, 0.03795257843786433, 0.01740219107767954, 0.016742598325557027, 0.02848795117943468, 0.014682304592215506], [0.890343591710183, 0.033877002217262635, 0.016269316254015443, 0.01612802175691206, 0.02864681039691732, 0.01473525766470972], [0.8695986052001466, 0.04486396888932945, 0.017979129777837836, 0.017799300417888075, 0.03373230414153113, 0.016026691573266916], [0.0651308396790031, 0.034406183699088405, 0.013573015675217383, 0.0161745577748421, 0.8557326389442066, 0.014982764227642276], [0.8385034833183294, 0.06889267678013476, 0.023580414814024602, 0.01979069500701941, 0.03333760491580153, 0.015895125164690382], [0.8703649048347427, 0.042143219488128804, 0.01942097046250123, 0.018581488777981672, 0.03353011968291686, 0.015959296753728824], [0.06393597213394601, 0.03401409813925474, 0.013725264671826906, 0.016258832987375915, 0.8569676531285625, 0.015098178939034045], [0.06393597213394601, 0.03401409813925474, 0.013725264671826906, 0.016258832987375915, 0.8569676531285625, 0.015098178939034045], [0.8820795854770402, 0.03660196911823144, 0.0148666948383481, 0.01611082650595526, 0.03416875040075136, 0.016172173659673657], [0.8783234532294286, 0.03829752974352331, 0.014737855447255026, 0.01594815196801818, 0.03668297605816264, 0.016010033553612166], [0.06693478459394792, 0.03528375707695037, 0.013822453333766652, 0.016502433888656434, 0.8521818642390069, 0.01527470686767169], [0.8779735030348921, 0.03854421846724308, 0.016463002219491547, 0.01697681195493251, 0.033944905598013116, 0.016097558725427577], [0.8773861903554154, 0.038971764095980965, 0.018220439777619356, 0.018018673144962184, 0.03124461741651073, 0.01615831520951138], [0.8703649048347427, 0.042143219488128804, 0.01942097046250123, 0.018581488777981672, 0.03353011968291686, 0.015959296753728824], [0.06442796414118941, 0.047587772934581114, 0.02028441344902128, 0.0162241322951135, 0.8364250607599857, 0.015050656420108869], [0.840505552813932, 0.0653764984875585, 0.02325825512239308, 0.019536220023784388, 0.035542423635779176, 0.015781049916552874], [0.08511084857787637, 0.3950497568750192, 0.060539391593516644, 0.02176631209904898, 0.4223710953156212, 0.015162595538917484], [0.08031124640108901, 0.1297933041683291, 0.41780709811006955, 0.02091922953044434, 0.33590020451512875, 0.015268917274939172], [0.08031124640108901, 0.11407231876686923, 0.43352808351152944, 0.02091922953044434, 0.33590020451512875, 0.015268917274939172], [0.1043567723621653, 0.11051234387443049, 0.4182148468136517, 0.02647171930597613, 0.32531368743789857, 0.01513063020587773], [0.4871616809497624, 0.38188013734148707, 0.057850210687863675, 0.02050068636339681, 0.0367733336827747, 0.015833950974715308], [0.8359792599674727, 0.07084668042974407, 0.026135003900827125, 0.02006850672099713, 0.030956361653135346, 0.01601418732782369], [0.8689194666297557, 0.045344322019341035, 0.019723311706328607, 0.018831702221149153, 0.031096793948113093, 0.016084403475312568], [0.8740736621765964, 0.040388911912879716, 0.01797912977783784, 0.017799300417888075, 0.03373230414153114, 0.016026691573266916], [0.0651308396790031, 0.034406183699088405, 0.013573015675217383, 0.0161745577748421, 0.8557326389442066, 0.014982764227642276], [0.8983068115942028, 0.027729444444444445, 0.013361521739130435, 0.013615821256038649, 0.03166200483091788, 0.015324396135265698]], [[0.8982025185185185, 0.02791454320987654, 0.013227333333333334, 0.013487283950617285, 0.031934493827160494, 0.015233827160493827], [0.1043567723621653, 0.1620284211964484, 0.057132527153114246, 0.3499983576840996, 0.31135329139829465, 0.01513063020587773], [0.41956592854449487, 0.4638966278361632, 0.014666942004974579, 0.0300179155533666, 0.055980041651387334, 0.015872544409613373], [0.1263651103615498, 0.4396047255146782, 0.013846621168849669, 0.027444710107343652, 0.37754865773522794, 0.015190175112350844], [0.14357019992138997, 0.16139133861636157, 0.013869760247312794, 0.021193531429115384, 0.6447674537364376, 0.015207716049382715], [0.748215967390688, 0.13809854493419338, 0.014744923591576857, 0.029581732284346934, 0.05336931500967808, 0.01598951678951679], [0.7920124628193264, 0.10408045964110807, 0.01484830489495816, 0.026788001819187897, 0.046126182080830865, 0.016144588744588746], [0.05379972727272727, 0.02206119696969697, 0.013048590909090909, 0.01320810606060606, 0.024527984848484848, 0.873354393939394], [0.056326634615384605, 0.022757035256410256, 0.013224471153846153, 0.013393189102564103, 0.02536613782051282, 0.8689325320512822], [0.8528059116116109, 0.053345830680988394, 0.013690746542064331, 0.018575284614625848, 0.04693228920735206, 0.014649937343358396], [0.09538539991455357, 0.097875552369421, 0.020515734690784153, 0.022809240821908695, 0.7492624055366659, 0.014151666666666667], [0.5523128677590117, 0.33670665472912853, 0.013666883003908597, 0.030387632846074708, 0.05231181962575165, 0.014614142036124794], [0.5604145480781465, 0.13087064050976135, 0.013741076913447335, 0.23587707222927687, 0.04437122936893515, 0.014725432900432902], [0.06588892337193233, 0.07270979677847687, 0.013119529333641298, 0.016616818381262447, 0.8175132654680204, 0.014151666666666667], [0.8672071988230656, 0.051778005469248704, 0.013666883003908597, 0.02001425596541662, 0.032719514702235705, 0.014614142036124794], [0.05086722190784156, 0.028372384493975437, 0.013119529333641298, 0.015024229799437966, 0.8784649677984371, 0.014151666666666667], [0.8557619252554792, 0.06056459943978588, 0.014812556219957147, 0.018844826734698478, 0.03392512661799207, 0.016090965732087226], [0.832963217612651, 0.08150172570800035, 0.014795178391831657, 0.02037574323980912, 0.03429923605780887, 0.01606489898989899], [0.7999121512653007, 0.10595246660206278, 0.014866694838348102, 0.023725416682401634, 0.03937109695221312, 0.016172173659673657], [0.8532964603349633, 0.06116848298568825, 0.014795178391831657, 0.02037574323980912, 0.03429923605780888, 0.01606489898989899], [0.8692727300182247, 0.04705379467704035, 0.014812556219957147, 0.018844826734698478, 0.03392512661799206, 0.016090965732087226], [0.8763596191226397, 0.040737104030488996, 0.014830261931632175, 0.0179506882951095, 0.034004802320529694, 0.01611752429959977], [0.8791923643648192, 0.03868922769299001, 0.014848304894958158, 0.017039518647147398, 0.034085995655496616, 0.016144588744588743], [0.0652972447074024, 0.03545671378430229, 0.014014595892380221, 0.01660225300263285, 0.8532123722995187, 0.015416820313763544], [0.875812794313658, 0.040112776492675174, 0.01476137061711479, 0.01686565009146066, 0.03643322115726757, 0.01601418732782369], [0.8793696965438497, 0.039818491887882404, 0.014924049612287032, 0.018185157496746644, 0.031444398638652074, 0.01625820582058206], [0.8764189246284229, 0.04194080595752467, 0.014904556486503868, 0.019120827534338636, 0.03138591926130257, 0.016228966131907305], [0.854469235892604, 0.057627258289801926, 0.014885441868017461, 0.02128327379806783, 0.03553449594733108, 0.0162002942041777], [0.8014177940844475, 0.10157516756290644, 0.01469731378080915, 0.024686058119860837, 0.041705564378610886, 0.01591810207336523], [0.7910575834262292, 0.11421542604952581, 0.014866694838348102, 0.024317025074010026, 0.03937109695221312, 0.016172173659673657], [0.45582721448050045, 0.4380614542715553, 0.01476137061711479, 0.02700486589088885, 0.04833090741211693, 0.01601418732782369], [0.4120652415837966, 0.47825602561313574, 0.014666942004974579, 0.028271623949574214, 0.050867622438905497, 0.015872544409613373], [0.2462283764827567, 0.5998525973403553, 0.02071927714033539, 0.030913480688062885, 0.08499414713636817, 0.01729212121212121], [0.4375577317328804, 0.455615491408275, 0.014744923591576855, 0.02783544068055454, 0.04825689579719622, 0.015989516789516788], [0.7255315686399639, 0.16835710011209173, 0.01476137061711479, 0.02700486589088885, 0.04833090741211693, 0.01601418732782369], [0.8017303567249938, 0.10413426114236958, 0.014866694838348102, 0.023725416682401634, 0.03937109695221312, 0.016172173659673657], [0.8610682014130648, 0.05537351203605567, 0.014885441868017461, 0.020691665406459437, 0.03178088507222488, 0.0162002942041777], [0.8764189246284229, 0.04194080595752467, 0.014904556486503868, 0.019120827534338636, 0.03138591926130257, 0.016228966131907305], [0.8740736621765964, 0.040388911912879716, 0.01797912977783784, 0.017799300417888075, 0.03373230414153114, 0.016026691573266916], [0.8982025185185185, 0.02791454320987654, 0.013227333333333334, 0.013487283950617285, 0.031934493827160494, 0.015233827160493827]], [[0.8982025185185185, 0.02791454320987654, 0.013227333333333334, 0.013487283950617285, 0.031934493827160494, 0.015233827160493827], [0.10500252455114137, 0.4432191360368964, 0.057419330209860016, 0.06568841645984579, 0.3135724138032223, 0.015098178939034045], [0.20378018810002552, 0.6160103217113951, 0.02915701587219177, 0.03091348068806289, 0.10284687241620347, 0.017292121212121214], [0.4086047031868186, 0.4745768658342754, 0.014666942004974579, 0.029726068778940136, 0.05655287578537788, 0.015872544409613373], [0.42492341403890366, 0.14918514820203324, 0.013805003341543623, 0.023353040830259256, 0.37357476751388, 0.015158626073380171], [0.6215113107968898, 0.23120587094136227, 0.022031841688131562, 0.03347431505802977, 0.07359162750198106, 0.018185034013605442], [0.05379972727272727, 0.02206119696969697, 0.013048590909090909, 0.01320810606060606, 0.024527984848484848, 0.873354393939394], [0.05379972727272727, 0.02206119696969697, 0.013048590909090909, 0.01320810606060606, 0.024527984848484848, 0.873354393939394], [0.059162959183673466, 0.023538078231292517, 0.01342188775510204, 0.01360093537414966, 0.026306921768707484, 0.8639692176870748], [0.3297911398842007, 0.08539403264690751, 0.013119529333641298, 0.01704276506164411, 0.5405008664069396, 0.014151666666666667], [0.5619784576899736, 0.12329848826431437, 0.013666883003908597, 0.02439439093605103, 0.2620476380696276, 0.014614142036124794], [0.19988740651611395, 0.43807346171697725, 0.018422289181692093, 0.0309132178990131, 0.2969741008766798, 0.015729523809523808], [0.5577839387632684, 0.33651516969144335, 0.01379520580342528, 0.029282760331591863, 0.047816299174871256, 0.01480662623539982], [0.5708444164083143, 0.329207533056483, 0.013643828399249668, 0.025817235388360234, 0.045907426618456315, 0.0145795601291364], [0.06372469216867316, 0.06613215203735642, 0.013119529333641298, 0.018510015022618145, 0.8243619447710443, 0.014151666666666667], [0.8602464595963579, 0.060953281036808374, 0.013666883003908597, 0.01779971962456449, 0.032719514702235705, 0.014614142036124794], [0.5651342664325031, 0.35130744701661737, 0.014885441868017461, 0.020691665406459437, 0.03178088507222488, 0.0162002942041777], [0.5016665247070878, 0.4041980931602756, 0.014866694838348102, 0.023725416682401634, 0.03937109695221312, 0.016172173659673657], [0.7152779846458811, 0.17736674990017512, 0.01476137061711479, 0.02705337585992504, 0.04952633164908018, 0.01601418732782369], [0.08269226247428528, 0.4042048905876088, 0.013573015675217383, 0.020935630274795516, 0.46361143676045075, 0.014982764227642276], [0.8358381093686742, 0.0780352255603688, 0.014795178391831657, 0.02096735163141751, 0.03429923605780887, 0.01606489898989899], [0.8690719179765382, 0.049287812609409364, 0.014904556486503868, 0.019120827534338636, 0.03138591926130257, 0.016228966131907305], [0.8731380967855514, 0.042055581384343704, 0.014744923591576855, 0.017737342444971195, 0.03633453900403997, 0.015989516789516788], [0.06220740700545953, 0.034558542902845636, 0.013945516956253713, 0.01638075042850516, 0.8576426381102845, 0.015265144596651445], [0.8763596191226397, 0.040737104030488996, 0.014830261931632175, 0.0179506882951095, 0.034004802320529694, 0.01611752429959977], [0.8764189246284229, 0.04194080595752467, 0.014904556486503868, 0.019120827534338636, 0.03138591926130257, 0.016228966131907305], [0.852050156752807, 0.057627258289801926, 0.014885441868017461, 0.02128327379806783, 0.03795357508712801, 0.0162002942041777], [0.7975324667969318, 0.09522473450342157, 0.014778119422937825, 0.024183189486344486, 0.05224217925380614, 0.016039310536558243], [0.10998653064080313, 0.1426769525885943, 0.01376807267053071, 0.021991618585124717, 0.6964461953090694, 0.01513063020587773], [0.8070722729373616, 0.09886511929377939, 0.014778119422937823, 0.024183189486344486, 0.03906198832301855, 0.016039310536558243], [0.7961085272228556, 0.1104204733998937, 0.014778119422937823, 0.023591581094736094, 0.03906198832301855, 0.016039310536558243], [0.11322296330662611, 0.4717620911776412, 0.020433607795471775, 0.02225403204451577, 0.3571966754698675, 0.01513063020587773], [0.11123133602831287, 0.4809161953796848, 0.020411666882416073, 0.022193448069412987, 0.35002609537221446, 0.015221258267958775], [0.7226024626450571, 0.1694938260444248, 0.014637599780863214, 0.025419556010745685, 0.05201802444546271, 0.015828531073446325], [0.08253760364547212, 0.4257849761093976, 0.013846621168849669, 0.018399112723168222, 0.44424151124076156, 0.015190175112350844], [0.8583942555319798, 0.05607068778867167, 0.014795178391831657, 0.02037574323980912, 0.03429923605780887, 0.01606489898989899], [0.8764189246284229, 0.04194080595752467, 0.014904556486503868, 0.019120827534338636, 0.03138591926130257, 0.016228966131907305], [0.8793696965438497, 0.039818491887882404, 0.014924049612287032, 0.018185157496746644, 0.031444398638652074, 0.01625820582058206], [0.8815671973737429, 0.036998121031428806, 0.016636331528439338, 0.017161696551143482, 0.031400431342659574, 0.01623622217258581], [0.8982025185185185, 0.02791454320987654, 0.013227333333333334, 0.013487283950617285, 0.031934493827160494, 0.015233827160493827]], [[0.8982025185185185, 0.02791454320987654, 0.013227333333333334, 0.013487283950617285, 0.031934493827160494, 0.015233827160493827], [0.38832886290659846, 0.13776095753481296, 0.3854253839227526, 0.025273128825045055, 0.047436097843105866, 0.01577556896768515], [0.4112131745178808, 0.4622747149183813, 0.02688812219364091, 0.02978795791064797, 0.05371850615984923, 0.01611752429959977], [0.4408326020454878, 0.44883704933601726, 0.01861953835633246, 0.026788001819187897, 0.048778219698385715, 0.016144588744588743], [0.7599801791677636, 0.13424365631903828, 0.01476137061711479, 0.026396797568892738, 0.04860380899936687, 0.01601418732782369], [0.05458335657833565, 0.022121819308848593, 0.012903905160390517, 0.013067054083372075, 0.02464480086781342, 0.8726790640012397], [0.7643284829334085, 0.12045946096011059, 0.015189732710621047, 0.02874796326883687, 0.054624777435702924, 0.01664958269131998], [0.05379972727272727, 0.02206119696969697, 0.013048590909090909, 0.01320810606060606, 0.024527984848484848, 0.873354393939394], [0.05379972727272727, 0.02206119696969697, 0.013048590909090909, 0.01320810606060606, 0.024527984848484848, 0.873354393939394], [0.09577190474871984, 0.049355157603219145, 0.013119529333641298, 0.017259261312043007, 0.8103424803357101, 0.014151666666666667], [0.7877158926469816, 0.1106981688079023, 0.013741076913447335, 0.023399081032798245, 0.0497203476984375, 0.014725432900432902], [0.7788748021460837, 0.119933339892955, 0.013795205803425279, 0.024213709931057818, 0.048376315991078174, 0.014806626235399818], [0.7864014118767836, 0.11648598017911635, 0.013741076913447335, 0.024856685783705527, 0.043789412346514164, 0.014725432900432898], [0.06372469216867316, 0.06613215203735642, 0.013119529333641298, 0.018510015022618145, 0.8243619447710443, 0.014151666666666667], [0.8694217351639177, 0.051778005469248704, 0.013666883003908597, 0.01779971962456449, 0.032719514702235705, 0.014614142036124794], [0.06588892337193233, 0.07270979677847687, 0.013119529333641298, 0.016616818381262447, 0.8175132654680204, 0.014151666666666667], [0.7761172833218601, 0.13041171730088907, 0.014778119422937823, 0.023591581094736094, 0.03906198832301855, 0.016039310536558243], [0.4281929956213269, 0.4637343566285731, 0.01484830489495816, 0.027224114036244626, 0.049855640074308594, 0.016144588744588746], [0.4136450776606767, 0.4775154486478688, 0.014830261931632175, 0.02809017627589177, 0.04980151118433063, 0.01611752429959977], [0.43453886741567255, 0.45810586713038365, 0.01476137061711479, 0.02705337585992504, 0.04952633164908018, 0.01601418732782369], [0.5054513849529795, 0.39982162452277564, 0.014866694838348102, 0.024317025074010026, 0.03937109695221312, 0.016172173659673657], [0.833768209969872, 0.07830329024030067, 0.01471290283389238, 0.02067938717863005, 0.036594724124314644, 0.015941485652990077], [0.06238405380190571, 0.03418536777141083, 0.01392300877312959, 0.016368291351869006, 0.8578911963820761, 0.015248081919608743], [0.06216834915235235, 0.034544712115525525, 0.013950493674359321, 0.016383505218260173, 0.8576840225645633, 0.015268917274939172], [0.8735798223896603, 0.04274670230560482, 0.014812556219957147, 0.018844826734698478, 0.03392512661799206, 0.016090965732087226], [0.8549307454264286, 0.057627258289801926, 0.014885441868017461, 0.02128327379806783, 0.03507298641350655, 0.0162002942041777], [0.7912460470640196, 0.10286997417801216, 0.014866694838348102, 0.026600885791387696, 0.04824422446855878, 0.016172173659673657], [0.4536654210199376, 0.1584790282419309, 0.01476137061711479, 0.026201380153752084, 0.3308786126394409, 0.01601418732782369], [0.10998653064080313, 0.1493424877135354, 0.01376807267053071, 0.021991618585124717, 0.6897806601841283, 0.01513063020587773], [0.7412648908779723, 0.1483243645593205, 0.01476137061711479, 0.026201380153752084, 0.053433806464016534, 0.01601418732782369], [0.8081803943575385, 0.09768422350982488, 0.014866694838348102, 0.023725416682401634, 0.039371096952213115, 0.016172173659673657], [0.8132409694904541, 0.09328803113229513, 0.014778119422937823, 0.023591581094736094, 0.03906198832301855, 0.016039310536558243], [0.7446182233619183, 0.14637293956896505, 0.014681995841692583, 0.027473770603519965, 0.05095794545921352, 0.01589512516469038], [0.07232742782216864, 0.4181200469475789, 0.013970310060998015, 0.01901232314500156, 0.46128595263031347, 0.015283939393939393], [0.0628951808238839, 0.10514908865667875, 0.013970310060998015, 0.016835650760782007, 0.7858658303037179, 0.015283939393939393], [0.8735798223896603, 0.04274670230560482, 0.014812556219957147, 0.018844826734698478, 0.03392512661799206, 0.016090965732087226], [0.8793696965438497, 0.039818491887882404, 0.014924049612287032, 0.018185157496746644, 0.031444398638652074, 0.01625820582058206], [0.882379483897585, 0.037653731536847306, 0.014943932600585864, 0.01723077405840281, 0.031504047603548566, 0.016288030303030304], [0.8859804825597554, 0.03491483112995709, 0.014964217265415983, 0.01625711014655708, 0.03156490159803893, 0.01631845730027548], [0.8982025185185185, 0.02791454320987654, 0.013227333333333334, 0.013487283950617285, 0.031934493827160494, 0.015233827160493827]], [[0.8982025185185185, 0.02791454320987654, 0.013227333333333334, 0.013487283950617285, 0.031934493827160494, 0.015233827160493827], [0.4717327771443564, 0.38122001990323584, 0.07393923193152066, 0.020500686363396803, 0.036773333682774696, 0.015833950974715304], [0.7017895063938432, 0.17802827248564132, 0.021886325285782285, 0.031205756388378497, 0.05094555070176606, 0.016144588744588743], [0.7179623527135259, 0.16807344267649058, 0.01476137061711479, 0.027566517582719212, 0.055622129082325736, 0.01601418732782369], [0.7399386623097258, 0.11448262600508076, 0.014830261931632175, 0.02765406405883504, 0.08697686139512634, 0.01611752429959977], [0.06118841823056301, 0.023748865058087577, 0.013117372654155496, 0.013305540661304738, 0.02665874888293119, 0.861981054512958], [0.06485814622923734, 0.11729759681188291, 0.013725264671826904, 0.019231796519582147, 0.7697890168284366, 0.015098178939034045], [0.06388600549165253, 0.04528305034356745, 0.013846621168849669, 0.019235393618651987, 0.8425587542649275, 0.015190175112350844], [0.8705111617133039, 0.04396369333151816, 0.014728770262923527, 0.018593468863597615, 0.03623761903212, 0.015965286796536797], [0.8721600991864282, 0.052062356279797835, 0.013767640165010586, 0.018152369688421446, 0.029092256902564118, 0.014765277777777776], [0.8334701372960714, 0.08306735435306838, 0.01382383165870208, 0.022578717956969457, 0.03221039371687357, 0.014849565018315018], [0.7912254447433473, 0.11391086228020161, 0.013809382417467125, 0.023533232457049347, 0.04269318694547203, 0.014827891156462585], [0.8433688970162719, 0.0746181749016025, 0.013754236689451148, 0.020679099431578356, 0.032834419396657426, 0.014745172564438618], [0.8754587980190721, 0.04876365744715399, 0.013767640165010586, 0.018152369688421446, 0.029092256902564118, 0.014765277777777776], [0.8381062632174258, 0.07756732752747308, 0.013690746542064333, 0.02107421050076978, 0.034911514868908554, 0.014649937343358396], [0.09548652811659096, 0.10626894121054503, 0.013119529333641298, 0.02114396185000951, 0.7498293728225465, 0.014151666666666667], [0.7270682719792095, 0.16458230002108165, 0.01476137061711479, 0.02586873594796301, 0.051705134106807125, 0.01601418732782369], [0.43348623906723033, 0.4576742872413153, 0.014830261931632175, 0.02809017627589177, 0.04980151118433063, 0.01611752429959977], [0.22017088634112825, 0.6073379788638015, 0.020719277140335394, 0.033209274446543216, 0.10127046199607045, 0.01729212121212121], [0.4284016164447847, 0.4627589098637609, 0.014830261931632175, 0.02809017627589177, 0.04980151118433063, 0.01611752429959977], [0.7199474609274338, 0.17347603187154276, 0.01476137061711479, 0.026201380153752084, 0.04959956910233287, 0.01601418732782369], [0.0823504747434353, 0.0912961776282024, 0.01373871191194106, 0.020891963063189956, 0.7766142998254271, 0.015108372827804107], [0.8509965091531987, 0.05902973417013184, 0.014666942004974579, 0.020518524277417738, 0.03891574598466362, 0.015872544409613373], [0.8705111617133039, 0.04396369333151816, 0.014728770262923527, 0.018593468863597615, 0.03623761903212, 0.015965286796536797], [0.8582228467677102, 0.057627258289801926, 0.014885441868017461, 0.02128327379806783, 0.03178088507222488, 0.0162002942041777], [0.8025495198686589, 0.0998773768357849, 0.014866694838348102, 0.026600885791387696, 0.039933349006146625, 0.016172173659673657], [0.727255474481636, 0.15798466071841882, 0.01476137061711479, 0.025016740241790063, 0.0589675666132167, 0.01601418732782369], [0.43103832483636123, 0.4445749767155712, 0.014744923591576855, 0.025847315031455764, 0.06780494303551812, 0.015989516789516788], [0.2685431165034455, 0.5615469977776023, 0.02071927714033539, 0.030913480688062885, 0.10098500667843253, 0.01729212121212121], [0.7135785563840887, 0.17890395180806049, 0.014830261931632175, 0.02952204128709649, 0.0470476642895222, 0.01611752429959977], [0.7471994681490136, 0.1466892006030422, 0.01476137061711479, 0.02700486589088885, 0.04833090741211693, 0.01601418732782369], [0.8173922497347574, 0.08913675088799161, 0.014778119422937823, 0.023591581094736087, 0.03906198832301854, 0.01603931053655824], [0.8173922497347574, 0.08913675088799161, 0.014778119422937823, 0.023591581094736087, 0.03906198832301854, 0.01603931053655824], [0.0645673366475549, 0.08065736246698658, 0.013882532163600756, 0.02007712168056642, 0.805598249042831, 0.015217397998460353], [0.8687980485357205, 0.04359534476432447, 0.014681995841692583, 0.018453145599904783, 0.03857634009366714, 0.015895125164690382], [0.8793696965438497, 0.039818491887882404, 0.014924049612287032, 0.018185157496746644, 0.031444398638652074, 0.01625820582058206], [0.882379483897585, 0.037653731536847306, 0.014943932600585864, 0.01723077405840281, 0.031504047603548566, 0.016288030303030304], [0.8854500750362444, 0.03544523865346806, 0.014964217265415983, 0.01625711014655708, 0.03156490159803893, 0.01631845730027548], [0.8859804825597554, 0.03491483112995709, 0.014964217265415983, 0.01625711014655708, 0.03156490159803893, 0.01631845730027548], [0.8982025185185185, 0.02791454320987654, 0.013227333333333334, 0.013487283950617285, 0.031934493827160494, 0.015233827160493827]], [[0.8982025185185185, 0.02791454320987654, 0.013227333333333334, 0.013487283950617285, 0.031934493827160494, 0.015233827160493827], [0.07977288552245233, 0.05790643414091106, 0.03739346850741654, 0.02050139605971231, 0.7893751593493987, 0.015050656420108867], [0.732047608722687, 0.15180385603235824, 0.014681995841692583, 0.028928215432885894, 0.05664319880568592, 0.015895125164690382], [0.42793985802616996, 0.13470944366030072, 0.01381023965100404, 0.02058315487431818, 0.3877947082492895, 0.015162595538917484], [0.5112857759392744, 0.27667558781783774, 0.020719277140335394, 0.035043417589208016, 0.13898382030122333, 0.01729212121212121], [0.43452891890054207, 0.11019616751752788, 0.014830261931632175, 0.035437714516904105, 0.38888941283379397, 0.01611752429959977], [0.7031460859604562, 0.13990110781710535, 0.01476137061711479, 0.04445489678761218, 0.08172235148988757, 0.01601418732782369], [0.7966505279903552, 0.09305717230828091, 0.014652145498798763, 0.031807799709235855, 0.04798200484297974, 0.01585034965034965], [0.07571216489057354, 0.0572720927599141, 0.01389524522313163, 0.01923683487268222, 0.8186566269234374, 0.015227035330261136], [0.8233160580505692, 0.08864492765231279, 0.013690746542064331, 0.02293051302177818, 0.03676781738991695, 0.014649937343358396], [0.5787646001270635, 0.32621784793059017, 0.013809382417467125, 0.023533232457049347, 0.04284704591136728, 0.014827891156462585], [0.8308870946986213, 0.0845657202637629, 0.013690746542064331, 0.020844902320863272, 0.035361598831329694, 0.014649937343358396], [0.054468991647995686, 0.04661008466742343, 0.013119529333641298, 0.01537086845490015, 0.8562788592293727, 0.014151666666666667], [0.8381062632174258, 0.07756732752747308, 0.013690746542064333, 0.02107421050076978, 0.034911514868908554, 0.014649937343358396], [0.3164358677472346, 0.097875552369421, 0.013119529333641298, 0.022809240821908695, 0.5356081430611278, 0.014151666666666667], [0.7811166718580039, 0.12315837549201468, 0.013666883003908597, 0.02439439093605103, 0.04304953667389687, 0.014614142036124794], [0.7308540522324054, 0.1616165236481781, 0.01484830489495816, 0.029507974753622303, 0.04702855572624747, 0.016144588744588746], [0.716963505315497, 0.17550707056508655, 0.01484830489495816, 0.02950797475362231, 0.04702855572624748, 0.016144588744588746], [0.4479381001727955, 0.44399118876236066, 0.014744923591576857, 0.02788395064959074, 0.04945232003415948, 0.01598951678951679], [0.7181218357887432, 0.17380551646115663, 0.01484830489495816, 0.027224114036244626, 0.049855640074308594, 0.016144588744588746], [0.7990993426418506, 0.10683804958929034, 0.014778119422937825, 0.024183189486344486, 0.03906198832301855, 0.016039310536558243], [0.8526281185797807, 0.05944338163039206, 0.01471290283389238, 0.02067938717863005, 0.036594724124314644, 0.015941485652990077], [0.06298355246023077, 0.034391579316339856, 0.013846621168849669, 0.016326008107125197, 0.8572620638351036, 0.015190175112350844], [0.06531620708921815, 0.057414672666777536, 0.013846621168849669, 0.016777234622836087, 0.8314550893399677, 0.015190175112350844], [0.797534569574151, 0.09713719669399633, 0.01469731378080915, 0.024686058119860833, 0.05002675975781731, 0.01591810207336523], [0.7418525348147031, 0.13730093214447994, 0.01476137061711479, 0.026201380153752084, 0.06386959494212616, 0.01601418732782369], [0.11321333976691812, 0.48463216424569383, 0.013887624427409153, 0.02223109944325232, 0.3508145138487678, 0.015221258267958775], [0.09441355839802822, 0.4896862429281793, 0.013970310060998015, 0.020312801466015953, 0.36633314775283915, 0.015283939393939393], [0.0884974744819443, 0.4754159488947274, 0.013970310060998015, 0.020312801466015953, 0.3865195257023749, 0.015283939393939393], [0.4334910074701975, 0.45191499981507455, 0.014681995841692583, 0.026378438091956745, 0.05763843361638825, 0.015895125164690382], [0.08202652580253593, 0.11386023908124669, 0.01376807267053071, 0.01868583731353753, 0.7565286949262713, 0.01513063020587773], [0.06485814622923734, 0.06347586909591844, 0.013725264671826904, 0.016719920035021575, 0.8261226210289616, 0.015098178939034045], [0.8625510078168834, 0.05250423047772964, 0.014795178391831657, 0.02023775793222879, 0.03384692639142735, 0.016064898989898987], [0.8705111617133039, 0.04396369333151816, 0.014728770262923527, 0.018593468863597615, 0.03623761903212, 0.015965286796536797], [0.06412720483871963, 0.03407684951485268, 0.013700897964787993, 0.016245345151920942, 0.8567699951505838, 0.01507970737913486], [0.8791923643648192, 0.03868922769299001, 0.014848304894958158, 0.017039518647147398, 0.034085995655496616, 0.016144588744588743], [0.8854500750362444, 0.03544523865346806, 0.014964217265415983, 0.01625711014655708, 0.03156490159803893, 0.01631845730027548], [0.8820795854770402, 0.03660196911823144, 0.0148666948383481, 0.01611082650595526, 0.03416875040075136, 0.016172173659673657], [0.8859804825597554, 0.03491483112995709, 0.014964217265415983, 0.01625711014655708, 0.03156490159803893, 0.01631845730027548], [0.8982025185185185, 0.02791454320987654, 0.013227333333333334, 0.013487283950617285, 0.031934493827160494, 0.015233827160493827]], [[0.8982025185185185, 0.02791454320987654, 0.013227333333333334, 0.013487283950617285, 0.031934493827160494, 0.015233827160493827], [0.8399750111662306, 0.06590704013525991, 0.02325825512239308, 0.019536220023784388, 0.035542423635779176, 0.015781049916552874], [0.8096005591722675, 0.09179570836886693, 0.014778119422937823, 0.023591581094736094, 0.04419472140463341, 0.016039310536558243], [0.166069273995464, 0.13889226454228748, 0.013869760247312794, 0.021193531429115384, 0.6447674537364376, 0.015207716049382715], [0.41019959206040885, 0.14984364341210257, 0.014744923591576855, 0.0475098147706301, 0.3617125093757647, 0.015989516789516788], [0.4000633774509085, 0.16012984257032067, 0.014830261931632175, 0.05210649639157665, 0.3567524973559622, 0.01611752429959977], [0.4248832339788687, 0.14685258537185725, 0.014681995841692583, 0.3130291697272104, 0.0846578899156809, 0.015895125164690382], [0.09835956351820428, 0.08484375611890545, 0.013864634909265818, 0.023308962957984618, 0.7644192517881946, 0.015203830707445165], [0.7760315659994081, 0.0969283661746555, 0.014652145498798765, 0.033189026646995724, 0.06334854602979231, 0.01585034965034965], [0.3187973788883843, 0.3331617773379821, 0.013119529333641298, 0.020181911629362108, 0.30058773614396356, 0.014151666666666667], [0.5581244962778226, 0.3321495038940656, 0.013666883003908597, 0.028046838025998118, 0.053398136762080294, 0.014614142036124794], [0.10061454932393799, 0.32229241784895496, 0.013119529333641298, 0.021380336841791775, 0.5284414999850073, 0.014151666666666667], [0.06349126844953516, 0.07519224551530705, 0.013119529333641298, 0.01537086845490015, 0.8186744215799496, 0.014151666666666667], [0.7880481511542533, 0.11264423986767938, 0.013678711018472744, 0.02376750616415127, 0.047229507737472226, 0.014631884057971015], [0.785422578316259, 0.11514930917388817, 0.013728154250524673, 0.024051675510392723, 0.04694223384288656, 0.014706048906048905], [0.4076866534288697, 0.43850755602832414, 0.018422289181692093, 0.02643202054062084, 0.09322195701096922, 0.015729523809523808], [0.4677831329377517, 0.4233773933707939, 0.014830261931632175, 0.02809017627589177, 0.04980151118433063, 0.01611752429959977], [0.7277495706071863, 0.1639010013931051, 0.01476137061711479, 0.02586873594796301, 0.051705134106807125, 0.01601418732782369], [0.11273866476784931, 0.13510108572269927, 0.013846621168849669, 0.024292186508613034, 0.6988312667196379, 0.015190175112350844], [0.792998979193667, 0.10645717653303623, 0.014652145498798765, 0.02725852050947123, 0.042782828614677304, 0.01585034965034965], [0.08277094547168343, 0.09177640018869611, 0.013700897964787993, 0.020901928465329584, 0.775770120530368, 0.01507970737913486], [0.8555489008866249, 0.05832443404241792, 0.014795178391831657, 0.02096735163141751, 0.03429923605780887, 0.016064898989898987], [0.8555489008866249, 0.05832443404241792, 0.014795178391831657, 0.02096735163141751, 0.03429923605780887, 0.016064898989898987], [0.8012392550265027, 0.09713719669399633, 0.01469731378080915, 0.024686058119860833, 0.04632207430546563, 0.01591810207336523], [0.10817585120229854, 0.13536040609030117, 0.013700897964787993, 0.024551609549067502, 0.7031315278144099, 0.01507970737913486], [0.46905094550854987, 0.13916766954303553, 0.014744923591576855, 0.02703195494341778, 0.33401498962390314, 0.015989516789516788], [0.5307029946151239, 0.2600357962368696, 0.02071927714033539, 0.030913480688062885, 0.1403363301074867, 0.01729212121212121], [0.0980299831125542, 0.4719560013176912, 0.013970310060998015, 0.020312801466015953, 0.3804469646488012, 0.015283939393939393], [0.08881298806405365, 0.4846710191839474, 0.013945516956253713, 0.02031696950923977, 0.376988361689854, 0.015265144596651445], [0.43685301847032054, 0.4