{"prediction": [[[0.912910310218978, 0.022070909367396592, 0.013025410583941606, 0.013185507907542578, 0.024546700121654497, 0.014261161800486618], [0.9128742727272727, 0.02206119696969697, 0.013048590909090909, 0.01320810606060606, 0.02452798484848485, 0.014279848484848486], [0.912910310218978, 0.022070909367396592, 0.013025410583941606, 0.013185507907542578, 0.024546700121654497, 0.014261161800486618], [0.912910310218978, 0.022070909367396592, 0.013025410583941606, 0.013185507907542578, 0.024546700121654497, 0.014261161800486618], [0.912910310218978, 0.022070909367396592, 0.013025410583941606, 0.013185507907542578, 0.024546700121654497, 0.014261161800486618], [0.912910310218978, 0.022070909367396592, 0.013025410583941606, 0.013185507907542578, 0.024546700121654497, 0.014261161800486618], [0.912910310218978, 0.022070909367396592, 0.013025410583941606, 0.013185507907542578, 0.024546700121654497, 0.014261161800486618], [0.912910310218978, 0.022070909367396592, 0.013025410583941606, 0.013185507907542578, 0.024546700121654497, 0.014261161800486618], [0.912910310218978, 0.022070909367396592, 0.013025410583941606, 0.013185507907542578, 0.024546700121654497, 0.014261161800486618], [0.912910310218978, 0.022070909367396592, 0.013025410583941606, 0.013185507907542578, 0.024546700121654497, 0.014261161800486618], [0.912910310218978, 0.022070909367396592, 0.013025410583941606, 0.013185507907542578, 0.024546700121654497, 0.014261161800486618], [0.912910310218978, 0.022070909367396592, 0.013025410583941606, 0.013185507907542578, 0.024546700121654497, 0.014261161800486618], [0.912910310218978, 0.022070909367396592, 0.013025410583941606, 0.013185507907542578, 0.024546700121654497, 0.014261161800486618], [0.9129831801470588, 0.022090548406862743, 0.012978538602941177, 0.013139813112745098, 0.02458454350490196, 0.014223376225490195], [0.9132420556341349, 0.022160317460317457, 0.012812022630834512, 0.012977479176489077, 0.02471898475561842, 0.014089140342605689], [0.8984422237860662, 0.0274891156462585, 0.013535749472202674, 0.013782711705371804, 0.03130821018062397, 0.015441989209476894], [0.8982587115666179, 0.027814812103465106, 0.013299633967789166, 0.013556539775500245, 0.03178767691556857, 0.015282625671059053], [0.8982025185185185, 0.02791454320987654, 0.013227333333333334, 0.013487283950617285, 0.031934493827160494, 0.015233827160493827], [0.8982025185185185, 0.02791454320987654, 0.013227333333333334, 0.013487283950617285, 0.031934493827160494, 0.015233827160493827], [0.8982025185185185, 0.02791454320987654, 0.013227333333333334, 0.013487283950617285, 0.031934493827160494, 0.015233827160493827], [0.8982025185185185, 0.02791454320987654, 0.013227333333333334, 0.013487283950617285, 0.031934493827160494, 0.015233827160493827], [0.8982025185185185, 0.02791454320987654, 0.013227333333333334, 0.013487283950617285, 0.031934493827160494, 0.015233827160493827], [0.8982025185185185, 0.02791454320987654, 0.013227333333333334, 0.013487283950617285, 0.031934493827160494, 0.015233827160493827], [0.8982587115666179, 0.027814812103465106, 0.013299633967789166, 0.013556539775500245, 0.03178767691556857, 0.015282625671059053], [0.8984422237860662, 0.0274891156462585, 0.013535749472202674, 0.013782711705371804, 0.03130821018062397, 0.015441989209476894], [0.9131653720168461, 0.022139650600530338, 0.012861347683668693, 0.013025565434409608, 0.024679160817345183, 0.014128903447200124], [0.9129831801470588, 0.022090548406862743, 0.012978538602941177, 0.013139813112745098, 0.02458454350490196, 0.014223376225490195], [0.912910310218978, 0.022070909367396592, 0.013025410583941606, 0.013185507907542578, 0.024546700121654497, 0.014261161800486618], [0.912910310218978, 0.022070909367396592, 0.013025410583941606, 0.013185507907542578, 0.024546700121654497, 0.014261161800486618], [0.912910310218978, 0.022070909367396592, 0.013025410583941606, 0.013185507907542578, 0.024546700121654497, 0.014261161800486618], [0.912910310218978, 0.022070909367396592, 0.013025410583941606, 0.013185507907542578, 0.024546700121654497, 0.014261161800486618], [0.912910310218978, 0.022070909367396592, 0.013025410583941606, 0.013185507907542578, 0.024546700121654497, 0.014261161800486618], [0.912910310218978, 0.022070909367396592, 0.013025410583941606, 0.013185507907542578, 0.024546700121654497, 0.014261161800486618], [0.912910310218978, 0.022070909367396592, 0.013025410583941606, 0.013185507907542578, 0.024546700121654497, 0.014261161800486618], [0.912910310218978, 0.022070909367396592, 0.013025410583941606, 0.013185507907542578, 0.024546700121654497, 0.014261161800486618], [0.912910310218978, 0.022070909367396592, 0.013025410583941606, 0.013185507907542578, 0.024546700121654497, 0.014261161800486618], [0.912910310218978, 0.022070909367396592, 0.013025410583941606, 0.013185507907542578, 0.024546700121654497, 0.014261161800486618], [0.912910310218978, 0.022070909367396592, 0.013025410583941606, 0.013185507907542578, 0.024546700121654497, 0.014261161800486618], [0.9128742727272727, 0.02206119696969697, 0.013048590909090909, 0.01320810606060606, 0.02452798484848485, 0.014279848484848486], [0.912910310218978, 0.022070909367396592, 0.013025410583941606, 0.013185507907542578, 0.024546700121654497, 0.014261161800486618]], [[0.9128742727272727, 0.02206119696969697, 0.013048590909090909, 0.01320810606060606, 0.02452798484848485, 0.014279848484848486], [0.0636000100622142, 0.033903855060410756, 0.01376807267053071, 0.016282528730988354, 0.8573149032699782, 0.01513063020587773], [0.06216834915235236, 0.0334340677842752, 0.013950493674359323, 0.016383505218260173, 0.8587946668958137, 0.015268917274939172], [0.06216834915235236, 0.0334340677842752, 0.013950493674359323, 0.016383505218260173, 0.8587946668958137, 0.015268917274939172], [0.06298355246023077, 0.03370156977365469, 0.013846621168849669, 0.0163260081071252, 0.8579520733777889, 0.015190175112350846], [0.8670312117489095, 0.043695891627917934, 0.0191405230987437, 0.018336665482784526, 0.036004987112700795, 0.01579072092894352], [0.8386108433315045, 0.06878531676695952, 0.023580414814024602, 0.01979069500701941, 0.03333760491580153, 0.015895125164690382], [0.7833803399847795, 0.09763052359493178, 0.04270906342495359, 0.025156552154624715, 0.03517612448244928, 0.015947396358261104], [0.77857246343895, 0.07504430788874437, 0.06582839464362425, 0.025675883475689346, 0.040255975908588794, 0.014622974644403215], [0.818122246893827, 0.07010119624679588, 0.04790600820010882, 0.018250539285526064, 0.031036190750751542, 0.014583818622990597], [0.05722812416348066, 0.05512102050708513, 0.03625864986223551, 0.018204680927257515, 0.8190358578732746, 0.014151666666666667], [0.5835993661899944, 0.06607429602682026, 0.26882866122624227, 0.03108074437530635, 0.03595723762652376, 0.014459694555112881], [0.5699127587039999, 0.06606339899884008, 0.06753355467613964, 0.24206626385667715, 0.03984870412274461, 0.014575319641598711], [0.7715771918742389, 0.06694495136077544, 0.07155215015047564, 0.030652100373131798, 0.04473565919534, 0.014537947046038332], [0.050867221907841556, 0.03329619401778496, 0.27824860075422564, 0.015024229799437964, 0.6084120868540432, 0.014151666666666667], [0.08970338732326687, 0.10087569215317152, 0.09174064266433772, 0.020913705059424546, 0.6814826334058599, 0.015283939393939393], [0.06216834915235236, 0.0705995179059297, 0.056863853550492914, 0.016383505218260173, 0.7787158568980257, 0.015268917274939172], [0.06360001006221423, 0.04040393363969727, 0.027520305036624462, 0.016282528730988358, 0.837062592324598, 0.01513063020587773], [0.434078760336314, 0.4168571517288086, 0.055652808090461074, 0.020500686363396806, 0.05707664250630411, 0.015833950974715304], [0.4084262294150208, 0.12558069574999073, 0.08094606073810025, 0.02426282878026225, 0.3450086163489408, 0.01577556896768515], [0.7564702644754271, 0.10101079407852355, 0.045398262635915614, 0.020500686363396806, 0.060786041472021476, 0.015833950974715304], [0.7175882188581336, 0.08726508976621794, 0.08846016732117236, 0.021610791162707393, 0.06930016392408371, 0.01577556896768515], [0.7087032242599449, 0.08896995647390242, 0.08990985064737606, 0.022268570375788867, 0.07444203741524337, 0.015706360827744133], [0.2199610756379164, 0.14625668350887214, 0.0962094511535352, 0.02604455639313629, 0.4946581098497499, 0.01687012345679012], [0.8984066666666666, 0.027552222222222214, 0.01349, 0.013738888888888889, 0.03140111111111111, 0.01541111111111111], [0.8570164769672016, 0.05170214441269712, 0.02404096832521337, 0.020083735372474987, 0.031219616753555446, 0.015937058168857335], [0.8734195939534123, 0.040844194695684295, 0.019723311706328607, 0.018831702221149153, 0.031096793948113093, 0.016084403475312568], [0.8740736621765964, 0.040388911912879716, 0.01797912977783784, 0.017799300417888075, 0.03373230414153114, 0.016026691573266916], [0.8815671973737429, 0.036998121031428806, 0.016636331528439338, 0.017161696551143482, 0.031400431342659574, 0.01623622217258581], [0.8815671973737429, 0.036998121031428806, 0.016636331528439338, 0.017161696551143482, 0.031400431342659574, 0.01623622217258581], [0.8773861903554154, 0.038971764095980965, 0.018220439777619356, 0.018018673144962184, 0.03124461741651073, 0.01615831520951138], [0.8734195939534123, 0.040844194695684295, 0.019723311706328607, 0.018831702221149153, 0.031096793948113093, 0.016084403475312568], [0.8486306431150543, 0.056568114386007146, 0.0257778174114272, 0.01979069500701941, 0.03333760491580153, 0.015895125164690382], [0.8057816661811056, 0.07303179480120299, 0.044906466022356185, 0.025156552154624715, 0.03517612448244928, 0.015947396358261104], [0.7359038260240437, 0.07623991551256178, 0.09893514551281742, 0.02628878676126696, 0.0467485402782513, 0.015883785911058636], [0.7326488449233969, 0.07777642833025857, 0.10016839922175826, 0.026955956800530034, 0.046627236634748936, 0.015823134089307453], [0.7229659599685306, 0.08917778156807489, 0.09893514551281743, 0.026288786761266968, 0.04674854027825131, 0.015883785911058636], [0.7601308253991793, 0.12278478968351407, 0.047595665233318214, 0.020500686363396806, 0.0331540823458763, 0.015833950974715304], [0.0651308396790031, 0.05292232771767144, 0.0202982189272499, 0.0161745577748421, 0.8304912916735911, 0.014982764227642276], [0.9128742727272727, 0.02206119696969697, 0.013048590909090909, 0.01320810606060606, 0.02452798484848485, 0.014279848484848486]], [[0.912910310218978, 0.022070909367396592, 0.013025410583941606, 0.013185507907542578, 0.024546700121654497, 0.014261161800486618], [0.8776974754948358, 0.038755367935631786, 0.016430608861618293, 0.016950085616200147, 0.034105327350932364, 0.01606113474078156], [0.8731380967855514, 0.042055581384343704, 0.014744923591576855, 0.017737342444971195, 0.03633453900403997, 0.015989516789516788], [0.8705111617133039, 0.04396369333151816, 0.014728770262923527, 0.018593468863597615, 0.03623761903212, 0.015965286796536797], [0.8705111617133039, 0.04396369333151816, 0.014728770262923527, 0.018593468863597615, 0.03623761903212, 0.015965286796536797], [0.06388600549165252, 0.04597305988625262, 0.013846621168849667, 0.019235393618651984, 0.8418687447222424, 0.015190175112350844], [0.08250254690127257, 0.09093991185736118, 0.013725264671826906, 0.021192285483141615, 0.7765418121473637, 0.015098178939034045], [0.4434750130112169, 0.43789277814397687, 0.01476137061711479, 0.028751157494681233, 0.05910549340518661, 0.01601418732782369], [0.5558097820394583, 0.3389336430422694, 0.013795205803425283, 0.02554768121550912, 0.05110706166393806, 0.01480662623539982], [0.7769002854566557, 0.12279818772257865, 0.013809382417467125, 0.026661665733725963, 0.045002587513110114, 0.014827891156462585], [0.7953720031507406, 0.11013984428757996, 0.016809379952713106, 0.021710900464508902, 0.04133598808648646, 0.014631884057971013], [0.08800071441623115, 0.3182071721351022, 0.013119529333641298, 0.023015318296363475, 0.5435055991519953, 0.014151666666666667], [0.43514031855524243, 0.39354139661099025, 0.021986725498387448, 0.03194386833742738, 0.10165816718842864, 0.01572952380952381], [0.5826839072296122, 0.10584554979280253, 0.013728154250524672, 0.02711693949837072, 0.255919400322641, 0.014706048906048905], [0.7989183474053656, 0.09992284532205566, 0.013741076913447335, 0.022910612717043935, 0.049781684741654626, 0.0147254329004329], [0.7464265755010531, 0.1411192144863435, 0.014744923591576855, 0.02669931073762872, 0.05502045889388106, 0.015989516789516788], [0.742124299142899, 0.1505204354031572, 0.01476137061711479, 0.02705337585992503, 0.04952633164908017, 0.01601418732782369], [0.5072546426698684, 0.39828019540711584, 0.014778119422937823, 0.022406941182774073, 0.041240790780745495, 0.016039310536558243], [0.43403440365547263, 0.45082668043251467, 0.01476137061711479, 0.02705337585992504, 0.05730998210714925, 0.01601418732782369], [0.11405887219030829, 0.4672222703392391, 0.01376807267053071, 0.024361382923162016, 0.3654587716708822, 0.01513063020587773], [0.11439610496176865, 0.47037936423596605, 0.013869760247312794, 0.022567800434963335, 0.3635792540706064, 0.015207716049382715], [0.10791469689981824, 0.1801055217222361, 0.01381023965100404, 0.02227084346912858, 0.6607361027188955, 0.015162595538917484], [0.26213397622952433, 0.2748571433108484, 0.020719277140335397, 0.03091348068806289, 0.39408400141910793, 0.017292121212121214], [0.6261336729140544, 0.20310571535472913, 0.016259270922504492, 0.03471078558055912, 0.10166227062956092, 0.018128284598591764], [0.6537991642468862, 0.10572495254643095, 0.08376569175224469, 0.027344739648881934, 0.1114496380631135, 0.017915813742442638], [0.9131653720168461, 0.022139650600530338, 0.012861347683668693, 0.013025565434409608, 0.024679160817345183, 0.014128903447200124], [0.8552228509072622, 0.05217330919120195, 0.023580414814024602, 0.01979069500701941, 0.03333760491580153, 0.015895125164690382], [0.06447126026055593, 0.034189748357274626, 0.013657058718363285, 0.01622107857616649, 0.8564143797286651, 0.015046474358974358], [0.8731380967855514, 0.042055581384343704, 0.014744923591576855, 0.017737342444971195, 0.03633453900403997, 0.015989516789516788], [0.8793696965438497, 0.039818491887882404, 0.014924049612287032, 0.018185157496746644, 0.031444398638652074, 0.01625820582058206], [0.8764189246284229, 0.04194080595752467, 0.014904556486503868, 0.019120827534338636, 0.03138591926130257, 0.016228966131907305], [0.8583942555319798, 0.05607068778867167, 0.014795178391831657, 0.02037574323980912, 0.03429923605780887, 0.01606489898989899], [0.08269226247428528, 0.09877125772496435, 0.013573015675217383, 0.020935630274795516, 0.7690450696230952, 0.014982764227642276], [0.758222900563854, 0.13566576818820164, 0.01476137061711479, 0.027004865890888845, 0.04833090741211693, 0.01601418732782369], [0.7497602946696817, 0.14264416584486336, 0.014830261931632175, 0.028041666306855582, 0.048606086947367386, 0.01611752429959977], [0.5442711242180055, 0.29661935936854267, 0.020719277140335397, 0.03320927444654322, 0.0878888436144521, 0.017292121212121214], [0.7203363719341571, 0.1726113122110715, 0.014830261931632177, 0.03032552702423326, 0.04577900259930627, 0.01611752429959977], [0.4544599171641267, 0.43925459292245606, 0.014848304894958158, 0.02945946478458611, 0.045833131489284216, 0.016144588744588743], [0.750156412394965, 0.12743951575214743, 0.05291535216889919, 0.02050068636339681, 0.03315408234587631, 0.015833950974715308], [0.912910310218978, 0.022070909367396592, 0.013025410583941606, 0.013185507907542578, 0.024546700121654497, 0.014261161800486618]], [[0.912910310218978, 0.022070909367396592, 0.013025410583941606, 0.013185507907542578, 0.024546700121654497, 0.014261161800486618], [0.87032262347349, 0.04218988423769354, 0.01772151034488916, 0.017558061895905704, 0.03638093743880224, 0.015826982609219366], [0.062012827882707434, 0.03448964043510543, 0.013970310060998015, 0.016394474290193774, 0.857848807937056, 0.015283939393939395], [0.06388600549165252, 0.04597305988625262, 0.013846621168849667, 0.019235393618651984, 0.8418687447222424, 0.015190175112350844], [0.8557352980511045, 0.05872964526954696, 0.014795178391831657, 0.02037574323980912, 0.03429923605780887, 0.01606489898989899], [0.8042777416177798, 0.09902584106161817, 0.01469731378080915, 0.023802602953825983, 0.04227839851260143, 0.01591810207336523], [0.7148070512092748, 0.1669446229686205, 0.01476137061711479, 0.027566517582719212, 0.05990625029444695, 0.01601418732782369], [0.4278562235717199, 0.4419463576123551, 0.014744923591576855, 0.028397092372384913, 0.07106588606244633, 0.015989516789516788], [0.19570230808805195, 0.4517323833854918, 0.018422289181692093, 0.028235858493712525, 0.2901776370415278, 0.01572952380952381], [0.7818055933503704, 0.1115372784303226, 0.013728154250524672, 0.02489717847908971, 0.05332574658364358, 0.014706048906048905], [0.812418472317794, 0.09625568291254863, 0.013809382417467125, 0.022298921759983617, 0.04038964943574401, 0.014827891156462585], [0.796627869194476, 0.11020101827824903, 0.015492339918308541, 0.021710900464508905, 0.04133598808648647, 0.014631884057971015], [0.09832160712309633, 0.10531109692725309, 0.013119529333641298, 0.017651558991984548, 0.7514445409573581, 0.014151666666666667], [0.0948283582010178, 0.10725909635175854, 0.013119529333641298, 0.021602702340890376, 0.7490386471060253, 0.014151666666666667], [0.8010519369598166, 0.09818462901922276, 0.013666883003908597, 0.024607402942646094, 0.047875006038281154, 0.014614142036124794], [0.5840131831656448, 0.217741112235122, 0.020719277140335394, 0.03693621695456647, 0.1232980892922102, 0.01729212121212121], [0.7431824011957471, 0.14852134874348188, 0.014830261931632175, 0.030374036993269446, 0.04697442683626951, 0.01611752429959977], [0.7335921329529926, 0.15887844292759082, 0.01484830489495816, 0.029507974753622303, 0.04702855572624747, 0.016144588744588746], [0.7159113566636266, 0.17240305687360777, 0.014830261931632175, 0.030374036993269446, 0.05036376323826414, 0.01611752429959977], [0.24151500255837013, 0.5634695293337354, 0.02071927714033539, 0.030913480688062885, 0.12609058906737483, 0.01729212121212121], [0.44713890792674027, 0.15893755291488212, 0.014744923591576855, 0.025847315031455764, 0.33734178374582824, 0.015989516789516788], [0.7200983459148853, 0.1444395069344612, 0.014681995841692583, 0.026378438091956745, 0.07850658805231375, 0.015895125164690382], [0.7322198943407145, 0.14407119637433974, 0.014830261931632175, 0.02510428671790589, 0.06765683633580785, 0.01611752429959977], [0.6478761873328106, 0.19834804234831596, 0.016317633597334597, 0.03331157078882821, 0.08596789468273619, 0.018178671249974424], [0.7563456257718968, 0.0886940636772791, 0.03286635714372919, 0.025714801917227442, 0.07839429476904658, 0.017984856720820855], [0.9128742727272727, 0.02206119696969697, 0.013048590909090909, 0.01320810606060606, 0.02452798484848485, 0.014279848484848486], [0.8734195939534123, 0.040844194695684295, 0.019723311706328607, 0.018831702221149153, 0.031096793948113093, 0.016084403475312568], [0.8705111617133039, 0.04396369333151816, 0.014728770262923527, 0.018593468863597615, 0.03623761903212, 0.015965286796536797], [0.06447126026055593, 0.034189748357274626, 0.013657058718363285, 0.01622107857616649, 0.8564143797286651, 0.015046474358974358], [0.8791923643648192, 0.03868922769299001, 0.014848304894958158, 0.017039518647147398, 0.034085995655496616, 0.016144588744588743], [0.8793696965438497, 0.039818491887882404, 0.014924049612287032, 0.018185157496746644, 0.031444398638652074, 0.01625820582058206], [0.8764189246284229, 0.04194080595752467, 0.014904556486503868, 0.019120827534338636, 0.03138591926130257, 0.016228966131907305], [0.8583942555319798, 0.05607068778867167, 0.014795178391831657, 0.02037574323980912, 0.03429923605780887, 0.01606489898989899], [0.8173922497347574, 0.08913675088799161, 0.014778119422937823, 0.023591581094736087, 0.03906198832301854, 0.01603931053655824], [0.7489838070760225, 0.1441874793798769, 0.01484830489495816, 0.02717560406720844, 0.048660215837345346, 0.016144588744588746], [0.7345531279780539, 0.1583945561671746, 0.014830261931632177, 0.03032552702423326, 0.04577900259930627, 0.01611752429959977], [0.4558245723792618, 0.4370699338270291, 0.01476137061711479, 0.02582022597892683, 0.05050970986984389, 0.01601418732782369], [0.43763123436947915, 0.4487394350873811, 0.021407276620000575, 0.03032552702423326, 0.04577900259930627, 0.01611752429959977], [0.689968875344225, 0.10597985152962389, 0.115130160175574, 0.02628878676126696, 0.0467485402782513, 0.015883785911058636], [0.912910310218978, 0.022070909367396592, 0.013025410583941606, 0.013185507907542578, 0.024546700121654497, 0.014261161800486618]], [[0.912910310218978, 0.022070909367396592, 0.013025410583941606, 0.013185507907542578, 0.024546700121654497, 0.014261161800486618], [0.06298355246023077, 0.03370156977365469, 0.013846621168849669, 0.0163260081071252, 0.8579520733777889, 0.015190175112350846], [0.06309378895549982, 0.045933777928362694, 0.013945516956253713, 0.01923832496516914, 0.8425234465980631, 0.015265144596651445], [0.7845691336402904, 0.11901543639867193, 0.01469731378080915, 0.024094449728252445, 0.041705564378610886, 0.01591810207336523], [0.8066574940574407, 0.09987150656530856, 0.014778119422937823, 0.023591581094736094, 0.03906198832301855, 0.016039310536558243], [0.1153368679061428, 0.13385252257411176, 0.01385177990441042, 0.020574362269585672, 0.701190381573958, 0.015194085771791297], [0.730182883627068, 0.1485850989804396, 0.014666942004974579, 0.029726068778940136, 0.060966462198964295, 0.015872544409613373], [0.12028286202307074, 0.13947819553141594, 0.013864634909265818, 0.026082836123457694, 0.6850876407053447, 0.015203830707445166], [0.5639566019280954, 0.0886359404420606, 0.01363259170118061, 0.023500300007220025, 0.29571186083941053, 0.014562705082032813], [0.09514909708945854, 0.10418072546453672, 0.013119529333641298, 0.02274234902960539, 0.7506566324160914, 0.014151666666666667], [0.799559040115715, 0.09933037390262663, 0.013728154250524672, 0.023563207194638412, 0.04911317563044633, 0.014706048906048905], [0.7831431832303195, 0.12454119598841253, 0.013741076913447335, 0.019993247672166668, 0.043855863295221134, 0.014725432900432902], [0.07634758114907035, 0.07014242118403606, 0.013119529333641298, 0.017651558991984548, 0.8085872426746011, 0.014151666666666667], [0.08108150762212725, 0.04295087709644937, 0.013119529333641298, 0.015024229799437964, 0.8336721894816774, 0.014151666666666667], [0.08910132982869327, 0.32594160566022884, 0.013119529333641298, 0.02135003932446429, 0.5363358291863056, 0.014151666666666667], [0.7461912164093071, 0.1298032898166936, 0.014744923591576857, 0.027262263702267073, 0.06600878969063871, 0.01598951678951679], [0.749999694827677, 0.13541378464850123, 0.01484830489495816, 0.030070927718260657, 0.05352269916601428, 0.016144588744588746], [0.8009504402720787, 0.10458439780490546, 0.014778119422937823, 0.02240694118277407, 0.04124079078074549, 0.01603931053655824], [0.7449751996652942, 0.14695215258460576, 0.01484830489495816, 0.027224114036244626, 0.049855640074308594, 0.016144588744588746], [0.7326788476881175, 0.15166658195239016, 0.014830261931632175, 0.02809017627589177, 0.056616607852368474, 0.01611752429959977], [0.72304470419742, 0.15161202990682102, 0.014681995841692583, 0.026670284866383204, 0.06809586002299267, 0.01589512516469038], [0.08716650927424835, 0.4386242447140505, 0.013846621168849667, 0.021147295059842124, 0.4240251546706585, 0.015190175112350844], [0.7258908549662423, 0.15877586182371517, 0.014681995841692583, 0.026378438091956745, 0.05837772411170283, 0.015895125164690382], [0.09215858077742048, 0.1284241165811112, 0.024876829283208127, 0.018688318768979723, 0.7189523986107543, 0.01689975597852611], [0.8886917002417406, 0.030480284716626373, 0.014503062046736504, 0.014785844748858449, 0.034853317217297876, 0.016685791028740262], [0.9128742727272727, 0.02206119696969697, 0.013048590909090909, 0.01320810606060606, 0.02452798484848485, 0.014279848484848486], [0.9130339030023094, 0.022104218629715164, 0.012945912240184758, 0.013108006158583525, 0.02461088529638183, 0.01419707467282525], [0.8552228509072622, 0.05217330919120195, 0.023580414814024602, 0.01979069500701941, 0.03333760491580153, 0.015895125164690382], [0.8735798223896603, 0.04274670230560482, 0.014812556219957147, 0.018844826734698478, 0.03392512661799206, 0.016090965732087226], [0.8793696965438497, 0.039818491887882404, 0.014924049612287032, 0.018185157496746644, 0.031444398638652074, 0.01625820582058206], [0.882379483897585, 0.037653731536847306, 0.014943932600585864, 0.01723077405840281, 0.031504047603548566, 0.016288030303030304], [0.8793696965438497, 0.039818491887882404, 0.014924049612287032, 0.018185157496746644, 0.031444398638652074, 0.01625820582058206], [0.8705111617133039, 0.04396369333151816, 0.014728770262923527, 0.018593468863597615, 0.03623761903212, 0.015965286796536797], [0.06295457342400755, 0.061630179538874987, 0.013962895828036247, 0.016832149145981072, 0.8293418831433611, 0.015278318919739037], [0.8117756914316234, 0.09152789124777463, 0.01469731378080915, 0.023802602953825983, 0.04227839851260143, 0.01591810207336523], [0.7436717143017892, 0.1470384612695301, 0.014681995841692583, 0.027181923829093506, 0.05153077959320407, 0.015895125164690382], [0.12043444462366117, 0.46342618280889886, 0.013657058718363285, 0.028028154016548894, 0.3594076854735533, 0.015046474358974358], [0.49031522357039103, 0.3307953291560108, 0.034989302980128666, 0.030913480688062885, 0.09569454239328518, 0.01729212121212121], [0.4038829897314294, 0.10550909178793248, 0.4044994928493524, 0.022258139210786, 0.048130494177583666, 0.015719792242915975], [0.912910310218978, 0.022070909367396592, 0.013025410583941606, 0.013185507907542578, 0.024546700121654497, 0.014261161800486618]], [[0.912910310218978, 0.022070909367396592, 0.013025410583941606, 0.013185507907542578, 0.024546700121654497, 0.014261161800486618], [0.8391024917084487, 0.06655088471488971, 0.023311668898891365, 0.019538105857062435, 0.03576589973595148, 0.01573094908475619], [0.7863262385232992, 0.11570263477579336, 0.01927824674659456, 0.023591581094736094, 0.03906198832301855, 0.016039310536558243], [0.45385026366845416, 0.43300553560185445, 0.014848304894958158, 0.031205756388378497, 0.05094555070176606, 0.016144588744588743], [0.7200644608844325, 0.16184139760443886, 0.01476137061711479, 0.027566517582719212, 0.05975206598347086, 0.01601418732782369], [0.10605899646726195, 0.13401490605172145, 0.013869760247312794, 0.02117241732309562, 0.7096762038612254, 0.015207716049382715], [0.5465682531825178, 0.28708887236610675, 0.02071927714033539, 0.030913480688062885, 0.09741799541085584, 0.01729212121212121], [0.7387892183390639, 0.14268470425165064, 0.014666942004974579, 0.027400417390185415, 0.06058617360451215, 0.015872544409613373], [0.08187312306348453, 0.07762877741258865, 0.013119529333641298, 0.022284556821813177, 0.7909423467018056, 0.014151666666666667], [0.7832722053843882, 0.11137033677176329, 0.013666883003908597, 0.02367175652085997, 0.053404676282955, 0.014614142036124794], [0.4478340367616732, 0.15245905820040945, 0.018799406607738007, 0.026099026711104666, 0.33882240206733316, 0.01598606965174129], [0.8049035387566071, 0.10172150415007844, 0.013666883003908599, 0.020339485916680777, 0.044754446136600276, 0.014614142036124794], [0.07502465410610464, 0.07311904659312546, 0.013259209751565536, 0.02083108446045796, 0.8034284428996917, 0.014337562189054727], [0.8262395288809404, 0.09119570248560441, 0.0136552571776276, 0.01791999158312846, 0.036392816575995905, 0.014596703296703296], [0.7950445919002117, 0.10282389560154154, 0.016178286690325644, 0.019712601144781013, 0.05160874060516903, 0.014631884057971013], [0.46728334899744184, 0.1363874862871459, 0.014830261931632175, 0.0309369899579078, 0.3344443885262724, 0.01611752429959977], [0.47027767134696974, 0.40127265174815213, 0.01476137061711479, 0.02643168891260137, 0.07124243004733825, 0.01601418732782369], [0.08491395319278972, 0.08883083908496574, 0.013725264671826904, 0.021753742628142864, 0.7756780214832407, 0.015098178939034045], [0.812129639441193, 0.09439936118155623, 0.014778119422937825, 0.023591581094736094, 0.03906198832301855, 0.016039310536558243], [0.7565982671524129, 0.13604646739364337, 0.01476137061711479, 0.02705337585992503, 0.04952633164908017, 0.01601418732782369], [0.08305677979557019, 0.44219551454363204, 0.013805003341543623, 0.01869052034754712, 0.4270935558983268, 0.015158626073380171], [0.09938397558171476, 0.4880010798194741, 0.013869760247312794, 0.02254668632894357, 0.36099078197317197, 0.015207716049382715], [0.4339967221627813, 0.4577171624795302, 0.014744923591576857, 0.025847315031455764, 0.051704359945139125, 0.01598951678951679], [0.5786144374230136, 0.2676739223159198, 0.0333006327277929, 0.0332152150102446, 0.06911809433508607, 0.018077698187943064], [0.14872460840144913, 0.11228099499985028, 0.08064544355619427, 0.018679884028463926, 0.6227989455572521, 0.01687012345679012], [0.9128742727272727, 0.02206119696969697, 0.013048590909090909, 0.01320810606060606, 0.02452798484848485, 0.014279848484848486], [0.8470229324674079, 0.055760753450560585, 0.02401758966533538, 0.02008619009242995, 0.03699274265759944, 0.016119791666666664], [0.081410038145961, 0.09682228515196406, 0.013823287644349036, 0.0208696741658874, 0.7719022281193516, 0.015172486772486771], [0.8527004160381402, 0.06117291889090277, 0.014795178391831657, 0.02096735163141751, 0.03429923605780887, 0.016064898989898987], [0.8738235361719681, 0.04453619441397935, 0.014904556486503868, 0.019120827534338636, 0.03138591926130257, 0.016228966131907305], [0.8793696965438497, 0.039818491887882404, 0.014924049612287032, 0.018185157496746644, 0.031444398638652074, 0.01625820582058206], [0.8763596191226397, 0.040737104030488996, 0.014830261931632175, 0.0179506882951095, 0.034004802320529694, 0.01611752429959977], [0.062012827882707434, 0.03448964043510543, 0.013970310060998015, 0.016394474290193774, 0.857848807937056, 0.015283939393939395], [0.0628951808238839, 0.060897951782087525, 0.013970310060998015, 0.016835650760782007, 0.8301169671783091, 0.015283939393939395], [0.0707704036402832, 0.06200455740667875, 0.013970310060998015, 0.016835650760782007, 0.8211351387373186, 0.015283939393939393], [0.0628951808238839, 0.10296649129808007, 0.013970310060998015, 0.016835650760782007, 0.7880484276623166, 0.015283939393939393], [0.7287639614376348, 0.16222720149324857, 0.014681995841692583, 0.027473770603519965, 0.050957945459213526, 0.015895125164690382], [0.44873283345074194, 0.4329324776333377, 0.023322898117827243, 0.028271623949574214, 0.050867622438905497, 0.015872544409613373], [0.10263016821254163, 0.12090451794811412, 0.3811324203657068, 0.02632799845172073, 0.35378749702345635, 0.015217397998460353], [0.912910310218978, 0.022070909367396592, 0.013025410583941606, 0.013185507907542578, 0.024546700121654497, 0.014261161800486618]], [[0.912910310218978, 0.022070909367396592, 0.013025410583941606, 0.013185507907542578, 0.024546700121654497, 0.014261161800486618], [0.08560654569114655, 0.10182814798231378, 0.031271419064283386, 0.02178416263822144, 0.7443790944181571, 0.01513063020587773], [0.7129079274155812, 0.1592365857762651, 0.0296468153610501, 0.028751157494681233, 0.053443326624598775, 0.01601418732782369], [0.4368310183118264, 0.4325471659010821, 0.024615893672772386, 0.029787957910647964, 0.06010043990407111, 0.01611752429959977], [0.7037784953780093, 0.16107920391455632, 0.022235992769156297, 0.027566517582719212, 0.06932560302773516, 0.01601418732782369], [0.11538017557175559, 0.13797631522021347, 0.01376807267053071, 0.020892961546862897, 0.6968518447847597, 0.01513063020587773], [0.7540289289205555, 0.12406186999864202, 0.022488555281223968, 0.030144685248985295, 0.053286443761076496, 0.01598951678951679], [0.7643547436196583, 0.12219513260008644, 0.01476137061711479, 0.029314110459319594, 0.053360455375997186, 0.01601418732782369], [0.8420476821798806, 0.07290461562714508, 0.013754236689451148, 0.018720828176788565, 0.03782746476229607, 0.014745172564438618], [0.8231562538946664, 0.052644893250593655, 0.05389973597534685, 0.022067848059185092, 0.03340129531112988, 0.014829973509077984], [0.825067948872888, 0.08146010452809194, 0.01389508653039891, 0.021122521649004185, 0.04353757090583438, 0.014916767513782438], [0.07223788321584301, 0.12220986296362414, 0.013119529333641298, 0.03763220124888731, 0.7406488565713376, 0.014151666666666667], [0.07223788321584301, 0.07466406484639747, 0.013119529333641298, 0.02036689512643833, 0.8054599608110131, 0.014151666666666667], [0.09421190918986899, 0.11932758334723215, 0.013119529333641298, 0.02036689512643833, 0.7388224163361525, 0.014151666666666667], [0.09145472400621321, 0.566990395569787, 0.013119529333641298, 0.017651558991984548, 0.2966321254317072, 0.014151666666666667], [0.2262430535686687, 0.2118792641520937, 0.02912014870905314, 0.03201295489069415, 0.48255954466588497, 0.018185034013605446], [0.7351016022141338, 0.13429392870712326, 0.014744923591576855, 0.028446903614229094, 0.07142312508342022, 0.015989516789516788], [0.1148481722410178, 0.12604460761284467, 0.013805003341543623, 0.02430020638595868, 0.7058433843452552, 0.015158626073380171], [0.8117465418343549, 0.09242832317856915, 0.01469731378080915, 0.02395646442067212, 0.04125325471222936, 0.01591810207336523], [0.8073086063936357, 0.09909923510441133, 0.014866694838348102, 0.026009277399779304, 0.036544012604152, 0.016172173659673657], [0.7349444645570455, 0.15847902824193089, 0.01476137061711479, 0.026201380153752084, 0.04959956910233287, 0.01601418732782369], [0.4356356855629294, 0.4570723616251469, 0.014744923591576855, 0.02703195494341778, 0.04952555748741217, 0.015989516789516788], [0.49534197618025083, 0.33501241287020267, 0.02433762275868101, 0.033209274446543216, 0.09480659253220099, 0.01729212121212121], [0.40930853357169367, 0.46836072514997884, 0.02910028777142546, 0.02723818056971882, 0.04987474863758332, 0.01611752429959977], [0.401945462647479, 0.13175013004239747, 0.3765988324535084, 0.021610791162707393, 0.05231921472622275, 0.01577556896768515], [0.9208297857142858, 0.019476654761904764, 0.01239532142857143, 0.012520654761904762, 0.02141484523809524, 0.013362738095238096], [0.05722812416348066, 0.05417932857832425, 0.03076514336872902, 0.018204680927257515, 0.825471056295542, 0.014151666666666667], [0.7890065233933927, 0.1172750651852095, 0.013643828399249668, 0.02148405521497844, 0.044010967678033225, 0.0145795601291364], [0.8269647435810138, 0.08836357654161112, 0.01382383165870208, 0.021249091129579307, 0.03474919207077862, 0.014849565018315018], [0.8673643348076315, 0.057946462023270834, 0.013838561467728005, 0.01886542941276758, 0.02711355255674812, 0.014871659731853906], [0.8878915388352653, 0.039391106625121866, 0.013853580096538753, 0.017166364491266073, 0.02680322227673774, 0.014894187675070027], [0.889955574734733, 0.03572955181154664, 0.013781294172823472, 0.01694950672012023, 0.028798313771279477, 0.014785758789497106], [0.051560499218765925, 0.05381689630966379, 0.013119529333641298, 0.015370868454900148, 0.8519805400163621, 0.014151666666666667], [0.06958368696773427, 0.08471999100078886, 0.013119529333641298, 0.017081111042501228, 0.8013440149886676, 0.014151666666666667], [0.8181236067571556, 0.08505705546878571, 0.013621542281412703, 0.0193403394932016, 0.049311325047063294, 0.014546130952380953], [0.09854951182325847, 0.11239929625104125, 0.013119529333641298, 0.01954764355943498, 0.7422323523659573, 0.014151666666666667], [0.8168593967993755, 0.0929910233318575, 0.0136552571776276, 0.01843332715687892, 0.04346429223755713, 0.014596703296703296], [0.08845660899048356, 0.3320629142300037, 0.019397475525380594, 0.01954764355943498, 0.5263836910280305, 0.014151666666666667], [0.062012827882707434, 0.10223997346933963, 0.0641493266419014, 0.016394474290193774, 0.7399194583219184, 0.015283939393939395], [0.912910310218978, 0.022070909367396592, 0.013025410583941606, 0.013185507907542578, 0.024546700121654497, 0.014261161800486618]], [[0.912910310218978, 0.022070909367396592, 0.013025410583941606, 0.013185507907542578, 0.024546700121654497, 0.014261161800486618], [0.10500252455114137, 0.4432191360368964, 0.057419330209860016, 0.04260148059286241, 0.33665934967020567, 0.015098178939034045], [0.42190720596362197, 0.0935173581655855, 0.3908274067529862, 0.02592047687312366, 0.05210776000176656, 0.015719792242915972], [0.49382866776774204, 0.3012266019892319, 0.05142691173874669, 0.033209274446543216, 0.10301642284561498, 0.01729212121212121], [0.431739458453221, 0.08552006001990564, 0.10835780085294121, 0.030618294462867686, 0.327941252121757, 0.01582313408930745], [0.43255368028907026, 0.09120778014100302, 0.37789520162501006, 0.02764007114904845, 0.0549276978281831, 0.01577556896768515], [0.7181735167956926, 0.091207780141003, 0.10554133441399256, 0.027640071149048442, 0.04166172853257804, 0.015775568967685148], [0.07381890129646138, 0.06379159845549161, 0.03094913891013394, 0.020518588583571237, 0.7959390085266995, 0.014982764227642276], [0.8718555038271814, 0.047630961146573954, 0.018860626047852772, 0.017655891748137285, 0.02915773537864305, 0.014839281851611506], [0.919523656716418, 0.01990098258706468, 0.012502574626865671, 0.012633519900497513, 0.02192595771144279, 0.013513308457711443], [0.8298321143164944, 0.05423348543555744, 0.03607201685967098, 0.021238497276154435, 0.04379391260304462, 0.014829973509077984], [0.8009418954826982, 0.056455087866635695, 0.05970937180314182, 0.021010395207000647, 0.047389127163946825, 0.014494122476576837], [0.4893430689527569, 0.041515721393034825, 0.08973465646971752, 0.02847848258706468, 0.33494200094568477, 0.01598606965174129], [0.785564492602188, 0.06525063259968042, 0.05468117265266824, 0.021010395207000647, 0.05899918446188594, 0.014494122476576837], [0.5800514053734814, 0.06410986577642515, 0.2626382954133536, 0.020501764597796023, 0.058160721792905504, 0.014537947046038332], [0.7636200681499119, 0.10467306707584954, 0.026605315236536226, 0.023975945345427165, 0.06500807989267542, 0.01611752429959977], [0.7562389509520498, 0.1314016751442392, 0.018595607978798452, 0.022718678855484856, 0.055030899741604064, 0.01601418732782369], [0.8117465418343549, 0.09242832317856915, 0.01469731378080915, 0.02395646442067212, 0.04125325471222936, 0.01591810207336523], [0.06641311723170977, 0.04647640701112078, 0.013657058718363285, 0.020104792518474184, 0.8383021501613576, 0.015046474358974358], [0.857453212619867, 0.05760202567474621, 0.014795178391831657, 0.02023775793222879, 0.033846926391427355, 0.01606489898989899], [0.7817449227475304, 0.12419246948361048, 0.014778119422937823, 0.024183189486344486, 0.03906198832301855, 0.016039310536558243], [0.43242286772244115, 0.46028324278037913, 0.014848304894958158, 0.02637211833007167, 0.049928877527561276, 0.016144588744588743], [0.42298521556509316, 0.46895406899637265, 0.014830261931632175, 0.02723818056971882, 0.04987474863758332, 0.01611752429959977], [0.42814734565638785, 0.4582037590926924, 0.021203310648698088, 0.02637211833007167, 0.049928877527561276, 0.016144588744588743], [0.4993307627095009, 0.39146753551844354, 0.025735460692779093, 0.022998549574382465, 0.044428380968335686, 0.016039310536558243], [0.825434400865473, 0.06873993085244906, 0.039462753785743106, 0.021908719550062274, 0.02978124066478157, 0.014672954281490866], [0.7779836536974121, 0.12742962178514852, 0.013678711018472744, 0.023098080966443946, 0.04317804847455172, 0.014631884057971013], [0.09163266716808394, 0.33386452338794964, 0.013119529333641298, 0.02124206200530196, 0.5259895514383565, 0.014151666666666667], [0.5650509985797898, 0.33780692075430896, 0.013741076913447335, 0.02272965583509092, 0.04594591501693, 0.014725432900432898], [0.6090662925345167, 0.30550894383343613, 0.01382383165870208, 0.0212