{"round_id": "b0f9d1bf-4b71-4e6e-816c-19c718d29056", "seed_index": 1, "prediction": [[[0.8890890509316771, 0.04508517888198758, 0.01381412298136646, 0.014218926293995859, 0.023521617805383022, 0.014271103105590061], [0.8890890509316771, 0.04508517888198758, 0.01381412298136646, 0.014218926293995859, 0.023521617805383022, 0.014271103105590061], [0.8890890509316771, 0.04508517888198758, 0.01381412298136646, 0.014218926293995859, 0.023521617805383022, 0.014271103105590061], [0.8890890509316771, 0.04508517888198758, 0.01381412298136646, 0.014218926293995859, 0.023521617805383022, 0.014271103105590061], [0.8890890509316771, 0.04508517888198758, 0.01381412298136646, 0.014218926293995859, 0.023521617805383022, 0.014271103105590061], [0.8890890509316771, 0.04508517888198758, 0.01381412298136646, 0.014218926293995859, 0.023521617805383022, 0.014271103105590061], [0.8890890509316771, 0.04508517888198758, 0.01381412298136646, 0.014218926293995859, 0.023521617805383022, 0.014271103105590061], [0.8890890509316771, 0.04508517888198758, 0.01381412298136646, 0.014218926293995859, 0.023521617805383022, 0.014271103105590061], [0.8891578318912235, 0.04495818170580964, 0.013841741656365883, 0.014244543469303666, 0.023501238978162337, 0.014296462299134734], [0.8893891656031602, 0.04453104709814647, 0.013934632634457612, 0.014330702724602452, 0.023432698065430975, 0.01438175387420237], [0.9024189568865066, 0.036702790957818685, 0.013236745746912141, 0.013540513322457858, 0.02052132587586421, 0.013579667210440457], [0.9024263101702714, 0.03648381868384721, 0.013314743672342384, 0.013614666973462187, 0.020507135143426905, 0.013653325356649792], [0.9024284144887668, 0.036421154516276935, 0.013337064649243467, 0.013635887819043253, 0.020503074125019102, 0.013674404401650618], [0.9024284144887668, 0.036421154516276935, 0.013337064649243467, 0.013635887819043253, 0.020503074125019102, 0.013674404401650618], [0.9024284144887668, 0.036421154516276935, 0.013337064649243467, 0.013635887819043253, 0.020503074125019102, 0.013674404401650618], [0.9024284144887668, 0.036421154516276935, 0.013337064649243467, 0.013635887819043253, 0.020503074125019102, 0.013674404401650618], [0.9024284144887668, 0.036421154516276935, 0.013337064649243467, 0.013635887819043253, 0.020503074125019102, 0.013674404401650618], [0.9024284144887668, 0.036421154516276935, 0.013337064649243467, 0.013635887819043253, 0.020503074125019102, 0.013674404401650618], [0.9024284144887668, 0.036421154516276935, 0.013337064649243467, 0.013635887819043253, 0.020503074125019102, 0.013674404401650618], [0.9024284144887668, 0.036421154516276935, 0.013337064649243467, 0.013635887819043253, 0.020503074125019102, 0.013674404401650618], [0.9024284144887668, 0.036421154516276935, 0.013337064649243467, 0.013635887819043253, 0.020503074125019102, 0.013674404401650618], [0.9024284144887668, 0.036421154516276935, 0.013337064649243467, 0.013635887819043253, 0.020503074125019102, 0.013674404401650618], [0.9024284144887668, 0.036421154516276935, 0.013337064649243467, 0.013635887819043253, 0.020503074125019102, 0.013674404401650618], [0.9024284144887668, 0.036421154516276935, 0.013337064649243467, 0.013635887819043253, 0.020503074125019102, 0.013674404401650618], [0.9024284144887668, 0.036421154516276935, 0.013337064649243467, 0.013635887819043253, 0.020503074125019102, 0.013674404401650618], [0.9024284144887668, 0.036421154516276935, 0.013337064649243467, 0.013635887819043253, 0.020503074125019102, 0.013674404401650618], [0.9024284144887668, 0.036421154516276935, 0.013337064649243467, 0.013635887819043253, 0.020503074125019102, 0.013674404401650618], [0.9024284144887668, 0.036421154516276935, 0.013337064649243467, 0.013635887819043253, 0.020503074125019102, 0.013674404401650618], [0.9024284144887668, 0.036421154516276935, 0.013337064649243467, 0.013635887819043253, 0.020503074125019102, 0.013674404401650618], [0.9024284144887668, 0.036421154516276935, 0.013337064649243467, 0.013635887819043253, 0.020503074125019102, 0.013674404401650618], [0.9024284144887668, 0.036421154516276935, 0.013337064649243467, 0.013635887819043253, 0.020503074125019102, 0.013674404401650618], [0.9024284144887668, 0.036421154516276935, 0.013337064649243467, 0.013635887819043253, 0.020503074125019102, 0.013674404401650618], [0.9024284144887668, 0.036421154516276935, 0.013337064649243467, 0.013635887819043253, 0.020503074125019102, 0.013674404401650618], [0.9024284144887668, 0.036421154516276935, 0.013337064649243467, 0.013635887819043253, 0.020503074125019102, 0.013674404401650618], [0.9024284144887668, 0.036421154516276935, 0.013337064649243467, 0.013635887819043253, 0.020503074125019102, 0.013674404401650618], [0.9024284144887668, 0.036421154516276935, 0.013337064649243467, 0.013635887819043253, 0.020503074125019102, 0.013674404401650618], [0.9024284144887668, 0.036421154516276935, 0.013337064649243467, 0.013635887819043253, 0.020503074125019102, 0.013674404401650618], [0.9024284144887668, 0.036421154516276935, 0.013337064649243467, 0.013635887819043253, 0.020503074125019102, 0.013674404401650618], [0.9024294608695651, 0.036389994508009144, 0.013348163844393591, 0.013646439969488939, 0.020501054767353165, 0.01368488604118993], [0.9024284144887668, 0.036421154516276935, 0.013337064649243467, 0.013635887819043253, 0.020503074125019102, 0.013674404401650618]], [[0.8890890509316771, 0.04508517888198758, 0.01381412298136646, 0.014218926293995859, 0.023521617805383022, 0.014271103105590061], [0.6883391183186035, 0.1629374971447596, 0.06561819236961372, 0.03748585065197591, 0.029777084791168612, 0.015842256723878536], [0.06914382865397871, 0.13048124875312445, 0.04734545102784188, 0.02049705329897386, 0.7162790884697372, 0.016253329796343793], [0.7536415929641661, 0.13028625982197833, 0.043986747643271124, 0.02252070021236783, 0.03372244263433802, 0.015842256723878536], [0.7458256924894026, 0.1381605221705494, 0.04394944978580257, 0.02251596614044373, 0.033700715627914574, 0.015847653785887216], [0.7111514953312483, 0.17029977650844721, 0.046357827700516906, 0.025583076450105775, 0.030756930868163383, 0.01585089314151838], [0.7008786159277629, 0.17890970949929502, 0.04791670984260207, 0.025956315702836588, 0.030554607515029274, 0.015784041512474128], [0.703331515230928, 0.17419782070694734, 0.04983584641437168, 0.02641109661889264, 0.030563542884732314, 0.015660178144128026], [0.5504193405287313, 0.22416459020240703, 0.11410315612554825, 0.03816270912820009, 0.057656429223313474, 0.015493774791799739], [0.47456533071477747, 0.22200860276570153, 0.1834873098417902, 0.03721199189449711, 0.0671607732435945, 0.015565991539639033], [0.5082269311765507, 0.16679383000224987, 0.1936715325639077, 0.04426663243177538, 0.07262703491876633, 0.014414038906749943], [0.3113466441029896, 0.16888978567352703, 0.3938350523331087, 0.044478955702329744, 0.06708188109653382, 0.014367681091510997], [0.09085344842247017, 0.16234765828881428, 0.1600752824471773, 0.030058386225698744, 0.5416619783452147, 0.015003246270624628], [0.27267704714471447, 0.268005303917061, 0.3644656301618884, 0.028795798929405113, 0.0516392201005307, 0.014416999746400212], [0.0804212933255157, 0.18077775296112006, 0.4120036603434231, 0.04024717169520007, 0.27149093706150346, 0.015059184613237547], [0.08514742627034227, 0.42813333274784987, 0.19063318507778318, 0.052031699441461736, 0.22901332160007154, 0.015041034862491504], [0.2686652059475185, 0.4704701450136388, 0.16601263026250643, 0.028795798929405113, 0.0516392201005307, 0.014416999746400212], [0.3953535041302894, 0.20409878569194514, 0.3111790995628849, 0.03161553530584611, 0.04323520763997893, 0.014517867669055365], [0.05557799198962339, 0.08853968872337875, 0.07237135044674273, 0.02259857792369019, 0.7459423590272765, 0.01497003188928846], [0.39194281553559257, 0.4087612673360727, 0.11196040876365422, 0.028554139844088278, 0.04431421674492786, 0.014467151775664489], [0.06761742968668959, 0.1406467187947957, 0.18816307330038387, 0.018251003199749618, 0.5703517431290929, 0.01497003188928846], [0.3082536250290481, 0.15906126071316684, 0.4229509523903089, 0.044266632431775386, 0.05105349052895093, 0.014414038906749943], [0.5554291728971535, 0.19528477186052667, 0.1348325282776322, 0.031167486670320203, 0.06877160927462674, 0.014514431019740601], [0.43166342370092475, 0.18454365178171817, 0.07170100646058558, 0.03361947088607616, 0.263899911832403, 0.014572535338292138], [0.7329590785611086, 0.1550486149982962, 0.03997101540181269, 0.020769241449910616, 0.03667578598334632, 0.014576263605525414], [0.055715159731764136, 0.08880182972327781, 0.08544212123306001, 0.022610705233353467, 0.7324769482768795, 0.01495323580166491], [0.4122767833962292, 0.40797086779137526, 0.07546993194274763, 0.03161553530584611, 0.058149013894746276, 0.014517867669055365], [0.491493744730864, 0.265029435870387, 0.13348581609240043, 0.02883682861905317, 0.06675893476732991, 0.014395239919965278], [0.08490397363893158, 0.23432847276390342, 0.44212333451203956, 0.051910869265330416, 0.17167617437822444, 0.01505717544157045], [0.07342475533296287, 0.44660371217060524, 0.1958022448476686, 0.06167540404634209, 0.2073978617943877, 0.015096021808033468], [0.11058564452747172, 0.4229328210429967, 0.162556244878676, 0.06157866399131613, 0.2272407548311581, 0.015105870728381217], [0.30044383895019094, 0.2327487665523612, 0.3750717948225663, 0.02893323457661954, 0.04845825344472849, 0.014344111653533534], [0.0781767510700956, 0.13894680874694693, 0.11630546541975811, 0.018265730495021996, 0.6332784311516482, 0.015026813116528995], [0.6498928969725679, 0.16275284928514855, 0.10158552739579507, 0.03161553530584611, 0.0396353233715868, 0.014517867669055365], [0.5765697852000811, 0.1851724252079831, 0.13377778601836843, 0.03617943157608976, 0.053836613217336224, 0.014463958780141124], [0.12985718866865822, 0.14406338920863326, 0.4041513101815385, 0.030138902835524603, 0.27681917721635685, 0.01497003188928846], [0.28545399916612607, 0.2530860859951957, 0.1562258347379879, 0.028802253565720255, 0.2620182499625477, 0.014413576572422471], [0.07865636781587457, 0.12241756092986285, 0.3748400945449486, 0.02259857792369019, 0.38651736689633537, 0.01497003188928846], [0.4639199112381052, 0.39664345214705193, 0.05980166518337906, 0.036831533755943335, 0.02826387762107116, 0.014539560054449173], [0.9024294608695651, 0.036389994508009144, 0.013348163844393591, 0.013646439969488939, 0.020501054767353165, 0.01368488604118993]], [[0.8890890509316771, 0.04508517888198758, 0.01381412298136646, 0.014218926293995859, 0.023521617805383022, 0.014271103105590061], [0.7994172198397673, 0.10159199471388765, 0.03610624544477871, 0.01981739091512625, 0.028317491055938768, 0.01474965803050133], [0.054633470963335984, 0.13266826667213014, 0.015852879035515348, 0.020292835418341516, 0.7615825160213885, 0.01497003188928846], [0.7913313730550879, 0.1305153797895385, 0.016080563595969405, 0.01886072272152471, 0.028483837850797653, 0.014728122987081649], [0.05947934764989909, 0.18115526963579973, 0.015877823627389362, 0.023779232978779347, 0.7047071411378967, 0.015001184970235799], [0.5152128010710416, 0.3999375945475703, 0.016022330669852057, 0.02333386111160357, 0.03084194701883726, 0.014651465581095166], [0.5027040586639521, 0.41082227724149295, 0.016046097236453196, 0.026216010197570964, 0.029530053106788315, 0.014681503553742311], [0.4277076051927011, 0.47526251529646785, 0.015956480700135032, 0.02868584074894414, 0.037823768387695245, 0.01456378967405675], [0.08470654278976711, 0.5309089255079137, 0.015935484342735305, 0.026878577435072326, 0.32649727299506126, 0.015073196929450293], [0.30552690800421095, 0.36491027346853744, 0.015954384575357854, 0.040849749780712596, 0.25819337284031696, 0.014565311330864139], [0.07915336538384402, 0.45139677178617743, 0.014914590449664443, 0.035566352642967876, 0.40476856544341466, 0.014200354293931612], [0.5245240720968437, 0.3390603069961609, 0.02053394085383954, 0.041261520174427246, 0.06052101529184765, 0.014099144586881], [0.419445616804243, 0.47287272695902327, 0.018901502758505846, 0.03632246156897602, 0.038691931219497384, 0.01376576068975453], [0.2350783674730468, 0.6550952258474662, 0.018401189141558017, 0.037623147521912106, 0.03991531017108476, 0.013886759844932255], [0.2255950971238667, 0.6637551374761587, 0.01702636930591164, 0.037920842386629024, 0.041916897063055, 0.013785656644378802], [0.24512373829783843, 0.6470572208872601, 0.014922087390888811, 0.03632246156897602, 0.04280873116528216, 0.01376576068975453], [0.09447678064247833, 0.5527564245496319, 0.015889344765056778, 0.04115397720527565, 0.2807078992200278, 0.01501557361752942], [0.3454133838556729, 0.5362872054127351, 0.023611544157623975, 0.03885987140583117, 0.041237869448733554, 0.014590125719403466], [0.4153257915798965, 0.47703176849460815, 0.019960679028053704, 0.03831308437786458, 0.034690136934514136, 0.014678539585062746], [0.36032639642168557, 0.5330104557780022, 0.016071509050631885, 0.03699673315683157, 0.03887846589127337, 0.014716439701575447], [0.5071990430801837, 0.3815218367441718, 0.019501979178254112, 0.03384903640961832, 0.0433042892189729, 0.014623815368799167], [0.3162975536672139, 0.5698308914602954, 0.022317113599839858, 0.03428048905544711, 0.0426148727285154, 0.014659079488688252], [0.5139437797974988, 0.37229841310607253, 0.019261749550585704, 0.033952523440742545, 0.04585629740423251, 0.014687236700867957], [0.37788898060658727, 0.5170255170820734, 0.016071509050631885, 0.029988149114925852, 0.044309404444205995, 0.014716439701575447], [0.43426192215134823, 0.4688023666576802, 0.016094997867729333, 0.025651520777095815, 0.040442444690365176, 0.014746747855781197], [0.4292510578132779, 0.47127349964544296, 0.016042136463350745, 0.02766367379414373, 0.04109109269872181, 0.014678539585062746], [0.36821607438075105, 0.5280137066519475, 0.016020553196893224, 0.029896042298693637, 0.04320293326558591, 0.01465069020612874], [0.10181623740479488, 0.5606603990041702, 0.022091607031046186, 0.03795164279251418, 0.26247892879723883, 0.015001184970235799], [0.30347464915629807, 0.5772624721692378, 0.015935789599538678, 0.03547820048166299, 0.05330757078204824, 0.014541317811214271], [0.2289970359829844, 0.6320359674840296, 0.01839300553574537, 0.0486464186932152, 0.056984210296505085, 0.014943362007520108], [0.10524063177952667, 0.3642214360142587, 0.015961646589117397, 0.03474445588666402, 0.4647259590020519, 0.015105870728381217], [0.5197825797951434, 0.35800501898276754, 0.025607877456110456, 0.03579945329119602, 0.04623975914391842, 0.01456531133086414], [0.08491982922170381, 0.3198810453235556, 0.01589834434734165, 0.03280043276685511, 0.5314735352240147, 0.015026813116528995], [0.5859230226889344, 0.3159852343388811, 0.01602055319689322, 0.030306693432456892, 0.0371138061367057, 0.014650690206128738], [0.5326177638262738, 0.35816371013157605, 0.016048876727407645, 0.03458134497143512, 0.043901067642439597, 0.014687236700867959], [0.31348609220832363, 0.5728556834123655, 0.015979613510622184, 0.03479531753946842, 0.04828542853015599, 0.014597864799064176], [0.3046438323172279, 0.578239201639431, 0.01599972520010158, 0.0344778579403109, 0.0520155675341295, 0.014623815368799168], [0.34755103002521653, 0.5461821543743506, 0.020108089511017332, 0.030306693432456892, 0.04120134245082981, 0.014650690206128738], [0.42148275552108283, 0.3911739555489878, 0.10151717826136993, 0.03361947088607616, 0.037634104444190936, 0.014572535338292138], [0.9024284144887668, 0.036421154516276935, 0.013337064649243467, 0.013635887819043253, 0.020503074125019102, 0.013674404401650618]], [[0.8890890509316771, 0.04508517888198758, 0.01381412298136646, 0.014218926293995859, 0.023521617805383022, 0.014271103105590061], [0.8137306657560239, 0.09372795729669918, 0.02976087111532668, 0.0217804209418892, 0.02613728859952854, 0.014862796290532623], [0.7958602608771382, 0.12469319023168263, 0.016136908106814493, 0.02132391919254167, 0.027184896002636683, 0.014800825589186127], [0.7971700838446628, 0.1259690903712374, 0.01619857008975229, 0.01925110873837748, 0.02653075750966164, 0.014880389446308344], [0.7425737097001649, 0.17286236299975125, 0.016057602958017555, 0.02295247502662602, 0.03085535296101627, 0.014698496354424074], [0.059404744088034, 0.18233730732190653, 0.015922655772840317, 0.022824595193727065, 0.7044535221819216, 0.015057175441570451], [0.05942232149901022, 0.1959858640802001, 0.015942658903461346, 0.023488209543099645, 0.6900787887991191, 0.015082157175109507], [0.07088950537166834, 0.4766929736947609, 0.015961646589117397, 0.023664017424764573, 0.3976859861913075, 0.015105870728381217], [0.08563339585225194, 0.3336191976002151, 0.015961646589117397, 0.02718783434734686, 0.5224920548826875, 0.015105870728381217], [0.4992214723015536, 0.37516189882512546, 0.015954384575357854, 0.0408497497807126, 0.054247183186386584, 0.01456531133086414], [0.4085560289722443, 0.48598095604920627, 0.014975104198186701, 0.03633705591857051, 0.040316685381402866, 0.013834169480389444], [0.5929959800020003, 0.3047909019268032, 0.01585744073054991, 0.03523476734762558, 0.037308259296263746, 0.0138126506967572], [0.08753078660858898, 0.48581024225422176, 0.014943528575795638, 0.03200109341991894, 0.36548044874621355, 0.014233900395261085], [0.2319712539498444, 0.6594994538008966, 0.015966132730553955, 0.03792084238662903, 0.04085666048769732, 0.013785656644378804], [0.07677415640387074, 0.4523172677655923, 0.016816892085914047, 0.032865415701791065, 0.40699236764757074, 0.014233900395261085], [0.34235475929864695, 0.35618482785442745, 0.016959664931917886, 0.04336787738743726, 0.2270337259406892, 0.014099144586881], [0.2972981171651886, 0.5729609194042383, 0.015935789599538678, 0.04902346843310804, 0.05024038758671207, 0.014541317811214271], [0.09500673438818996, 0.33667188166409995, 0.01586456366928071, 0.04130753469143054, 0.4961646608615809, 0.014984624725417863], [0.3297856071765678, 0.35849473252521297, 0.01602055319689322, 0.24027507957610053, 0.04077333731909672, 0.014650690206128738], [0.310629528421822, 0.5704083356465606, 0.01604887672740764, 0.04591502979247687, 0.042310992710865136, 0.014687236700867957], [0.3175041262628842, 0.5731484666892018, 0.0160270548902092, 0.03604639994050102, 0.04261487272851539, 0.014659079488688252], [0.22552669124385435, 0.6382420187645222, 0.020399921628436908, 0.042401493617552695, 0.0584865127381136, 0.014943362007520108], [0.3106535506925319, 0.5813376571940316, 0.015979613510622184, 0.03416649600877584, 0.043264817794974195, 0.014597864799064176], [0.31141912893669504, 0.5777169878431248, 0.01604887672740764, 0.033952523440742545, 0.04617524635116227, 0.014687236700867957], [0.3705377748718894, 0.5245575845100876, 0.016071509050631885, 0.029988149114925852, 0.04412854275088979, 0.014716439701575447], [0.36785124278634357, 0.328130777864653, 0.016071509050631885, 0.029988149114925852, 0.24324188148187012, 0.014716439701575447], [0.43306806003937537, 0.4645016924606671, 0.016042136463350745, 0.02766367379414373, 0.04404589765740025, 0.014678539585062746], [0.569437869162141, 0.31793854073935507, 0.015973615724501032, 0.03122831274236232, 0.05083153591223705, 0.014590125719403466], [0.32117771536277867, 0.365628322762808, 0.01604887672740764, 0.033952523440742545, 0.24850532500539516, 0.014687236700867957], [0.30973080717689777, 0.5750764060077103, 0.01597961351062218, 0.03416649600877583, 0.05044881249692961, 0.014597864799064175], [0.1114076475952949, 0.5553476283027714, 0.015898344347341647, 0.03465449230079809, 0.26766507433726483, 0.015026813116528995], [0.3761458852715034, 0.5235940415006693, 0.018188883452535824, 0.030306693432456892, 0.0371138061367057, 0.014650690206128738], [0.5830862082899273, 0.318822048737888, 0.01602055319689322, 0.030306693432456892, 0.0371138061367057, 0.014650690206128738], [0.5408565171833819, 0.3499249567744679, 0.01604887672740764, 0.03458134497143512, 0.043901067642439597, 0.014687236700867957], [0.33118674602335296, 0.5593452932217092, 0.0160270548902092, 0.034909310586139684, 0.04387251578990055, 0.014659079488688252], [0.21394077616331733, 0.6405136407362574, 0.01839300553574537, 0.045118583825911114, 0.0670906317312486, 0.014943362007520108], [0.1147674429959574, 0.3396914955637138, 0.01586456366928071, 0.03802148427126247, 0.47667038877436774, 0.014984624725417863], [0.273733731557951, 0.6017766865068712, 0.024328498881552883, 0.038034588810760904, 0.047561182911999934, 0.01456531133086414], [0.3428055589130854, 0.2064643307437438, 0.34892821003236774, 0.036179431576089764, 0.051158509954572357, 0.014463958780141124], [0.9024284144887668, 0.036421154516276935, 0.013337064649243467, 0.013635887819043253, 0.020503074125019102, 0.013674404401650618]], [[0.8890890509316771, 0.04508517888198758, 0.01381412298136646, 0.014218926293995859, 0.023521617805383022, 0.014271103105590061], [0.8001994239004739, 0.10097132290025874, 0.03598008844256413, 0.019814238992883877, 0.028250150734463714, 0.014784775029355667], [0.7958602608771382, 0.12469319023168263, 0.016136908106814493, 0.02132391919254167, 0.027184896002636683, 0.014800825589186127], [0.7492666001661635, 0.167415218572569, 0.016171118737646362, 0.023375655376207213, 0.028926438804234303, 0.014844968343179516], [0.7420732473217712, 0.1743071302923359, 0.016144747110886863, 0.023772000867298915, 0.02889193397351795, 0.014810940434189143], [0.7251301218011347, 0.1884449481862944, 0.016064516839731258, 0.026178576731955013, 0.02947441894784944, 0.014707417493035262], [0.44289290047794033, 0.4621477877832324, 0.016042136463350745, 0.031105321391397732, 0.03313331429901595, 0.014678539585062746], [0.3670003362614715, 0.5280849151417724, 0.015973615724501032, 0.03466996033961632, 0.039681046813235366, 0.014590125719403466], [0.32246866417468684, 0.5623700403082657, 0.015954384575357854, 0.03861461426114772, 0.046026985349677876, 0.01456531133086414], [0.32154408401442885, 0.3387357136064625, 0.01591378088038121, 0.04046250658722987, 0.2682978232449022, 0.01504609166659534], [0.2402455022554951, 0.6532824574480752, 0.014937506754139244, 0.03792084238662903, 0.03982803451128261, 0.013785656644378804], [0.40525371433696433, 0.4903460281669837, 0.014975104198186701, 0.03633705591857051, 0.03925392789890523, 0.013834169480389444], [0.06958483736953654, 0.6147647808282973, 0.014943528575795638, 0.025548420596357726, 0.26092453223475154, 0.014233900395261085], [0.46232005448951796, 0.4406580684002542, 0.014953453646312998, 0.03047658331829948, 0.03778560686406078, 0.013806233281554676], [0.07677415640387074, 0.4549222682684683, 0.014943528575795638, 0.032865415701791065, 0.4062607306548131, 0.014233900395261085], [0.24922173148279272, 0.6372463606540438, 0.014922087390888811, 0.0401841164594944, 0.04465994332302579, 0.01376576068975453], [0.3120411527802696, 0.36787905277296745, 0.01604887672740764, 0.24398142880552956, 0.045362252212957775, 0.014687236700867957], [0.563443442982513, 0.3219937564894951, 0.01602055319689322, 0.044340961637559025, 0.039550595487410876, 0.014650690206128738], [0.4382553307684521, 0.46012778771652746, 0.016094997867729333, 0.03668865213356892, 0.034086483657940946, 0.014746747855781197], [0.5702726965266957, 0.32339445100995423, 0.016071509050631885, 0.03666643781986934, 0.03887846589127337, 0.014716439701575447], [0.5201368153855807, 0.37208631841692746, 0.01599972520010158, 0.03384903640961832, 0.043304289218972905, 0.014623815368799168], [0.10484979143477309, 0.5757392595585027, 0.01592988350910924, 0.034886206056517724, 0.2535286573434007, 0.015066202097696517], [0.10419558289906494, 0.5731821635647517, 0.015933885950275208, 0.034499660083673514, 0.25711750679104073, 0.015071200711193984], [0.546536880936367, 0.34714284092751413, 0.015973615724501032, 0.03346344826192721, 0.04229308843028714, 0.014590125719403466], [0.38033047954984106, 0.5168502203639362, 0.016071509050631885, 0.029988149114925852, 0.04204320221908943, 0.014716439701575445], [0.31086510606589024, 0.5744592536679908, 0.01599972520010158, 0.03384903640961832, 0.050203063287600075, 0.014623815368799168], [0.08716543469640926, 0.5572907190881822, 0.01592988350910924, 0.02725977738981658, 0.2972879832187862, 0.015066202097696517], [0.07813726904767378, 0.29132684973340656, 0.015922655772840317, 0.023025103750058964, 0.5765309462544499, 0.015057175441570451], [0.5840754079872559, 0.30917414154151834, 0.016020553196893224, 0.029896042298693637, 0.04618316476951012, 0.01465069020612874], [0.48796983948688916, 0.4045363789005898, 0.01604887672740764, 0.03702002063157425, 0.039737647552671125, 0.014687236700867957], [0.3676574341429278, 0.5342508228848878, 0.016020553196893224, 0.030306693432456892, 0.03711380613670571, 0.01465069020612874], [0.6400383948014866, 0.26891325663838384, 0.016042136463350745, 0.028074324927906985, 0.03225334758380896, 0.014678539585062746], [0.6520957671867496, 0.25935062087164507, 0.016094997867729333, 0.02606217191085907, 0.03164969430723577, 0.014746747855781197], [0.5828205297107693, 0.31908772731704604, 0.01602055319689322, 0.030306693432456892, 0.0371138061367057, 0.014650690206128738], [0.5255383748945425, 0.3652430990633073, 0.01604887672740764, 0.03458134497143512, 0.043901067642439597, 0.014687236700867957], [0.309723124534527, 0.5803816187599589, 0.015979613510622184, 0.03479531753946842, 0.044522460856359344, 0.014597864799064176], [0.276057832665292, 0.605502598598384, 0.015954384575357854, 0.038034588810760904, 0.049885284019340996, 0.014565311330864139], [0.12427625017660295, 0.5834382108627831, 0.027198465875596517, 0.03354681719796947, 0.21649922102455652, 0.015041034862491504], [0.08491775073205558, 0.1754713667175646, 0.40116661762135325, 0.040481245201953196, 0.282952574093617, 0.015010445633456356], [0.9024284144887668, 0.036421154516276935, 0.013337064649243467, 0.013635887819043253, 0.020503074125019102, 0.013674404401650618]], [[0.8890890509316771, 0.04508517888198758, 0.01381412298136646, 0.014218926293995859, 0.023521617805383022, 0.014271103105590061], [0.050424769336730894, 0.07407711501159586, 0.03255379558086585, 0.01828008503316599, 0.8095820778625319, 0.015082157175109507], [0.059404744088034, 0.17906547209857862, 0.015922655772840317, 0.022824595193727065, 0.7077253574052496, 0.015057175441570451], [0.7442382949826208, 0.16960457417861025, 0.016087739314910067, 0.02581201390941027, 0.029519995634234797, 0.014737381980213935], [0.7346534910530313, 0.18143707314268886, 0.01611939273593524, 0.0241530578374725, 0.028858760122560514, 0.014778225108311461], [0.4537321568612307, 0.45380326801846615, 0.016094997867729333, 0.029093168374349818, 0.03252966102244276, 0.014746747855781197], [0.5737276479280502, 0.3213576034751936, 0.015973615724501032, 0.03466996033961632, 0.039681046813235366, 0.014590125719403466], [0.10762849579424957, 0.3539427126052085, 0.01594663194540175, 0.037118943162679816, 0.47027609742028714, 0.015087119072173276], [0.5317330281201068, 0.3528893557438353, 0.01593578959953868, 0.038922182982307256, 0.04597832574299782, 0.014541317811214273], [0.4363254795849224, 0.4042116757174617, 0.018393005535745372, 0.053412108661843885, 0.0727143684925066, 0.014943362007520108], [0.08404316593329662, 0.4475519042042714, 0.01492655154179867, 0.03552324236925329, 0.4037409159355656, 0.01421422001581446], [0.4014292153826853, 0.4907351085610456, 0.014975104198186701, 0.03633705591857051, 0.04268934645912259, 0.013834169480389444], [0.4674949241770673, 0.4347041864762778, 0.01499237523157939, 0.02937183534129148, 0.039580224086728635, 0.01385645468705552], [0.5242818479351716, 0.38674044065162744, 0.01505410639126702, 0.025852184667784363, 0.03413531254964019, 0.013936107804509266], [0.46375336113066584, 0.27465551957900813, 0.014953453646312998, 0.03047658331829948, 0.20235484904415882, 0.013806233281554676], [0.07876785980072244, 0.4478218951581373, 0.014943528575795638, 0.0354620535936584, 0.408770762476425, 0.014233900395261085], [0.36407156139602714, 0.5229080452159803, 0.01602055319689322, 0.04130356894237551, 0.04104558104259515, 0.014650690206128738], [0.6389223435257663, 0.25822781436384534, 0.016094997867729333, 0.03792161272893664, 0.034086483657940946, 0.014746747855781197], [0.5770992328585632, 0.31470379370673474, 0.016071509050631885, 0.03853055879122127, 0.03887846589127337, 0.014716439701575447], [0.4421694081469318, 0.4612906891942313, 0.016042136463350745, 0.031129089675909154, 0.034690136934514136, 0.014678539585062746], [0.5874452649183655, 0.312703058679036, 0.016020553196893224, 0.029896042298693637, 0.039284390700882944, 0.01465069020612874], [0.31457261093900635, 0.3620112656915525, 0.015922655772840317, 0.0345485828425653, 0.257887709312465, 0.015057175441570451], [0.5528275274591807, 0.33843225164390184, 0.015958808547110962, 0.025862364574855516, 0.05234802809285143, 0.014571019682099489], [0.11989256183048641, 0.5796261749066549, 0.015877823627389362, 0.03778661700723523, 0.23181563765799829, 0.015001184970235799], [0.487330818096619, 0.40202280975127463, 0.01599972520010158, 0.035495800532546966, 0.04452703105065875, 0.014623815368799168], [0.5107609219535162, 0.37930000625439664, 0.015979613510622184, 0.03416649600877584, 0.04519509747362501, 0.014597864799064176], [0.11179681603863222, 0.6040012784599971, 0.015909731845399074, 0.03354681719796947, 0.21970432159551076, 0.015041034862491504], [0.3794558488940797, 0.517780432257448, 0.015973615724501032, 0.031228312742362326, 0.040971664662205615, 0.014590125719403466], [0.6013716510710988, 0.28430525668562423, 0.016071509050631885, 0.031044293813855872, 0.052490849677213715, 0.014716439701575447], [0.04028979140534262, 0.03664652171893147, 0.013256788850174216, 0.013559568563685636, 0.02051767928765002, 0.875729650174216], [0.37621690249170137, 0.5388360455646406, 0.01602055319689322, 0.023946359063814995, 0.030329449476821008, 0.014650690206128738], [0.07132675576607009, 0.2739066241012937, 0.015852879035515348, 0.029932311620880434, 0.594011397586952, 0.01497003188928846], [0.7329442580127639, 0.18818727465230256, 0.016014121757732095, 0.022375022323121645, 0.02583693167997897, 0.014642391574100924], [0.07361119677348915, 0.4877722913771459, 0.01594821860658006, 0.028756935440080733, 0.37882225716336887, 0.015089100639335152], [0.3646169173619742, 0.5394718608972854, 0.01595880854711096, 0.02708842144704511, 0.038292972064484836, 0.014571019682099487], [0.3481969134394794, 0.3545562250693352, 0.015877823627389362, 0.037786617007235235, 0.2285812358863251, 0.015001184970235799], [0.27538826581570386, 0.6031732072787932, 0.01800664129279312, 0.03612462206323954, 0.05268344818067107, 0.014623815368799167], [0.30081743437320835, 0.5742662290899161, 0.027082150777280573, 0.03479531753946842, 0.048441003421062306, 0.014597864799064176], [0.2853246400015353, 0.19402951583792158, 0.41034799525211196, 0.04426663243177538, 0.05161717756990578, 0.014414038906749943], [0.9024284144887668, 0.036421154516276935, 0.013337064649243467, 0.013635887819043253, 0.020503074125019102, 0.013674404401650618]], [[0.8890890509316771, 0.04508517888198758, 0.01381412298136646, 0.014218926293995859, 0.023521617805383022, 0.014271103105590061], [0.05025438158751315, 0.0737768287964292, 0.03248155505593661, 0.0182862355959129, 0.8100951282358269, 0.015105870728381217], [0.7529331003726375, 0.15786477285882547, 0.01604055693691507, 0.02652676033924878, 0.0319583080061462, 0.014676501486226786], [0.7415063985000518, 0.17487397911405525, 0.016144747110886863, 0.023772000867298915, 0.02889193397351795, 0.014810940434189143], [0.7316985208720795, 0.1846818567420276, 0.016144747110886863, 0.023772000867298908, 0.02889193397351794, 0.014810940434189141], [0.523657024179921, 0.39127321940504844, 0.01601412175773209, 0.02367167236768905, 0.030741570715508544, 0.014642391574100924], [0.28561296907466954, 0.26775647639833616, 0.01594663194540175, 0.023000108780511327, 0.39259669472890785, 0.015087119072173276], [0.09505665286400591, 0.5377105290545179, 0.015961646589117397, 0.024134004416196057, 0.31203129634778154, 0.015105870728381217], [0.09935337334191738, 0.5645905248979911, 0.015961646589117397, 0.037407635575015336, 0.26758094886757744, 0.015105870728381217], [0.5263109337901362, 0.35630453398111434, 0.01593578959953868, 0.038922182982307256, 0.04798524183568936, 0.014541317811214273], [0.423674551237652, 0.4710759617901591, 0.014975104198186701, 0.03497152286027864, 0.04146869043333418, 0.013834169480389444], [0.3082966522003471, 0.4318604688676305, 0.015034628947108414, 0.029448212340709844, 0.20144906202828664, 0.0139109756159174], [0.36132181187564494, 0.3866746149717556, 0.01505410639126702, 0.025852184667784363, 0.19716117428903884, 0.013936107804509266], [0.5892999817059277, 0.33004452751117175, 0.015074335152948197, 0.023531394122601475, 0.028087552072185558, 0.013962209435165292], [0.5231629153509595, 0.38587614173828805, 0.015010272551203557, 0.027520706239795634, 0.034550416114682105, 0.013879548005071006], [0.29727955142217505, 0.604340445374496, 0.014953453646312998, 0.03160374993447156, 0.038016566340989766, 0.013806233281554676], [0.6268554675709039, 0.27295383019869507, 0.016094997867729333, 0.035262472848949324, 0.034086483657940946, 0.014746747855781197], [0.3815671246888315, 0.31292905326725556, 0.016071509050631885, 0.23583740740043216, 0.03887846589127337, 0.014716439701575447], [0.5150466765780213, 0.3624326167228552, 0.015954384575357854, 0.04735132658055753, 0.04464968421234395, 0.014565311330864139], [0.09692463360342535, 0.5255817822094159, 0.015937879169226503, 0.031968308348605076, 0.31451120886217826, 0.015076187807148828], [0.4443669554759416, 0.4641983147470966, 0.015993516262399025, 0.025144322553246105, 0.03568108712585962, 0.014615803835457054], [0.5446209914333411, 0.3493322210065071, 0.01602055319689322, 0.03486841162456097, 0.04050713253256879, 0.014650690206128738], [0.2926617138764912, 0.5881730857388293, 0.01604887672740764, 0.042020297053808005, 0.04640878990259587, 0.014687236700867957], [0.2830108747079146, 0.6033435353033408, 0.015979613510622184, 0.038580552052398, 0.044487559626660046, 0.014597864799064176], [0.28814856407373873, 0.5974103356224558, 0.0160270548902092, 0.03737472787485111, 0.046380238050056824, 0.014659079488688252], [0.18520972492035187, 0.6859317197236893, 0.018393005535745372, 0.05451286346126181, 0.04100932435143168, 0.014943362007520108], [0.2811921816725652, 0.6030000770862335, 0.015979613510622184, 0.03581326013170448, 0.04941700279981032, 0.014597864799064176], [0.4682678017769305, 0.4064282424037791, 0.01604887672740764, 0.03389125008861607, 0.06067659230239875, 0.014687236700867957], [0.3599914260163978, 0.5288936260500757, 0.01599972520010158, 0.043971474805537536, 0.036519932559088204, 0.014623815368799167], [0.04016918060046189, 0.036546945958429555, 0.013292257736720554, 0.013593289299461124, 0.020511226173979984, 0.8758871002309468], [0.040068938634796596, 0.03646418662376465, 0.01332173661227304, 0.013621315253198499, 0.020505862866773916, 0.8760179600091932], [0.6042312194270716, 0.3072703566238456, 0.01649625122726503, 0.02504829360712877, 0.03193572696634761, 0.01501815214834138], [0.04013565875028822, 0.036519270463454004, 0.01330211574821305, 0.013602661440319729, 0.02050943263392514, 0.8759308609637999], [0.06686645402556968, 0.27699166724716345, 0.015961646589117397, 0.026741313201994542, 0.5983330482077736, 0.015105870728381217], [0.08428657488225447, 0.5429672342452698, 0.015961646589117397, 0.032923913676103526, 0.3087547598788736, 0.015105870728381217], [0.28172282911443586, 0.5941726057000963, 0.015954384575357854, 0.038034588810760904, 0.05555028046848484, 0.014565311330864139], [0.3096425427589491, 0.37449396522393463, 0.01779296577526311, 0.034909310586139684, 0.24850213616702524, 0.014659079488688252], [0.20670323539246802, 0.6424766529309025, 0.02749614520141655, 0.04184255755671112, 0.06653804691098172, 0.014943362007520108], [0.29260901718253296, 0.1864543117899663, 0.42188531815061797, 0.039474715013027156, 0.0451655463641713, 0.014411091499684076], [0.9024284144887668, 0.036421154516276935, 0.013337064649243467, 0.013635887819043253, 0.020503074125019102, 0.013674404401650618]], [[0.8890890509316771, 0.04508517888198758, 0.01381412298136646, 0.014218926293995859, 0.023521617805383022, 0.014271103105590061], [0.050424769336730894, 0.08532423880358851, 0.05504804316485114, 0.01828008503316599, 0.775840706486554, 0.015082157175109507], [0.059128912710732, 0.18405697654285408, 0.01594663194540175, 0.02280098272399326, 0.7029793770048456, 0.015087119072173276], [0.7331685100769839, 0.18176173350798538, 0.01601412175773209, 0.023671672367689044, 0.030741570715508544, 0.014642391574100924], [0.5348958030983347, 0.3789470660628961, 0.016087739314910067, 0.025812013909410264, 0.02951999563423479, 0.014737381980213935], [0.06571091735293727, 0.17965888616445022, 0.015909731845399074, 0.022837323073657295, 0.7008421067010647, 0.015041034862491504], [0.734534094143904, 0.18039614944106538, 0.01601412175773209, 0.02367167236768905, 0.030741570715508544, 0.014642391574100924], [0.6702668972067192, 0.23124358785194796, 0.015926527732972682, 0.03233991476720139, 0.03569957479577375, 0.01452349764538502], [0.08611708389404851, 0.33967785784306953, 0.015961646589117397, 0.024134004416196057, 0.5190035365291873, 0.015105870728381217], [0.10153610324081357, 0.5542700856229056, 0.01594663194540175, 0.037118943162679816, 0.27604111695602607, 0.015087119072173276], [0.3053040997001338, 0.6002764932702345, 0.014992375231579388, 0.029371835341291473, 0.03619874176970526, 0.013856454687055519], [0.6849612650127961, 0.2265727780973972, 0.01505410639126702, 0.02585218466778437, 0.03362355802624605, 0.013936107804509266], [0.592932013682847, 0.3272277682910334, 0.015074335152948197, 0.023531394122601475, 0.027272279315404643, 0.013962209435165292], [0.5969691662034818, 0.32352522012905743, 0.015048087439498481, 0.024907037013373403, 0.025622147800255707, 0.013928341414332995], [0.055711795420694044, 0.15897736682280386, 0.014943528575795638, 0.020602595034553067, 0.7355308137508922, 0.014233900395261085], [0.06303913615178904, 0.23144785720848277, 0.014943528575795638, 0.0229296664806675, 0.653405911188004, 0.014233900395261085], [0.30168274502200265, 0.6008096914719315, 0.014953453646312998, 0.03284474764253109, 0.0359031289356671, 0.013806233281554676], [0.5899086749254253, 0.3053841452449545, 0.014975104198186701, 0.03855691628117983, 0.03734098986986419, 0.013834169480389444], [0.08388743336272543, 0.27342872679358554, 0.014943528575795638, 0.0354620535936584, 0.5780443572789739, 0.014233900395261085], [0.4216659324938974, 0.4752154826433218, 0.014925635264527573, 0.0361207659175392, 0.03830184508902008, 0.013770338591693992], [0.4394476286455021, 0.28280408741411084, 0.014943528575795638, 0.026412309682362335, 0.222158545286968, 0.014233900395261085], [0.2557242613609281, 0.6420760123879549, 0.014937506754139244, 0.034468622192130254, 0.03900794066046876, 0.013785656644378802], [0.26476120871741293, 0.4728858304194106, 0.014997766578788273, 0.19644681265456262, 0.03704497036501181, 0.013863411264813597], [0.3391447395102945, 0.5417814086224364, 0.01695966493191789, 0.038326801663936476, 0.04968824068453358, 0.014099144586881], [0.23366430964771043, 0.665323120597017, 0.01495842714258424, 0.02765970079044338, 0.044581791125487595, 0.0138126506967572], [0.3890647417937292, 0.49962196465726566, 0.014997766578788273, 0.03008310675967954, 0.052369008945723695, 0.013863411264813597], [0.22680483054658618, 0.4991160897393247, 0.014997766578788273, 0.030083106759679533, 0.21513479511080752, 0.013863411264813597], [0.23322500772235374, 0.6638028740374224, 0.014975104198186701, 0.027360318948122506, 0.04680252561352511, 0.013834169480389444], [0.2761938062775584, 0.47054116133176055, 0.014900842067900962, 0.03280561458867155, 0.19137415905153654, 0.014184416682572015], [0.36432214570219684, 0.31541901643171416, 0.016959664