{"round_id": "b0f9d1bf-4b71-4e6e-816c-19c718d29056", "seed_index": 3, "prediction": [[[0.9024284144887668, 0.036421154516276935, 0.013337064649243467, 0.013635887819043253, 0.020503074125019102, 0.013674404401650618], [0.9024294608695651, 0.036389994508009144, 0.013348163844393591, 0.013646439969488939, 0.020501054767353165, 0.01368488604118993], [0.9024284144887668, 0.036421154516276935, 0.013337064649243467, 0.013635887819043253, 0.020503074125019102, 0.013674404401650618], [0.9024284144887668, 0.036421154516276935, 0.013337064649243467, 0.013635887819043253, 0.020503074125019102, 0.013674404401650618], [0.9024284144887668, 0.036421154516276935, 0.013337064649243467, 0.013635887819043253, 0.020503074125019102, 0.013674404401650618], [0.9024284144887668, 0.036421154516276935, 0.013337064649243467, 0.013635887819043253, 0.020503074125019102, 0.013674404401650618], [0.9024284144887668, 0.036421154516276935, 0.013337064649243467, 0.013635887819043253, 0.020503074125019102, 0.013674404401650618], [0.9024284144887668, 0.036421154516276935, 0.013337064649243467, 0.013635887819043253, 0.020503074125019102, 0.013674404401650618], [0.9024284144887668, 0.036421154516276935, 0.013337064649243467, 0.013635887819043253, 0.020503074125019102, 0.013674404401650618], [0.9024284144887668, 0.036421154516276935, 0.013337064649243467, 0.013635887819043253, 0.020503074125019102, 0.013674404401650618], [0.9024284144887668, 0.036421154516276935, 0.013337064649243467, 0.013635887819043253, 0.020503074125019102, 0.013674404401650618], [0.9024284144887668, 0.036421154516276935, 0.013337064649243467, 0.013635887819043253, 0.020503074125019102, 0.013674404401650618], [0.9024284144887668, 0.036421154516276935, 0.013337064649243467, 0.013635887819043253, 0.020503074125019102, 0.013674404401650618], [0.9024263101702714, 0.03648381868384721, 0.013314743672342384, 0.013614666973462187, 0.020507135143426905, 0.013653325356649792], [0.9024189568865066, 0.036702790957818685, 0.013236745746912141, 0.013540513322457858, 0.02052132587586421, 0.013579667210440457], [0.8893891656031602, 0.04453104709814647, 0.013934632634457612, 0.014330702724602452, 0.023432698065430975, 0.01438175387420237], [0.8891578318912235, 0.04495818170580964, 0.013841741656365883, 0.014244543469303666, 0.023501238978162337, 0.014296462299134734], [0.8890890509316771, 0.04508517888198758, 0.01381412298136646, 0.014218926293995859, 0.023521617805383022, 0.014271103105590061], [0.8890890509316771, 0.04508517888198758, 0.01381412298136646, 0.014218926293995859, 0.023521617805383022, 0.014271103105590061], [0.8890890509316771, 0.04508517888198758, 0.01381412298136646, 0.014218926293995859, 0.023521617805383022, 0.014271103105590061], [0.8890890509316771, 0.04508517888198758, 0.01381412298136646, 0.014218926293995859, 0.023521617805383022, 0.014271103105590061], [0.8890890509316771, 0.04508517888198758, 0.01381412298136646, 0.014218926293995859, 0.023521617805383022, 0.014271103105590061], [0.8890890509316771, 0.04508517888198758, 0.01381412298136646, 0.014218926293995859, 0.023521617805383022, 0.014271103105590061], [0.8890890509316771, 0.04508517888198758, 0.01381412298136646, 0.014218926293995859, 0.023521617805383022, 0.014271103105590061], [0.8890890509316771, 0.04508517888198758, 0.01381412298136646, 0.014218926293995859, 0.023521617805383022, 0.014271103105590061], [0.8890890509316771, 0.04508517888198758, 0.01381412298136646, 0.014218926293995859, 0.023521617805383022, 0.014271103105590061], [0.8890890509316771, 0.04508517888198758, 0.01381412298136646, 0.014218926293995859, 0.023521617805383022, 0.014271103105590061], [0.8890890509316771, 0.04508517888198758, 0.01381412298136646, 0.014218926293995859, 0.023521617805383022, 0.014271103105590061], [0.8890890509316771, 0.04508517888198758, 0.01381412298136646, 0.014218926293995859, 0.023521617805383022, 0.014271103105590061], [0.8890890509316771, 0.04508517888198758, 0.01381412298136646, 0.014218926293995859, 0.023521617805383022, 0.014271103105590061], [0.8890890509316771, 0.04508517888198758, 0.01381412298136646, 0.014218926293995859, 0.023521617805383022, 0.014271103105590061], [0.8890890509316771, 0.04508517888198758, 0.01381412298136646, 0.014218926293995859, 0.023521617805383022, 0.014271103105590061], [0.8890890509316771, 0.04508517888198758, 0.01381412298136646, 0.014218926293995859, 0.023521617805383022, 0.014271103105590061], [0.8890890509316771, 0.04508517888198758, 0.01381412298136646, 0.014218926293995859, 0.023521617805383022, 0.014271103105590061], [0.8890890509316771, 0.04508517888198758, 0.01381412298136646, 0.014218926293995859, 0.023521617805383022, 0.014271103105590061], [0.8890890509316771, 0.04508517888198758, 0.01381412298136646, 0.014218926293995859, 0.023521617805383022, 0.014271103105590061], [0.8890890509316771, 0.04508517888198758, 0.01381412298136646, 0.014218926293995859, 0.023521617805383022, 0.014271103105590061], [0.8890890509316771, 0.04508517888198758, 0.01381412298136646, 0.014218926293995859, 0.023521617805383022, 0.014271103105590061], [0.8890890509316771, 0.04508517888198758, 0.01381412298136646, 0.014218926293995859, 0.023521617805383022, 0.014271103105590061], [0.8890890509316771, 0.04508517888198758, 0.01381412298136646, 0.014218926293995859, 0.023521617805383022, 0.014271103105590061]], [[0.9024294608695651, 0.036389994508009144, 0.013348163844393591, 0.013646439969488939, 0.020501054767353165, 0.01368488604118993], [0.7938884218425424, 0.1041699354235653, 0.03532082547666087, 0.027245390844721308, 0.02452303655250369, 0.01485238986000632], [0.7470641961472771, 0.12882545851865168, 0.05896828925395498, 0.021229867210491457, 0.029203227953190608, 0.01470896091643413], [0.05851230706105368, 0.11205708928844182, 0.34561406304044157, 0.02258654188258505, 0.44624329715574074, 0.014986701571737045], [0.7413108350873304, 0.1257363438956993, 0.0695438066092803, 0.018782255998853713, 0.03010878868176707, 0.014517969727069181], [0.05866004004334284, 0.1124070688513821, 0.12960769500660002, 0.02259857792369019, 0.6617565862856963, 0.01497003188928846], [0.6493548476087795, 0.1831588829358179, 0.089205172580382, 0.025373454002986736, 0.038389775202978586, 0.014517867669055367], [0.383084834597921, 0.39330224273257575, 0.14294840743517603, 0.024925405367460823, 0.04122467884712584, 0.014514431019740601], [0.5599635724449137, 0.20030131393892095, 0.16374511806032135, 0.022262004589526242, 0.0392672101406606, 0.014460780825657292], [0.36355378025656376, 0.1962490048177228, 0.36409156016026456, 0.022477738877035018, 0.03921682438872971, 0.014411091499684076], [0.5363059316400962, 0.17993473021684608, 0.1870479403333953, 0.024341149024885343, 0.05790946795911978, 0.014460780825657292], [0.5767289371950699, 0.18781628095189648, 0.15180750536775292, 0.024925405367460823, 0.044207440098079316, 0.014514431019740601], [0.5785130776758994, 0.1858583958107305, 0.15198125002808935, 0.024925405367460823, 0.044207440098079316, 0.014514431019740601], [0.6318955369498056, 0.17896614876700326, 0.10787445615721707, 0.025373454002986736, 0.04137253645393207, 0.014517867669055367], [0.47842732828475143, 0.15139319839320528, 0.30472433863702647, 0.021851095100850162, 0.029054414191588024, 0.014549625392578477], [0.07367500919987585, 0.12920060361939584, 0.13225782485961418, 0.02623514785240734, 0.6224318321447856, 0.016199582323921092], [0.6197140915728038, 0.1817062225068184, 0.11870769174101452, 0.024886517665616475, 0.03938079477036851, 0.015604681743378472], [0.6365457978910204, 0.17935031140940652, 0.10827570137009386, 0.028003383342900375, 0.032244370644692745, 0.01558043534188601], [0.5684976783850518, 0.21401914818938148, 0.12021647704177266, 0.032787265908114135, 0.04898425759918514, 0.015495172876494637], [0.5468996671953265, 0.2275455540077709, 0.12836557607424884, 0.030081085906381956, 0.05168676894427784, 0.015421347871993802], [0.09192039040584175, 0.2699344820222137, 0.2658569193261723, 0.05333296317396524, 0.30275566274788585, 0.016199582323921092], [0.5545808249619286, 0.2292493000318261, 0.09854677148331345, 0.030134159625171436, 0.0720873657257815, 0.015401578171978864], [0.6705431679036391, 0.17558587158812902, 0.08079835052109288, 0.021180689724040226, 0.03646590858259481, 0.015426011680504052], [0.07404801068240242, 0.1485966807107779, 0.1052347884418785, 0.020515791786999808, 0.6354051460540202, 0.016199582323921092], [0.7525063522032243, 0.12849530944138216, 0.05371373307592201, 0.021546946326907273, 0.029097927824539675, 0.014639731128024434], [0.7498600691210213, 0.12979613429829218, 0.05492850702895138, 0.021837633708991947, 0.029001392237217746, 0.014576263605525414], [0.06566469471088703, 0.1681662718349477, 0.3921444830952295, 0.025120253604006094, 0.33393426486564126, 0.01497003188928846], [0.5823312246093507, 0.19450944917283003, 0.11094848787276289, 0.02993735027323039, 0.06780952929168498, 0.014463958780141124], [0.5520502276607613, 0.165035714619435, 0.19329639659968387, 0.027269656295783228, 0.047933965917586585, 0.014414038906749943], [0.09784931668397245, 0.17475552526207405, 0.4667406267181694, 0.04658910745016633, 0.1990549782521615, 0.015010445633456358], [0.34584623053860575, 0.14796344556194035, 0.23185011733347646, 0.04629966080755867, 0.21298337031684833, 0.015057175441570451], [0.6504956432222357, 0.195068900113017, 0.08132669394571648, 0.022577221125766295, 0.03621554042951329, 0.014316001163751067], [0.09723585819257856, 0.14004160323390094, 0.14163025743644034, 0.02504036179389428, 0.5810200163908987, 0.015031902952287226], [0.7262839606558841, 0.14272027392734113, 0.0629297625369008, 0.023443244534018495, 0.03010143711058965, 0.014521321235265701], [0.6662663632755378, 0.1603986650687746, 0.09561361347603473, 0.02737738958321679, 0.03577143325814406, 0.01457253533829214], [0.37889852480281255, 0.3845709403433683, 0.1428333870319221, 0.029937350273230384, 0.04929583876852548, 0.014463958780141124], [0.33260126857167094, 0.19624262058251818, 0.3920590723202236, 0.022262004589526242, 0.04237425311040379, 0.014460780825657292], [0.33230063753776895, 0.3925370457989017, 0.19594961892813734, 0.022477738877035018, 0.042323867358472905, 0.014411091499684076], [0.5428484137982125, 0.22322919798321908, 0.14877012008578247, 0.027463291559812364, 0.043228195747316435, 0.014460780825657292], [0.8890890509316771, 0.04508517888198758, 0.01381412298136646, 0.014218926293995859, 0.023521617805383022, 0.014271103105590061]], [[0.9024284144887668, 0.036421154516276935, 0.013337064649243467, 0.013635887819043253, 0.020503074125019102, 0.013674404401650618], [0.7443860928845132, 0.12882545851865163, 0.061646392516718836, 0.02122986721049145, 0.0292032279531906, 0.01470896091643413], [0.5313812441278364, 0.38230103161335005, 0.016144747110886863, 0.024679788214829267, 0.030682248498908243, 0.014810940434189143], [0.7244045940275686, 0.1878275476844803, 0.016014121757732095, 0.024579459715219406, 0.03253188524089885, 0.014642391574100926], [0.6558392373085332, 0.24961272149761715, 0.016042136463350745, 0.031157260197335633, 0.032670104948100374, 0.014678539585062746], [0.6518802577610048, 0.2535717010451457, 0.016042136463350745, 0.031157260197335633, 0.032670104948100374, 0.014678539585062746], [0.380312913992022, 0.5185589678327932, 0.016071509050631885, 0.033481735518117756, 0.03685843390485961, 0.014716439701575447], [0.32820880114073187, 0.5609642171819733, 0.016048876727407645, 0.03752662088497766, 0.042564247364041775, 0.014687236700867959], [0.3233318618799885, 0.5643814404804954, 0.0186104892556948, 0.03648143338363011, 0.04253569551150272, 0.014659079488688252], [0.20722664790531878, 0.6340401297854302, 0.02288445295037663, 0.04467438029287778, 0.07623102705847647, 0.014943362007520108], [0.3085432790792284, 0.5733680504498337, 0.01847693529818989, 0.04379426130989088, 0.0411583943741688, 0.014659079488688252], [0.48676415583864274, 0.3928225072643127, 0.01604887672740764, 0.04472491192051954, 0.044952311548249274, 0.014687236700867957], [0.28804994701951625, 0.5977378343429117, 0.015999725200101584, 0.040518125372359465, 0.043070552696312166, 0.014623815368799168], [0.07927854475256929, 0.5535802743341215, 0.015961646589117397, 0.03018072604813512, 0.30589293754767544, 0.015105870728381217], [0.4222311655632457, 0.47244262925261077, 0.026564641546265, 0.028661677240949444, 0.03548408256147197, 0.014615803835457054], [0.6336456465169253, 0.24881097513327094, 0.02538706359061233, 0.034523604023401655, 0.0417695825958708, 0.015863128139918994], [0.6353988257683125, 0.2511721166227778, 0.017654750892793877, 0.032069877557118334, 0.04779036805910997, 0.01591406109988746], [0.5344748102412242, 0.3490066211778702, 0.01761460479915762, 0.03466409602541696, 0.0483835000661596, 0.015856367690171243], [0.46429372793255913, 0.4152638194425529, 0.017583973306852085, 0.0403194424403132, 0.046722193697810666, 0.015816843179911878], [0.44834407504907, 0.4306092654707016, 0.017517522372552483, 0.04019932701598171, 0.04759871006161876, 0.015731100030075378], [0.13337857886180204, 0.4726566969678751, 0.017379814029059387, 0.03429456643196569, 0.32606121906836655, 0.016229124640931052], [0.47180258738984104, 0.41393063495664006, 0.0173859134570958, 0.031797681828227294, 0.049554169505129274, 0.015529012863066368], [0.09663042682654419, 0.3682433259361018, 0.017379814029059387, 0.028745744489707695, 0.4727715640776556, 0.016229124640931052], [0.07149250744825329, 0.2534560174649616, 0.017360992420634477, 0.024124140892643184, 0.6173667594495862, 0.016199582323921092], [0.7324275614259843, 0.18210987806942774, 0.016064516839731258, 0.02465476523359939, 0.030035860938222095, 0.014707417493035262], [0.6620765657712937, 0.24552642278314052, 0.016042136463350745, 0.027715612600081638, 0.033960722797070624, 0.014678539585062747], [0.5853503139143975, 0.3122972377821077, 0.015973615724501032, 0.03128025154830023, 0.040508455311290034, 0.014590125719403466], [0.5308825232419813, 0.3641524999645647, 0.01604887672740764, 0.03270948526828127, 0.041519378096897146, 0.014687236700867957], [0.3273392996367401, 0.5674462888570182, 0.0160270548902092, 0.03303745088298583, 0.041490826244358105, 0.014659079488688252], [0.42983330446475626, 0.4347270505920839, 0.01839300553574537, 0.040734836185468436, 0.06136844121442597, 0.014943362007520108], [0.3212178118557694, 0.5683740438405024, 0.01593578959953868, 0.03486398383989429, 0.04506705305308108, 0.014541317811214273], [0.3357783831911792, 0.34074917470457106, 0.01594663194540175, 0.02858118614201069, 0.2638575049446641, 0.015087119072173276], [0.5714051257791898, 0.3330949230250474, 0.01595880854711096, 0.02714036025298302, 0.03782976271356926, 0.014571019682099487], [0.07143981435225201, 0.27091166541040673, 0.01589098449192971, 0.031278670787854915, 0.595461243499587, 0.015017621457969619], [0.5751923041746787, 0.3242151809522405, 0.015973615724501032, 0.03169090268206349, 0.0383378707471128, 0.014590125719403466], [0.11930650777454972, 0.3494926962583638, 0.015877823627389362, 0.031971875901085176, 0.4683499114683762, 0.015001184970235799], [0.5155367859392588, 0.3641407240801858, 0.025850135276365864, 0.03486398383989428, 0.04506705305308107, 0.014541317811214271], [0.4186860600377034, 0.4337922517442451, 0.02887271754110341, 0.04017590012462685, 0.06352970854480099, 0.014943362007520108], [0.3393085220178526, 0.18914819551657813, 0.39233058473037713, 0.022477738877035018, 0.042323867358472905, 0.014411091499684076], [0.8890890509316771, 0.04508517888198758, 0.01381412298136646, 0.014218926293995859, 0.023521617805383022, 0.014271103105590061]], [[0.9024284144887668, 0.036421154516276935, 0.013337064649243467, 0.013635887819043253, 0.020503074125019102, 0.013674404401650618], [0.058383949747679395, 0.11175301070193498, 0.12551865823908995, 0.02257608440805242, 0.6667671119330075, 0.015001184970235799], [0.7220215484739811, 0.18066348178710206, 0.020937915366418536, 0.028144887486034983, 0.03361024955917778, 0.014621917327285607], [0.06825545051117793, 0.2673857386637818, 0.019196001744645766, 0.027681936501619576, 0.6023917719394398, 0.015089100639335152], [0.10095612645892367, 0.5631815870457766, 0.015885238735542227, 0.02250279960551924, 0.2824638025207819, 0.015010445633456356], [0.649246180389347, 0.25620577841680336, 0.016042136463350745, 0.031157260197335633, 0.032670104948100374, 0.014678539585062746], [0.6409140969251061, 0.2644579364069706, 0.016094997867729333, 0.031719769272885424, 0.03206645167152718, 0.014746747855781197], [0.45361732894108026, 0.4467859116774239, 0.015034628947108414, 0.03525722642769725, 0.03539392839077278, 0.0139109756159174], [0.4325550161125473, 0.4660230145216989, 0.014975104198186701, 0.0350617014844137, 0.03755099420276398, 0.013834169480389444], [0.4273444796798172, 0.47106486549032084, 0.015852115797415522, 0.03489581289376809, 0.03697931487386468, 0.013863411264813597], [0.23529222137436603, 0.4945676891625058, 0.015015861726522087, 0.20225424180707238, 0.03898322608460139, 0.013886759844932253], [0.22995056469796565, 0.6653744206115257, 0.014975104198186703, 0.038442910787476275, 0.037422830224456194, 0.013834169480389444], [0.41490782785394603, 0.4836613276446945, 0.01495842714258424, 0.03524380209313314, 0.03741596456888486, 0.0138126506967572], [0.0770034304984687, 0.6444483757764997, 0.014943528575795638, 0.028328140598026547, 0.22104262415594825, 0.014233900395261085], [0.06744729422556506, 0.4530777334059318, 0.014943528575795638, 0.02673430224484829, 0.423563241152598, 0.014233900395261085], [0.6214910315538138, 0.27470020939957346, 0.01604213646335074, 0.031181028481847055, 0.04190705451635201, 0.014678539585062746], [0.4186861469628344, 0.2799278406767779, 0.016094997867729333, 0.02916887546479914, 0.241375391172078, 0.014746747855781197], [0.3585621969128807, 0.5309414022561918, 0.016071509050631885, 0.03350550380262918, 0.04620294827609099, 0.014716439701575447], [0.4860806191556031, 0.39399353851227037, 0.01604887672740764, 0.04206908709995904, 0.047120641803891875, 0.014687236700867957], [0.2840824826995739, 0.5981600052239421, 0.01604887672740764, 0.04206908709995904, 0.044952311548249274, 0.014687236700867957], [0.2999753319336944, 0.5915029883546551, 0.01593578959953868, 0.03423516230920171, 0.04380940999169593, 0.014541317811214273], [0.10766473891048935, 0.5776828076408024, 0.015839430235650005, 0.032108915306642026, 0.25175087210475133, 0.01495323580166491], [0.4717485365914911, 0.40738266417442237, 0.017415448115804234, 0.03779631300002193, 0.05008371411040142, 0.015573324007858973], [0.5746235659431945, 0.31824032010864284, 0.017536772517194227, 0.03283305159291056, 0.04101629943724097, 0.015749990400816854], [0.7297494581632203, 0.18478798133219165, 0.016064516839731258, 0.02465476523359939, 0.030035860938222095, 0.014707417493035262], [0.056406167006566595, 0.4168804013760433, 0.015885238735542227, 0.02028469025312156, 0.47553305699527, 0.015010445633456356], [0.07592269568545063, 0.5045388509187442, 0.019193054205183642, 0.024506891072372413, 0.3608116950017201, 0.015026813116528995], [0.382701896219669, 0.5178576979227101, 0.01602055319689322, 0.029947981104631538, 0.038821181349967364, 0.014650690206128738], [0.5171001996360117, 0.37793482357053415, 0.01604887672740764, 0.03270948526828127, 0.041519378096897146, 0.014687236700867957], [0.3205782366957379, 0.5742073517980204, 0.0160270548902092, 0.03303745088298583, 0.041490826244358105, 0.014659079488688252], [0.5189745988606709, 0.3737291550063781, 0.01599972520010158, 0.03323481976784962, 0.04343788579620077, 0.014623815368799168], [0.09389794966587167, 0.32405138177255177, 0.015885238735542227, 0.03431248030178259, 0.5168425038907953, 0.015010445633456356], [0.437248657824258, 0.47211426416059005, 0.01604213646335074, 0.028126263733844893, 0.03179013823289338, 0.014678539585062746], [0.7150325373239724, 0.19751181285628627, 0.016064516839731258, 0.027850580859620964, 0.028833134627353756, 0.014707417493035262], [0.6480967986658743, 0.26376085993749804, 0.016094997867729333, 0.02611411071679698, 0.031186484956320197, 0.014746747855781197], [0.5747602597380574, 0.3246472253888616, 0.015973615724501032, 0.03169090268206349, 0.0383378707471128, 0.014590125719403466], [0.11493995524358094, 0.5727569890001352, 0.01594663194540175, 0.02858118614201069, 0.2526881185966981, 0.015087119072173274], [0.31867445592698107, 0.5661486074028125, 0.02070458196601681, 0.03486398383989428, 0.04506705305308107, 0.014541317811214271], [0.5338716335510527, 0.19660648989604215, 0.17679717246304213, 0.027269656295783228, 0.051041008887329785, 0.014414038906749943], [0.8890890509316771, 0.04508517888198758, 0.01381412298136646, 0.014218926293995859, 0.023521617805383022, 0.014271103105590061]], [[0.9024284144887668, 0.036421154516276935, 0.013337064649243467, 0.013635887819043253, 0.020503074125019102, 0.013674404401650618], [0.5224584564872279, 0.1287385805634967, 0.2823222880778008, 0.018782680079403702, 0.03317667355680521, 0.014521321235265703], [0.06830621205225802, 0.25861517302362086, 0.01591378088038121, 0.03153591685543575, 0.6105828255217087, 0.01504609166659534], [0.4237511165780896, 0.48342418364833956, 0.019192724067880963, 0.02691206925667365, 0.03217778950362621, 0.014542116945390138], [0.040436386432748536, 0.03676754994152047, 0.013213678596491227, 0.013518583079922028, 0.020525522651072124, 0.8755382792982457], [0.5940552950315116, 0.2900682194096687, 0.016071509050631885, 0.03661702465240688, 0.048471512154205504, 0.014716439701575447], [0.38013676604798075, 0.513866103605807, 0.016071509050631885, 0.03835074768914534, 0.03685843390485961, 0.014716439701575447], [0.43361548703430375, 0.2997428365426855, 0.014975104198186701, 0.1993883803970337, 0.03844402234740099, 0.013834169480389444], [0.08818195486724104, 0.6215362093135166, 0.014943528575795638, 0.027598191330852895, 0.23350621551733258, 0.014233900395261085], [0.24342387611157898, 0.6487648724793849, 0.014937506754139244, 0.03905004916633574, 0.040038038844182396, 0.013785656644378802], [0.2292806513263287, 0.666262705529413, 0.014975104198186701, 0.03822453924122608, 0.037422830224456194, 0.013834169480389444], [0.08294877200746714, 0.28380390006946327, 0.014928255063679173, 0.030659965133233748, 0.5734429129274083, 0.01421619479874827], [0.16712525024739744, 0.7004059739164544, 0.01695966493191789, 0.03703135501359934, 0.06437861130374986, 0.014099144586881], [0.4200672726968515, 0.476252746035089, 0.014922087390888811, 0.0352917069553791, 0.03970042623203715, 0.01376576068975453], [0.5926785553689988, 0.30709963775180416, 0.014975104198186703, 0.03500362741724019, 0.03640890578338083, 0.013834169480389444], [0.36876712534512085, 0.5258113283995061, 0.01607150905063189, 0.033505503802629184, 0.04112809370053677, 0.014716439701575448], [0.3601511011070642, 0.531274776401841, 0.016071509050631885, 0.03350550380262918, 0.04428066993625811, 0.014716439701575445], [0.2789086472015407, 0.6033768801827345, 0.01599972520010158, 0.04051812537235946, 0.04657280667446469, 0.014623815368799168], [0.4823409833499724, 0.39965206986075613, 0.0160270548902092, 0.04239705271466361, 0.044923759695710226, 0.014659079488688252], [0.27911844830151167, 0.6045695383566234, 0.015979613510622184, 0.04083558497151698, 0.04489895006066147, 0.014597864799064176], [0.2232667925898721, 0.6394559753182673, 0.01839300553574537, 0.04831488317385879, 0.05562598137473631, 0.014943362007520108], [0.521469266165517, 0.37288902637766497, 0.01597961351062218, 0.03292345783631456, 0.04214077131081691, 0.014597864799064175], [0.41579064760366774, 0.4606324424210867, 0.017546716002029183, 0.03936477393538782, 0.050901852647120334, 0.01576356739070811], [0.49031732282400203, 0.39428705008198045, 0.017592603074327695, 0.0357223000339099, 0.04624685362763187, 0.015833870358148115], [0.6547822768800727, 0.25531544829288555, 0.016094997867729333, 0.025703459583033716, 0.03335706952049743, 0.014746747855781197], [0.7286645937521876, 0.18587284574322444, 0.016064516839731258, 0.02465476523359939, 0.030035860938222095, 0.014707417493035262], [0.7266576776594961, 0.18787976183591595, 0.016064516839731258, 0.02465476523359939, 0.030035860938222095, 0.014707417493035262], [0.6480065273120221, 0.2620911978609362, 0.016094997867729333, 0.025703459583033716, 0.03335706952049743, 0.014746747855781197], [0.3772420720706545, 0.5233175220717247, 0.01602055319689322, 0.029947981104631538, 0.038821181349967364, 0.014650690206128738], [0.322026888322762, 0.573008134883784, 0.01604887672740764, 0.03270948526828127, 0.041519378096897146, 0.014687236700867957], [0.5620391399539101, 0.34074370504960283, 0.016071509050631885, 0.030450739054627016, 0.03597846718965262, 0.014716439701575447], [0.43357985218002043, 0.4757830698048276, 0.01604213646335074, 0.028126263733844893, 0.03179013823289338, 0.014678539585062746], [0.7057606892612158, 0.20678366091904288, 0.016064516839731258, 0.027850580859620964, 0.028833134627353756, 0.01470741749303526], [0.7143511464216176, 0.20099851138531918, 0.016144747110886863, 0.02544400499496486, 0.028250649653022257, 0.014810940434189141], [0.7198189510941142, 0.19272539908614444, 0.016064516839731258, 0.027850580859620964, 0.028833134627353756, 0.01470741749303526], [0.6492486065451651, 0.260114315439683, 0.01604213646335074, 0.028126263733844893, 0.03179013823289338, 0.014678539585062746], [0.08306130786255687, 0.5666680890179274, 0.015961646589117397, 0.031300197311896726, 0.28790288849012025, 0.015105870728381217], [0.11002084446451754, 0.5858432790687099, 0.015961646589117397, 0.02890699923704477, 0.24416135991222915, 0.015105870728381217], [0.09463086858699847, 0.41501795201853364, 0.17452627261380343, 0.04289199287349524, 0.2579061007906401, 0.015026813116528995], [0.8890890509316771, 0.04508517888198758, 0.01381412298136646, 0.014218926293995859, 0.023521617805383022, 0.014271103105590061]], [[0.9024284144887668, 0.036421154516276935, 0.013337064649243467, 0.013635887819043253, 0.020503074125019102, 0.013674404401650618], [0.6616121981963176, 0.1589994458915784, 0.09211030574505498, 0.02737738958321679, 0.045328125245540106, 0.014572535338292138], [0.5704938793808646, 0.31662432227708026, 0.020162775869639278, 0.03472189914555423, 0.04340699760745804, 0.014590125719403466], [0.09078924789864004, 0.35856991211195105, 0.015877823627389362, 0.26806206856511755, 0.2516997628266663, 0.015001184970235799], [0.040436386432748536, 0.03676754994152047, 0.013213678596491227, 0.013518583079922028, 0.020525522651072124, 0.8755382792982457], [0.36696098251983333, 0.5188385494871547, 0.01599972520010158, 0.04259582485886194, 0.040981102565249325, 0.014623815368799167], [0.49178545211019864, 0.39510105692302383, 0.01604887672740764, 0.043709889974998056, 0.03866748756350385, 0.014687236700867957], [0.27333854543626235, 0.6188131160530694, 0.014997766578788273, 0.038954325303612855, 0.04003283536345338, 0.013863411264813597], [0.4297650731303116, 0.29947834773338666, 0.014937506754139244, 0.20124187283880474, 0.04079154289897896, 0.013785656644378802], [0.25824938407562514, 0.46814776794117696, 0.014943528575795638, 0.02427081749487435, 0.22015460151726676, 0.014233900395261085], [0.6185158926496789, 0.2862982546101829, 0.01499237523157939, 0.031283049369780665, 0.03505397345172281, 0.013856454687055519], [0.22777529506494645, 0.6645312381872684, 0.014937506754139244, 0.036890087773032106, 0.04208021557623497, 0.013785656644378802], [0.22802031952979668, 0.5026058495258463, 0.01495842714258424, 0.03556954579232053, 0.2050332073126948, 0.0138126506967572], [0.0946816225015593, 0.6508372074316547, 0.014943528575795638, 0.030487919711526305, 0.19481582138420284, 0.014233900395261085], [0.6301217448746553, 0.27344554253065256, 0.01499237523157939, 0.03255151362492293, 0.03503236905113428, 0.01385645468705552], [0.3701816211318762, 0.5245262354074439, 0.016071509050631885, 0.03608893816811478, 0.038415256540357795, 0.014716439701575447], [0.5072160383507239, 0.3796399412038356, 0.01599972520010158, 0.03887136124943081, 0.043649118627108914, 0.014623815368799168], [0.09961991340441104, 0.34648440768045496, 0.015877823627389362, 0.03524560170645655, 0.4877710686110523, 0.015001184970235799], [0.15702564898965907, 0.7132226586759958, 0.01839300553574537, 0.03937190867772736, 0.057043416113352105, 0.014943362007520108], [0.11438222001481892, 0.359236400179283, 0.015877823627389362, 0.035080575921177595, 0.4604217952870954, 0.015001184970235799], [0.4877057133129389, 0.40028081929747616, 0.015979613510622184, 0.034570221959243204, 0.046865767120655294, 0.014597864799064176], [0.510050239398474, 0.3781251796671264, 0.01604887672740764, 0.03580372408768527, 0.045284743418438585, 0.014687236700867957], [0.49399133529801453, 0.390613037607968, 0.017592603074327695, 0.0357223000339099, 0.04624685362763187, 0.015833870358148115], [0.5643637756949069, 0.3320187188123184, 0.01762308900563623, 0.03009382785205148, 0.040027381587340004, 0.015873207047746904], [0.5262067042676369, 0.39084622943606634, 0.01611939273593524, 0.022629246339116872, 0.02942020211293317, 0.014778225108311463], [0.7290961102048434, 0.1882466369172467, 0.016144747110886863, 0.022248189368943287, 0.029453375963890596, 0.014810940434189143], [0.7322522022012998, 0.18255303646791393, 0.016087739314910067, 0.024288202411054644, 0.03008143762460745, 0.014737381980213935], [0.724930697953372, 0.19096191513958025, 0.01601412175773209, 0.022147860869333416, 0.0313030127058812, 0.014642391574100924], [0.07541882799263111, 0.4988632878539793, 0.01590241983110871, 0.025405074871258863, 0.3693784864987349, 0.015031902952287226], [0.5671586891753886, 0.33048886252111664, 0.015973615724501032, 0.03128025154830023, 0.040508455311290034, 0.014590125719403466], [0.4318787856934797, 0.47997887290989255, 0.016094997867729333, 0.02611411071679698, 0.03118648495632019, 0.014746747855781197], [0.7017468570758326, 0.210797493104426, 0.016064516839731258, 0.027850580859620964, 0.028833134627353756, 0.01470741749303526], [0.06153548976764863, 0.4321899203963206, 0.015911352587518694, 0.020278117212002476, 0.45504206104346895, 0.015043058993040613], [0.5184126213385427, 0.3959927315542031, 0.016057602958017555, 0.024624479154291966, 0.030214068640520585, 0.014698496354424072], [0.061479557708373295, 0.20899682813386042, 0.0158794741317814, 0.02119620030165715, 0.6774446934537031, 0.015003246270624628], [0.71320653540732, 0.20069298837047922, 0.016014121757732095, 0.025343676495354996, 0.030100286395012867, 0.014642391574100924], [0.06777557711607367, 0.2905281130160804, 0.015948218606580064, 0.03019263410480512, 0.5804663565171256, 0.015089100639335152], [0.3536605591709333, 0.5457469259559857, 0.015973615724501032, 0.03169090268206349, 0.0383378707471128, 0.014590125719403466], [0.6497956378516918, 0.1736155281856855, 0.09892486010504074, 0.025373454002986736, 0.037772652185539934, 0.014517867669055367], [0.8890890509316771, 0.04508517888198758, 0.01381412298136646, 0.014218926293995859, 0.023521617805383022, 0.014271103105590061]], [[0.9024284144887668, 0.036421154516276935, 0.013337064649243467, 0.013635887819043253, 0.020503074125019102, 0.013674404401650618], [0.39338440331222324, 0.1758579325749694, 0.142948407435176, 0.02492540536746082, 0.24836942029042983, 0.0145144310197406], [0.3380055263203711, 0.544420751147772, 0.01604887672740764, 0.03615346776892554, 0.050684141334655895, 0.014687236700867957], [0.5202202657863232, 0.36002720947965605, 0.015979613510622184, 0.03636744033695884, 0.05280760608737558, 0.014597864799064176], [0.16675412348726046, 0.35195917916219555, 0.019833092276463078, 0.043787566186072255, 0.40187448608027065, 0.015791552807738037], [0.3853379746578501, 0.31680035320940403, 0.015889344765056778, 0.025513485474795462, 0.24144326827536414, 0.01501557361752942], [0.046200712849162016, 0.041819630167597766, 0.013693149720670391, 0.014057246554934823, 0.022424471880819367, 0.8618047888268155], [0.3699678636240603, 0.2608477109882306, 0.017409582664890358, 0.042373089626907195, 0.2950376133034138, 0.01436413979249755], [0.42931636433109377, 0.4613038778377924, 0.014922087390888811, 0.03831797424379698, 0.042373935506673496, 0.01376576068975453], [0.26939272767233297, 0.46912872266388095, 0.014943528575795638, 0.02758319471384891, 0.20471792597888033, 0.014233900395261085], [0.27451588908935654, 0.6277365690712263, 0.014953453646312998, 0.03237307569068035, 0.03661477922086921, 0.013806233281554676], [0.09722201695846229, 0.6432160240609458, 0.014943528575795638, 0.030487919711526305, 0.1998966102980089, 0.014233900395261085], [0.22678114254214288, 0.6608743138897826, 0.01495842714258424, 0.03729361812296936, 0.04627984760576372, 0.013812650696757202], [0.3950027932026892, 0.49227463528455545, 0.014937506754139244, 0.040005503948220576, 0.04399390416601674, 0.013785656644378804], [0.4659253697188338, 0.2760066917064163, 0.015034628947108414, 0.19555977782930212, 0.033562556182421925, 0.0139109756159174], [0.425751590262911, 0.47601913250678407, 0.016094997867729333, 0.03376425719976897, 0.033623274307025365, 0.014746747855781197], [0.5600928267205193, 0.33480486707491547, 0.01602055319689322, 0.03534367666504777, 0.039087386136495296, 0.014650690206128738], [0.3072930520820145, 0.5762467148663524, 0.015954384575357854, 0.04019295660031594, 0.045747580545095166, 0.01456531133086414], [0.09935751181850876, 0.5575294586833694, 0.01588934476505678, 0.03519377029900552, 0.2770143408165302, 0.01501557361752942], [0.2735794129575739, 0.40220331421394157, 0.015954384575357854, 0.04242809211988083, 0.2512694848023816, 0.014565311330864139], [0.3015011708405527, 0.5801479431789052, 0.01604887672740764, 0.03580372408768527, 0.05181104846458119, 0.014687236700867957], [0.5911595964925115, 0.3076949848249449, 0.01607150905063189, 0.030040087920863753, 0.04031738200947247, 0.014716439701575448], [0.5735455872944917, 0.3195990102650206, 0.017554480648898946, 0.0327053837429037, 0.04081085792194792, 0.015784680126737217], [0.6623786212523942, 0.24303097788190411, 0.017654750892793877, 0.026103833234909626, 0.03491775563811046, 0.01591406109988746], [0.7275984771787408, 0.18974426994334925, 0.016144747110886863, 0.022248189368943287, 0.029453375963890603, 0.014810940434189143], [0.7326934073068909, 0.1823899001296618, 0.01611185232823963, 0.023907582595204563, 0.030128762091007566, 0.01476849554899544], [0.056406167006566595, 0.18694870546961054, 0.015885238735542227, 0.02028469025312156, 0.7054647529017027, 0.015010445633456356], [0.05562655460340559, 0.19272638330262998, 0.01595928454189215, 0.020266052400296462, 0.7003188043633568, 0.015102920788419034], [0.7294977562919966, 0.1810738423117968, 0.01596077011180909, 0.025723421985976373, 0.033173165363347475, 0.014571043935073627], [0.07514325147926193, 0.4927718247052015, 0.01594663194540175, 0.024436467384865556, 0.37661470541309605, 0.015087119072173276], [0.5055641819110608, 0.4069801682691979, 0.016064516839731258, 0.027850580859620964, 0.028833134627353756, 0.01470741749303526], [0.7031470095649808, 0.20966513978907977, 0.016087739314910067, 0.027484018037076216, 0.028878711313739112, 0.014737381980213935], [0.06156029202299448, 0.43667848672091086, 0.01592988350910924, 0.020959291841642275, 0.4498058438076465, 0.015066202097696517], [0.7183412368573433, 0.194748981264056, 0.01611185232823963, 0.027103398221226135, 0.028926035780139227, 0.014768495548995439], [0.71701545166327, 0.19713242627047906, 0.016035470344591764, 0.02499056188940745, 0.030156151691632146, 0.01466993814061951], [0.7099540916365035, 0.20259025854375526, 0.016064516839731258, 0.027850580859620964, 0.028833134627353756, 0.01470741749303526], [0.5004522744591638, 0.41344724931863547, 0.016014121757732095, 0.025343676495354996, 0.030100286395012867, 0.014642391574100924], [0.4296608035589543, 0.4821968550444179, 0.016094997867729333, 0.02611411071679698, 0.03118648495632019, 0.014746747855781197], [0.7372859535701127, 0.14374716840460472, 0.04886035918389562, 0.028495472577641255, 0.02697537377716836, 0.014635672486577376], [0.8890890509316771, 0.04508517888198758, 0.01381412298136646, 0.014218926293995859, 0.023521617805383022, 0.014271103105590061]], [[0.9024284144887668, 0.036421154516276935, 0.013337064649243467, 0.013635887819043253, 0.020503074125019102, 0.013674404401650618], [0.6706798799265562, 0.16035726684748322, 0.08317073677509756, 0.02737738958321679, 0.04384219152935416, 0.014572535338292138], [0.5806458480029693, 0.3149004286189072, 0.016071509050631885, 0.033481735518117756, 0.04018403910779831, 0.014716439701575447], [0.3281767015691705, 0.5581616974483706, 0.01599972520010158, 0.036049980737801315, 0.046988079675756876, 0.014623815368799168], [0.32931245420832905, 0.36099313321862014, 0.015922655772840317, 0.03133830968340285, 0.24737627167523701, 0.01505717544157045], [0.28404695065486335, 0.5813849977352729, 0.01594006815653554, 0.04237742068392428, 0.06170372423891722, 0.014546838530486807], [0.17298997941731006, 0.5300708031028967, 0.01590404736957725, 0.02548788223176468, 0.24051335230771487, 0.015033935570736604], [0.4301280633430388, 0.3006679241461787, 0.014922087390888811, 0.20289225090409893, 0.03762391352604022, 0.01376576068975453], [0.2718397785550045, 0.4655401158039799, 0.014943528575795638, 0.030179832605716238, 0.2032628440642426, 0.014233900395261085], [0.48402623208180173, 0.43423736960071047, 0.014953453646312998, 0.025229582729841937, 0.027747128659778124, 0.013806233281554676], [0.4215872134300746, 0.4754654663694328, 0.014975104198186701, 0.03577385171048199, 0.038364194811434445, 0.013834169480389444], [0.41475535874119274, 0.47575228470011655, 0.01495842714258424, 0.03862448820028976, 0.042096790519059464, 0.0138126506967572], [0.16941801675534143, 0.36502012891106145, 0.01695966493191789, 0.041283029507401786, 0.3932200153073964, 0.014099144586881], [0.08294877200746714, 0.639615019642959, 0.014928255063679173, 0.030659965133233748, 0.2176317933539126, 0.01421619479874827], [0.2365873736932875, 0.657018380562243, 0.014975104198186701, 0.0383760855521633, 0.0392088865137302, 0.013834169480389444], [0.35846903391217405, 0.5355084208165357, 0.01602055319689322, 0.03626391573177298, 0.039087386136495296, 0.014650690206128738], [0.06672894022744796, 0.27453176050383815, 0.015852879035515348, 0.027479647746417528, 0.6004367405974926, 0.01497003188928846], [0.5577455371795298, 0.3390824362945559, 0.01602055319689322, 0.033413396986396955, 0.039087386136495296, 0.014650690206128738], [0.3091479120277595, 0.5760071213111304, 0.015999725200101584, 0.038871361249430816, 0.04535006484277884, 0.014623815368799168], [0.3580795188227178, 0.5327159637884974, 0.016071509050631885, 0.03350550380262918, 0.044911064833948335, 0.014716439701575447], [0.5751271555724892, 0.32193018459173733, 0.01602055319689322, 0.029947981104631538, 0.0423234353281199, 0.014650690206128738], [0.6549656692639705, 0.25263731929046385, 0.016042136463350745, 0.027715612600081638, 0.033960722797070624, 0.014678539585062747], [0.07057371485190891, 0.24451310286054298, 0.017360992420634474, 0.024408131331513264, 0.6269444762114791, 0.016199582323921092], [0.6699583984378555, 0.23426756737078824, 0.017545828751370954, 0.025020742848528742, 0.03743394620461156, 0.015773516386845043], [0.735237017641214, 0.18240717060550152, 0.016171118737646362, 0.02185184387785159, 0.02948788079460695, 0.014844968343179516], [0.7375025279643364, 0.18014166028237913, 0.016171118737646362, 0.02185184387785159, 0.02948788079460695, 0.014844968343179516], [0.7938181440275017, 0.12673530708131914, 0.016136908106814493, 0.021323919192541674, 0.02718489600263669, 0.014800825589186127], [0.7410578550736068, 0.17069507846689666, 0.016038249098767773, 0.025006797901237252, 0.03252876287721259, 0.014673256582278695], [0.05584802608315232, 0.19728482959979418, 0.015961646589117397, 0.0209450191474396, 0.6948546078521152, 0.015105870728381217], [0.05584802608315232, 0.2002234609577402, 0.015961646589117397, 0.