{"prediction": [[[0.9142948462177889, 0.01403973399833749, 0.012273815461346633, 0.012453532834580217, 0.032534995843724025, 0.014403075644222777], [0.9142760995850623, 0.01404863070539419, 0.012285643153526971, 0.012465062240663901, 0.032513195020746885, 0.014411369294605809], [0.9142948462177889, 0.01403973399833749, 0.012273815461346633, 0.012453532834580217, 0.032534995843724025, 0.014403075644222777], [0.9142948462177889, 0.01403973399833749, 0.012273815461346633, 0.012453532834580217, 0.032534995843724025, 0.014403075644222777], [0.9142948462177889, 0.01403973399833749, 0.012273815461346633, 0.012453532834580217, 0.032534995843724025, 0.014403075644222777], [0.9142948462177889, 0.01403973399833749, 0.012273815461346633, 0.012453532834580217, 0.032534995843724025, 0.014403075644222777], [0.9142948462177889, 0.01403973399833749, 0.012273815461346633, 0.012453532834580217, 0.032534995843724025, 0.014403075644222777], [0.9142948462177889, 0.01403973399833749, 0.012273815461346633, 0.012453532834580217, 0.032534995843724025, 0.014403075644222777], [0.9142760995850623, 0.01404863070539419, 0.012285643153526971, 0.012465062240663901, 0.032513195020746885, 0.014411369294605809], [0.9142760995850623, 0.01404863070539419, 0.012285643153526971, 0.012465062240663901, 0.032513195020746885, 0.014411369294605809], [0.9198969930069931, 0.013411608391608392, 0.011926013986013987, 0.012077202797202797, 0.02897090909090909, 0.013717272727272727], [0.9198969930069931, 0.013411608391608392, 0.011926013986013987, 0.012077202797202797, 0.02897090909090909, 0.013717272727272727], [0.9198969930069931, 0.013411608391608392, 0.011926013986013987, 0.012077202797202797, 0.02897090909090909, 0.013717272727272727], [0.9198969930069931, 0.013411608391608392, 0.011926013986013987, 0.012077202797202797, 0.02897090909090909, 0.013717272727272727], [0.9198969930069931, 0.013411608391608392, 0.011926013986013987, 0.012077202797202797, 0.02897090909090909, 0.013717272727272727], [0.9142760995850623, 0.01404863070539419, 0.012285643153526971, 0.012465062240663901, 0.032513195020746885, 0.014411369294605809], [0.9142760995850623, 0.01404863070539419, 0.012285643153526971, 0.012465062240663901, 0.032513195020746885, 0.014411369294605809], [0.9142760995850623, 0.01404863070539419, 0.012285643153526971, 0.012465062240663901, 0.032513195020746885, 0.014411369294605809], [0.9142760995850623, 0.01404863070539419, 0.012285643153526971, 0.012465062240663901, 0.032513195020746885, 0.014411369294605809], [0.9142760995850623, 0.01404863070539419, 0.012285643153526971, 0.012465062240663901, 0.032513195020746885, 0.014411369294605809], [0.9142948462177889, 0.01403973399833749, 0.012273815461346633, 0.012453532834580217, 0.032534995843724025, 0.014403075644222777], [0.9142948462177889, 0.01403973399833749, 0.012273815461346633, 0.012453532834580217, 0.032534995843724025, 0.014403075644222777], [0.9142948462177889, 0.01403973399833749, 0.012273815461346633, 0.012453532834580217, 0.032534995843724025, 0.014403075644222777], [0.9142948462177889, 0.01403973399833749, 0.012273815461346633, 0.012453532834580217, 0.032534995843724025, 0.014403075644222777], [0.9142948462177889, 0.01403973399833749, 0.012273815461346633, 0.012453532834580217, 0.032534995843724025, 0.014403075644222777], [0.9142948462177889, 0.01403973399833749, 0.012273815461346633, 0.012453532834580217, 0.032534995843724025, 0.014403075644222777], [0.9142948462177889, 0.01403973399833749, 0.012273815461346633, 0.012453532834580217, 0.032534995843724025, 0.014403075644222777], [0.9142948462177889, 0.01403973399833749, 0.012273815461346633, 0.012453532834580217, 0.032534995843724025, 0.014403075644222777], [0.9142948462177889, 0.01403973399833749, 0.012273815461346633, 0.012453532834580217, 0.032534995843724025, 0.014403075644222777], [0.9142948462177889, 0.01403973399833749, 0.012273815461346633, 0.012453532834580217, 0.032534995843724025, 0.014403075644222777], [0.9142948462177889, 0.01403973399833749, 0.012273815461346633, 0.012453532834580217, 0.032534995843724025, 0.014403075644222777], [0.9142948462177889, 0.01403973399833749, 0.012273815461346633, 0.012453532834580217, 0.032534995843724025, 0.014403075644222777], [0.9142948462177889, 0.01403973399833749, 0.012273815461346633, 0.012453532834580217, 0.032534995843724025, 0.014403075644222777], [0.9142948462177889, 0.01403973399833749, 0.012273815461346633, 0.012453532834580217, 0.032534995843724025, 0.014403075644222777], [0.9142948462177889, 0.01403973399833749, 0.012273815461346633, 0.012453532834580217, 0.032534995843724025, 0.014403075644222777], [0.9142948462177889, 0.01403973399833749, 0.012273815461346633, 0.012453532834580217, 0.032534995843724025, 0.014403075644222777], [0.9142948462177889, 0.01403973399833749, 0.012273815461346633, 0.012453532834580217, 0.032534995843724025, 0.014403075644222777], [0.9142948462177889, 0.01403973399833749, 0.012273815461346633, 0.012453532834580217, 0.032534995843724025, 0.014403075644222777], [0.9142760995850623, 0.01404863070539419, 0.012285643153526971, 0.012465062240663901, 0.032513195020746885, 0.014411369294605809], [0.9142948462177889, 0.01403973399833749, 0.012273815461346633, 0.012453532834580217, 0.032534995843724025, 0.014403075644222777]], [[0.9142760995850623, 0.01404863070539419, 0.012285643153526971, 0.012465062240663901, 0.032513195020746885, 0.014411369294605809], [0.8708222364613392, 0.028687903122145565, 0.01890078200308935, 0.01806420215517803, 0.04729548689963318, 0.01622938935861462], [0.15717831136294735, 0.017356518343232142, 0.015919436179018136, 0.015270810813617943, 0.7788885421448676, 0.015386381156316915], [0.8710636168551905, 0.030605476886912272, 0.020885363028629682, 0.018073347659094866, 0.04312109871131619, 0.01625109685885647], [0.8705736853522271, 0.028683745767137343, 0.0193059192910731, 0.017216510617332585, 0.04789521542309107, 0.01632492354913886], [0.8622129957127037, 0.028302609260523123, 0.02033668890255496, 0.018347440393518995, 0.05441212250463067, 0.016388143226068536], [0.8546222825212627, 0.037211563515120526, 0.021900673465709647, 0.01919353040309448, 0.05076072414234181, 0.016311225952470764], [0.8544421144416655, 0.03796378857623549, 0.022287072469469357, 0.02222715626513852, 0.04684180750649132, 0.01623806074099971], [0.8337410446674028, 0.043817072919932504, 0.023209986340307506, 0.022664867967265585, 0.06051719321932835, 0.016049834885762986], [0.8537424608508996, 0.04141453379439896, 0.02184176403447216, 0.02192261705630958, 0.0449648356443146, 0.01611378861960515], [0.8743113897514625, 0.030488465359644522, 0.02002818987844764, 0.018751714757488477, 0.04110203936293767, 0.015318200890019071], [0.8822181682052561, 0.02542282808316808, 0.018710286802502606, 0.017034031939993276, 0.04123166917368637, 0.015383015795393416], [0.8858796418071052, 0.02369443060651886, 0.01732302040677099, 0.016283543561974537, 0.04136812160605341, 0.015451242011576938], [0.8905069985557357, 0.0240412016092029, 0.01644219885924894, 0.015321825540408686, 0.03829261633221193, 0.015395159103191891], [0.8920432082035664, 0.02224835605626907, 0.014968684353578067, 0.014522454356737373, 0.04075326260273769, 0.015464034427111348], [0.09245148296423211, 0.020230814260171856, 0.012829063350912988, 0.015318875449649905, 0.8437366634459326, 0.015433100529100529], [0.09245148296423211, 0.020230814260171856, 0.012829063350912988, 0.015318875449649905, 0.8437366634459326, 0.015433100529100529], [0.8708222364613392, 0.028687903122145565, 0.01890078200308935, 0.01806420215517803, 0.04729548689963318, 0.01622938935861462], [0.9142760995850623, 0.01404863070539419, 0.012285643153526971, 0.012465062240663901, 0.032513195020746885, 0.014411369294605809], [0.8574509714128853, 0.04008962497948944, 0.020411673151482665, 0.018887397604229236, 0.04699092605000523, 0.016169406801908228], [0.11394589301841056, 0.017363495660028618, 0.012774375657930829, 0.015284909624326888, 0.8252312406786544, 0.015400085360648741], [0.8299928719780476, 0.06079097708679044, 0.02004984088392684, 0.01860974922098004, 0.05449739537457725, 0.016059165455677808], [0.11394589301841056, 0.017363495660028618, 0.012774375657930829, 0.015284909624326888, 0.8252312406786544, 0.015400085360648741], [0.6205962537857935, 0.2649665818615026, 0.023209986340307506, 0.020409206316513197, 0.054768136810120015, 0.016049834885762986], [0.8165256809974029, 0.05622030189766124, 0.02505487271736648, 0.023724490825476303, 0.06237271414476062, 0.016101939417332643], [0.8185280156419832, 0.058059420243633454, 0.022767283867243304, 0.020084323178958266, 0.0646324649985673, 0.015928492069614525], [0.11257393368754405, 0.017393047458021893, 0.012870520364471897, 0.01534462386952593, 0.8263597463344216, 0.015458128286014722], [0.8437843163897957, 0.04241749763553707, 0.021841764034472164, 0.021922617056309587, 0.053920016264280446, 0.01611378861960515], [0.8263503980237403, 0.04867462941114231, 0.02370392259636907, 0.02299364895674, 0.06210902142479032, 0.016168379587217757], [0.8442864454310746, 0.04241749763553707, 0.02184176403447216, 0.021922617056309584, 0.053417887223001656, 0.01611378861960515], [0.8511934571515145, 0.035066337479614275, 0.02228707246946936, 0.02222715626513852, 0.052987915893263605, 0.016238060740999715], [0.8552248752746976, 0.0343141124184993, 0.021900673465709647, 0.01919353040309448, 0.0530555824855282, 0.016311225952470764], [0.8673076617299409, 0.030605476886912272, 0.024641318153879415, 0.018073347659094866, 0.04312109871131619, 0.01625109685885647], [0.8637108318306524, 0.030872930390272363, 0.02085424190210474, 0.016972511779609647, 0.051429086901420014, 0.016160397195940906], [0.09153547690825427, 0.02022039652650199, 0.012911457540870192, 0.015370049425202884, 0.8444797773839147, 0.015482842215256008], [0.09751320758406189, 0.017410204475165576, 0.012926339518987463, 0.015379292431108381, 0.8412791294685749, 0.015491826522101751], [0.8838962960650102, 0.024535393494161638, 0.015896446992212977, 0.015366896041605349, 0.04382067758894403, 0.01648428981806575], [0.8838565794248129, 0.02454606998791249, 0.015889163098225894, 0.015358511210091014, 0.04387144822842209, 0.016478228050535743], [0.10266580816363192, 0.01738030490219981, 0.012829063350912988, 0.015318875449649903, 0.8363728476045047, 0.015433100529100529], [0.9142760995850623, 0.01404863070539419, 0.012285643153526971, 0.012465062240663901, 0.032513195020746885, 0.014411369294605809]], [[0.9142948462177889, 0.01403973399833749, 0.012273815461346633, 0.012453532834580217, 0.032534995843724025, 0.014403075644222777], [0.8584735325648487, 0.037211563515120526, 0.021900673465709647, 0.01919353040309448, 0.04690947409875592, 0.016311225952470764], [0.8413470665122195, 0.04778262340588069, 0.01381825517840123, 0.021522149875140652, 0.05919115821652658, 0.016338746811831437], [0.8494798213972803, 0.04378338525750527, 0.013836942181670819, 0.019790032839112234, 0.056743041007695415, 0.01636677731673582], [0.10598146683534614, 0.02035686804696446, 0.012774375657930829, 0.015284909624326888, 0.830202294474783, 0.015400085360648741], [0.6644085200577418, 0.04378338525750527, 0.013836942181670819, 0.019790032839112237, 0.24181434234723392, 0.016366777316735824], [0.8347999414381234, 0.0477826234058807, 0.013818255178401231, 0.021522149875140652, 0.06573828329062262, 0.016338746811831437], [0.8288024686992995, 0.0476649831599095, 0.01379990793882745, 0.024304847404656844, 0.06911656684483578, 0.016311225952470764], [0.11643759032282329, 0.036730164620098274, 0.012829063350912988, 0.018889872712334013, 0.7996802084647309, 0.015433100529100529], [0.11643759032282329, 0.036730164620098274, 0.012829063350912988, 0.018889872712334013, 0.7996802084647309, 0.015433100529100529], [0.8589686203312987, 0.03829395089770448, 0.013217480762219218, 0.022684067979152966, 0.05149448848538913, 0.015341391544235583], [0.8697506581110762, 0.03405855440623735, 0.013233227502736599, 0.019694239607316023, 0.047898308717621935, 0.015365011655011654], [0.8764681210885862, 0.0301683214638067, 0.01324926857485244, 0.017439568914884594, 0.047285646694684734, 0.015389073263185412], [0.08192673101667812, 0.01870268040478349, 0.01247125996721569, 0.014534459224762503, 0.8577357567944872, 0.014629112592072956], [0.8784928540856579, 0.026422960282931507, 0.013282267351776449, 0.015773130680222062, 0.050590216170840495, 0.015438571428571428], [0.6811350612682779, 0.03173280495443211, 0.013875373943112055, 0.017849228886329893, 0.23898310598895026, 0.016424424958897673], [0.8564834045532805, 0.033934190616799656, 0.013855978474721153, 0.018828700040070513, 0.0605023945588169, 0.016395331756311318], [0.8592331469025813, 0.0343141124184993, 0.021900673465709647, 0.01919353040309448, 0.04904731085764442, 0.016311225952470764], [0.9142948462177889, 0.01403973399833749, 0.012273815461346633, 0.012453532834580217, 0.032534995843724025, 0.014403075644222777], [0.8473887362972296, 0.04501716672067155, 0.02228707246946936, 0.02222715626513852, 0.04684180750649132, 0.016238060740999715], [0.6376982562781605, 0.24182943234148693, 0.01379990793882745, 0.02488104506591675, 0.06548013242313756, 0.016311225952470764], [0.6467426269200179, 0.24277387666124592, 0.01381825517840123, 0.025187309922737742, 0.05513918450576575, 0.016338746811831437], [0.8091158578304123, 0.06459350931043575, 0.01379990793882745, 0.03192078122409112, 0.06425871774376245, 0.016311225952470764], [0.809893684318845, 0.062080589941577585, 0.013781891280146891, 0.029322700936131124, 0.06863693255884941, 0.01628420096444993], [0.3902127212888084, 0.13677456135414537, 0.02053502074688797, 0.02972215426590121, 0.40504442201230684, 0.017711120331950207], [0.1141816374069568, 0.03506080688566256, 0.012870520364471897, 0.020470633053430824, 0.8019582740034631, 0.01545812828601472], [0.12204914181800193, 0.028750715314530995, 0.012945181774025752, 0.01800598372924969, 0.80274577570099, 0.015503201663201663], [0.8263270256958093, 0.04817989217088874, 0.0137129579773691, 0.02323446428237416, 0.07236485886327552, 0.01618080101028324], [0.6331679257297749, 0.05706064108480834, 0.013781891280146893, 0.025790886329284987, 0.2539144546115351, 0.01628420096444993], [0.1144615241236194, 0.045357632723333784, 0.012851239049370147, 0.020473794593770002, 0.7914093214272236, 0.015446488082682976], [0.8298462080517328, 0.055455796707683594, 0.01379990793882745, 0.02428395848292374, 0.060302902866361474, 0.016311225952470764], [0.8423305763133354, 0.04148816067873805, 0.01381825517840123, 0.02310669344360538, 0.06291756757408845, 0.016338746811831437], [0.10158769968553717, 0.029337389131070188, 0.012870520364471897, 0.015344623869525929, 0.82540163866338, 0.01545812828601472], [0.09463055424108159, 0.022535410449753553, 0.012958573513083788, 0.01539931255178336, 0.8389648629372437, 0.015511286307053942], [0.8650054867139461, 0.029391865712694885, 0.013690648876008885, 0.017001836970212708, 0.05872620957602659, 0.016183952151111014], [0.09463055424108159, 0.022535410449753553, 0.012958573513083788, 0.01539931255178336, 0.8389648629372437, 0.015511286307053942], [0.8794547358018008, 0.026055849746667435, 0.013915283849224106, 0.015833778627671304, 0.048256062156570606, 0.01648428981806575], [0.879165748678968, 0.025545115494346262, 0.01381825517840123, 0.015221353035371032, 0.049910780801082105, 0.016338746811831437], [0.09199059032723379, 0.02022557252982377, 0.012870520364471897, 0.01534462386952593, 0.8441105646229299, 0.015458128286014722], [0.9142948462177889, 0.01403973399833749, 0.012273815461346633, 0.012453532834580217, 0.032534995843724025, 0.014403075644222777]], [[0.9142948462177889, 0.01403973399833749, 0.012273815461346633, 0.012453532834580217, 0.032534995843724025, 0.014403075644222777], [0.8537424608508996, 0.04141453379439896, 0.02184176403447216, 0.02192261705630958, 0.0449648356443146, 0.01611378861960515], [0.8407163562417723, 0.04565941530095489, 0.013895138848996118, 0.02433394302120704, 0.058941074269345736, 0.01645407231772377], [0.8494064764282274, 0.04566618033872799, 0.013915283849224106, 0.021510821079223332, 0.053016948486531275, 0.01648428981806575], [0.8480547086412171, 0.04281979011706523, 0.013746814599529873, 0.019007703715552965, 0.06013939698311046, 0.0162315859435244], [0.8343257763909745, 0.0477826234058807, 0.013818255178401231, 0.021522149875140652, 0.06621244833777164, 0.016338746811831437], [0.1158253657781998, 0.03662082604205349, 0.012870520364471897, 0.01889309118102591, 0.8003320683482342, 0.015458128286014722], [0.8281994486967076, 0.04783112489628041, 0.013696467467437343, 0.023532263647497328, 0.07058463004669165, 0.016156065245385605], [0.437341690469618, 0.09135570058417315, 0.02053502074688797, 0.03168804704954399, 0.4013684208178267, 0.017711120331950207], [0.81887502354363, 0.05244871110254374, 0.013781891280146893, 0.030235890169074832, 0.06837428294015477, 0.01628420096444993], [0.6962758881164877, 0.04628123099487008, 0.013202020326074879, 0.1758910142599816, 0.053031645412566546, 0.01531820089001907], [0.08836642218796366, 0.029185152947907043, 0.012493063694591584, 0.015884997639789476, 0.8394262376556222, 0.014644125874125873], [0.8705545634934861, 0.033246573885796625, 0.01315728083386958, 0.018561951855483882, 0.04922853827965281, 0.01525109165171112], [0.8766624709891867, 0.02944684257838677, 0.01317192769143679, 0.01681412422533032, 0.048631572577597586, 0.015273061938061938], [0.8771502394441865, 0.028313307671392098, 0.013265612308706314, 0.016614210355264003, 0.04924304135648477, 0.015413588863966222], [0.8653817286883562, 0.03100373537279312, 0.013956758849693492, 0.019245586892624837, 0.05386568787776251, 0.01654650231876983], [0.8605396687880339, 0.03573945677834376, 0.013935820014505065, 0.02025065098166939, 0.05301930937146075, 0.01651509406598719], [0.8573395655382868, 0.035066337479614275, 0.02228707246946936, 0.02222715626513852, 0.04684180750649132, 0.016238060740999715], [0.9088399422521655, 0.014641193455245428, 0.012596535129932628, 0.012804619826756496, 0.036055822906641, 0.015061886429258903], [0.8127030853068387, 0.07285975034045755, 0.02320998634030751, 0.020409206316513197, 0.05476813681012002, 0.016049834885762986], [0.8121646648287725, 0.06006600933587537, 0.013781891280146891, 0.02768566154452725, 0.07001757204622806, 0.01628420096444993], [0.13160792120743264, 0.041007913102413904, 0.012816523395475798, 0.020128182268954124, 0.7790139299154606, 0.015425530110262934], [0.6137951380245661, 0.06535874079077121, 0.013664324948078834, 0.22237782020773916, 0.06869612456249667, 0.01610785146634784], [0.3267356565763894, 0.04100791310241391, 0.012816523395475798, 0.020128182268954128, 0.5838861945465039, 0.015425530110262936], [0.8214933444545331, 0.054221154717383105, 0.013781891280146891, 0.031086157910513605, 0.0631332506729734, 0.01628420096444993], [0.8285351779660705, 0.052176263957139646, 0.01379990793882745, 0.028426249801563608, 0.06075117438392785, 0.016311225952470764], [0.8343244822286404, 0.04785075179118428, 0.013696467467437343, 0.02410846130875723, 0.06386377195859506, 0.016156065245385605], [0.11386377821632353, 0.03797152310654485, 0.012892417592342038, 0.02046704258416759, 0.7993338907747783, 0.015471347725843639], [0.431155060077899, 0.3394178067227052, 0.02053502074688797, 0.02972215426590121, 0.1614588378546564, 0.017711120331950207], [0.12705270478410954, 0.234453894729865, 0.012926339518987463, 0.01981111443173772, 0.5902641200131984, 0.015491826522101751], [0.8270273344137709, 0.05938572090828376, 0.013781891280146891, 0.025193799746291982, 0.0583270526870567, 0.01628420096444993], [0.8166840739868644, 0.06311491020829088, 0.01389513884899612, 0.026449825257919148, 0.06340197938020559, 0.01645407231772377], [0.8391972081539915, 0.03980665672332601, 0.01372973779449264, 0.021497317950991003, 0.06956310864123026, 0.016205970735968554], [0.10131207545687052, 0.029304063156201786, 0.012892417592342038, 0.015358223957156946, 0.8256618721115849, 0.015471347725843639], [0.8657857078497769, 0.03307799575692371, 0.013764196347514199, 0.0180864710723837, 0.0530279704079005, 0.01625765856550089], [0.09463055424108159, 0.022535410449753553, 0.012958573513083788, 0.01539931255178336, 0.8389648629372437, 0.015511286307053942], [0.8715933053870943, 0.02885956403304593, 0.01379990793882745, 0.01619375673278139, 0.053242239955779994, 0.016311225952470764], [0.10185767959091081, 0.02095473152335625, 0.012980862731836594, 0.015620979914631013, 0.8328436457006657, 0.01574210053859964], [0.8760500009409017, 0.026874378698945142, 0.013814778899708103, 0.015218750597983886, 0.051705250581575414, 0.01633684028088593], [0.9142948462177889, 0.01403973399833749, 0.012273815461346633, 0.012453532834580217, 0.032534995843724025, 0.014403075644222777]], [[0.9142948462177889, 0.01403973399833749, 0.012273815461346633, 0.012453532834580217, 0.032534995843724025, 0.014403075644222777], [0.15250640344538957, 0.017600650589135864, 0.012842992109084926, 0.015445727101680486, 0.7860390940113462, 0.015565132743362832], [0.8248620773304733, 0.04970987392015296, 0.013781891280146893, 0.025214688668025086, 0.07014726783675185, 0.01628420096444993], [0.8347907619555313, 0.045883183410591714, 0.013712957977369098, 0.022658266621114254, 0.06677402902511041, 0.01618080101028324], [0.1079129742168953, 0.02975300650000596, 0.012860893920190368, 0.015338645008339468, 0.8186821635896152, 0.015452316764953664], [0.8495848796355461, 0.04281979011706523, 0.013746814599529873, 0.019007703715552965, 0.0586092259887815, 0.0162315859435244], [0.11222411350129485, 0.027771666273674743, 0.012926339518987463, 0.015379292431108381, 0.8162067617528327, 0.015491826522101751], [0.11522081803037407, 0.0365128584806613, 0.01291145754087019, 0.018896269292743614, 0.8009757544400948, 0.015482842215256008], [0.8263959363195447, 0.04993824560978257, 0.013696467467437343, 0.023532263647497328, 0.07028102171035244, 0.016156065245385605], [0.8207063971361773, 0.056841079750404956, 0.01379990793882745, 0.027285915394627158, 0.0650554738274923, 0.016311225952470768], [0.7032518111912335, 0.1916306203057682, 0.013217480762219218, 0.023174213529153616, 0.05338448266738983, 0.015341391544235581], [0.8618090988749234, 0.03667244237214898, 0.013157280833869578, 0.01945906321440291, 0.05365102305294403, 0.01525109165171112], [0.08131455794440792, 0.02158607237708937, 0.012493063694591584, 0.014549770367062202, 0.855412409742723, 0.014644125874125873], [0.0779380437482216, 0.016252612004002465, 0.012493063694591584, 0.014549770367062202, 0.8641223843119962, 0.014644125874125873], [0.08131455794440792, 0.020563055658708414, 0.012493063694591584, 0.014549770367062202, 0.8564354264611039, 0.014644125874125873], [0.854661127248884, 0.03855081560242275, 0.013836942181670819, 0.019790032839112237, 0.05679430481117418, 0.016366777316735824], [0.8465283723638232, 0.04255005375079817, 0.01381825517840123, 0.021522149875140652, 0.05924242202000535, 0.016338746811831437], [0.8172557219477664, 0.06830711369952985, 0.02320998634030751, 0.020409206316513197, 0.05476813681012002, 0.016049834885762986], [0.9143919094529449, 0.013993670090127856, 0.012212575979878432, 0.012393837769859568, 0.032647872563403894, 0.014360134143785369], [0.5195486967972063, 0.018854366150230437, 0.013311939261098934, 0.016343991365875204, 0.41545791364208384, 0.016483092783505154], [0.43383068437382083, 0.10820086757234454, 0.02053502074688797, 0.02972215426590121, 0.39000015270909516, 0.017711120331950207], [0.8094858118103336, 0.05972667600022959, 0.013696467467437343, 0.028059312646573797, 0.07287566683003996, 0.016156065245385605], [0.11912720707838656, 0.2302311675530461, 0.012911457540870192, 0.03062024245957442, 0.5916270831528668, 0.015482842215256008], [0.6345553403228777, 0.14882351757660348, 0.020535020746887966, 0.033499341808648914, 0.14487565921303155, 0.017711120331950207], [0.814773948508194, 0.06143865179243127, 0.013875373943112055, 0.027974738401614102, 0.06551286239575096, 0.016424424958897677], [0.8163749921944357, 0.06143865179243127, 0.013875373943112055, 0.027974738401614102, 0.06391181870950914, 0.016424424958897677], [0.627151983607314, 0.1020185383234914, 0.02053502074688797, 0.02972215426590121, 0.20286118272445527, 0.017711120331950207], [0.11284556526440427, 0.03747759564453982, 0.0128732655734841, 0.017990452330815858, 0.8033533356076094, 0.01545978557914652], [0.6376479171719535, 0.053091681893713105, 0.013696467467437343, 0.024108461308757226, 0.2552994069127531, 0.016156065245385605], [0.1125323180311693, 0.04759885239494572, 0.012895144423436804, 0.01799517740156946, 0.7935055138247218, 0.015472993924156714], [0.6322547432495806, 0.08879104418674236, 0.02053502074688797, 0.02972215426590121, 0.2109859172189375, 0.017711120331950207], [0.8230910210792385, 0.05750068746792706, 0.013781891280146893, 0.025193799746291982, 0.0641483994619458, 0.01628420096444993], [0.6502152729436381, 0.05252806966294411, 0.013895138848996121, 0.024035282677401466, 0.24287216354929642, 0.01645407231772377], [0.8362858685111125, 0.04148816067873805, 0.01381825517840123, 0.02310669344360538, 0.0689622753763114, 0.016338746811831437], [0.8503169868224427, 0.03748892253036262, 0.01383694218167082, 0.021374576407576968, 0.06061579474121086, 0.016366777316735824], [0.09139180499164094, 0.0193837926909722, 0.012892417592342038, 0.015358223957156948, 0.8455024130420442, 0.015471347725843639], [0.8686633462691686, 0.03098778183968697, 0.013781891280146893, 0.017148639642851026, 0.053134140003696664, 0.01628420096444993], [0.8717032473098192, 0.029489488136590913, 0.013895138848996118, 0.016851101139184685, 0.051606952247685245, 0.016454072317723768], [0.8833214551816507, 0.02180737282337797, 0.015123407025372668, 0.015527140361600706, 0.047576090469936605, 0.016644534138061107], [0.9142948462177889, 0.01403973399833749, 0.012273815461346633, 0.012453532834580217, 0.032534995843724025, 0.014403075644222777]], [[0.9142948462177889, 0.01403973399833749, 0.012273815461346633, 0.012453532834580217, 0.032534995843724025, 0.014403075644222777], [0.8240385688897377, 0.045407519611275954, 0.024517152072657308, 0.023373996119517675, 0.06667402823573323, 0.015988735071078078], [0.43682110171284994, 0.10074125165562203, 0.02053502074688797, 0.02972215426590121, 0.39446935128678856, 0.017711120331950207], [0.11211558438411741, 0.03930591990717063, 0.01287737906156804, 0.018358087399875066, 0.8018807603397057, 0.015462268907563026], [0.829635537122931, 0.047819638711851346, 0.013664324948078836, 0.02243941798930807, 0.07033322976148283, 0.016107851466347845], [0.8494064764282274, 0.04566618033872799, 0.013915283849224106, 0.021510821079223332, 0.053016948486531275, 0.01648428981806575], [0.8512993698049695, 0.04378338525750527, 0.013836942181670819, 0.019790032839112234, 0.054923492600006195, 0.01636677731673582], [0.8451385421812462, 0.04610111945046866, 0.01372973779449264, 0.019912774382526272, 0.058911855455297556, 0.01620597073596855], [0.12187673165688491, 0.03787354314331309, 0.01291416844225274, 0.02082815426253977, 0.7910229236982683, 0.015484478796741174], [0.3143259401421678, 0.04666036569313612, 0.01295857351308379, 0.020171248776001745, 0.5903725855685565, 0.015511286307053944], [0.09786686315215691, 0.03275370401981438, 0.012493063694591584, 0.015884997639789476, 0.8263572456195217, 0.014644125874125873], [0.7100927730148108, 0.03544082849482395, 0.013157280833869578, 0.01759040767639253, 0.20846761832839192, 0.01525109165171112], [0.0779380437482216, 0.01950037723571265, 0.012493063694591584, 0.014549770367062202, 0.860874619080286, 0.014644125874125873], [0.0846101784317199, 0.02455653039674928, 0.012493063694591584, 0.015884997639789476, 0.8478111039630238, 0.014644125874125873], [0.08798669262790623, 0.027235190342206728, 0.012493063694591584, 0.015884997639789476, 0.84175592982138, 0.014644125874125873], [0.8503198480328501, 0.04086854979538614, 0.01372973779449264, 0.019912774382526276, 0.058963119258776335, 0.01620597073596855], [0.11226002368321078, 0.034626624404639476, 0.012958573513083788, 0.0165601503308784, 0.8080833417611335, 0.015511286307053942], [0.11245307986550436, 0.03465828058843291, 0.012945181774025752, 0.016554246277512244, 0.8078860098313232, 0.015503201663201665], [0.3398162741264006, 0.08768785919204769, 0.03361342303090502, 0.03168392485220404, 0.48845465352539924, 0.01874386527304332], [0.9111205555555556, 0.014321388888888889, 0.012354351851851852, 0.012554537037037038, 0.034923055555555554, 0.01472611111111111], [0.8250572633389168, 0.0553585674418781, 0.02505487271736648, 0.021495682289613828, 0.05693167479489221, 0.016101939417332643], [0.639097409244373, 0.24113478234946875, 0.01379990793882745, 0.028426249801563608, 0.06123042471329631, 0.016311225952470764], [0.11478342558096924, 0.045445531585465715, 0.012829063350912988, 0.2182255788717595, 0.593283300081792, 0.015433100529100529], [0.8288191747696955, 0.051819564412590086, 0.013781891280146893, 0.025790886329284987, 0.0635042822438328, 0.01628420096444993], [0.8193669048226357, 0.05928674766430384, 0.013895138848996118, 0.02702602291917905, 0.0639711134271613, 0.01645407231772377], [0.8193669048226357, 0.05928674766430384, 0.013895138848996118, 0.02702602291917905, 0.0639711134271613, 0.01645407231772377], [0.8312537951230313, 0.050851811247084495, 0.013875373943112055, 0.025560195821096417, 0.06203439890677813, 0.016424424958897677], [0.8356748653849353, 0.04359690461902152, 0.0137129579773691, 0.02323446428237416, 0.06760000672601674, 0.01618080101028324], [0.8105247277524572, 0.061279350947724374, 0.013895138848996118, 0.02702602291917905, 0.07082068721391939, 0.01645407231772377], [0.8351709032808382, 0.04359690461902151, 0.013712957977369098, 0.023234464282374155, 0.06810396883011383, 0.01618080101028324], [0.8305748639536501, 0.05420449037805072, 0.013696467467437343, 0.023532263647497328, 0.061835849307978814, 0.016156065245385605], [0.33768666752481563, 0.03445099576505232, 0.012794111560226355, 0.01864494690160224, 0.5810112782483036, 0.015411999999999999], [0.8259196364920861, 0.0554557967076836, 0.01379990793882745, 0.024283958482923744, 0.06422947442600829, 0.016311225952470768], [0.8471625302069018, 0.03937171761158533, 0.013915283849224106, 0.023095364647688056, 0.059970813866534856, 0.01648428981806575], [0.8522828796060856, 0.03748892253036262, 0.013836942181670819, 0.021374576407576965, 0.05864990195756808, 0.016366777316735824], [0.8657857078497769, 0.03307799575692371, 0.013764196347514199, 0.0180864710723837, 0.0530279704079005, 0.01625765856550089], [0.0916340487098042, 0.0193837381553372, 0.012870520364471897, 0.01534462386952593, 0.8453089406148461, 0.015458128286014722], [0.8717032473098192, 0.029489488136590913, 0.013895138848996118, 0.016851101139184685, 0.051606952247685245, 0.016454072317723768], [0.8833214551816507, 0.02180737282337797, 0.015123407025372668, 0.015527140361600706, 0.047576090469936605, 0.016644534138061107], [0.9142948462177889, 0.01403973399833749, 0.012273815461346633, 0.012453532834580217, 0.032534995843724025, 0.014403075644222777]], [[0.9142948462177889, 0.01403973399833749, 0.012273815461346633, 0.012453532834580217, 0.032534995843724025, 0.014403075644222777], [0.8324472235256501, 0.043817072919932504, 0.023209986340307506, 0.022664867967265585, 0.0618110143610812, 0.016049834885762986], [0.11234991189309161, 0.03935622973001942, 0.012860893920190368, 0.01835545409086043, 0.8016251936008845, 0.015452316764953664], [0.8282684559671084, 0.047819638711851346, 0.013664324948078836, 0.02243941798930807, 0.07170031091730544, 0.016107851466347845], [0.11015436393957674, 0.0269288223929171, 0.012958573513083788, 0.01592818237385242, 0.818518771473516, 0.015511286307053942], [0.8512993698049695, 0.04378338525750527, 0.013836942181670819, 0.019790032839112234, 0.054923492600006195, 0.01636677731673582], [0.8582712787532949, 0.04097202643342628, 0.013935820014505065, 0.02025065098166939, 0.050055129751117235, 0.01651509406598719], [0.8469380809783887, 0.04566618033872799, 0.013915283849224106, 0.021510821079223332, 0.05548534393637, 0.01648428981806575], [0.8249188809923004, 0.05133749207894868, 0.01379990793882745, 0.02428395848292374, 0.06934853455452883, 0.016311225952470764], [0.8266879333557967, 0.0478311248962804, 0.013696467467437343, 0.023532263647497324, 0.07209614538760241, 0.016156065245385605], [0.09792996785291223, 0.19002124786968588, 0.012493063694591584, 0.015973614884127057, 0.6689379798245573, 0.014644125874125873], [0.7104568286014116, 0.03601161014226595, 0.013142890938715826, 0.018353072119541375, 0.20680609138908482, 0.015229506808980494], [0.08464082377705058, 0.18280379049503542, 0.012493063694591584, 0.015884997639789476, 0.689533198519407, 0.014644125874125873], [0.8609208188032598, 0.04015978042886286, 0.013142890938715826, 0.01835307211954137, 0.05219393090063968, 0.015229506808980492], [0.8695723700105767, 0.035200311547797354, 0.01315728083386958, 0.017590407676392535, 0.04922853827965281, 0.01525109165171112], [0.8564806756565733, 0.038550815602422746, 0.013836942181670819, 0.019790032839112234, 0.05497475640348495, 0.01636677731673582], [0.10835484026726476, 0.03092297535312767, 0.012945181774025752, 0.01697883295209892, 0.8152949679902812, 0.015503201663201665], [0.11226002368321078, 0.034626624404639476, 0.012958573513083788, 0.0165601503308784, 0.8080833417611335, 0.015511286307053942], [0.8253143405556681, 0.0515252451082359, 0.013781891280146893, 0.025756992349210875, 0.06733732974228851, 0.01628420096444993], [0.8473837459190809, 0.040466848525747695, 0.023703922596369074, 0.020764840420877527, 0.05151226295070696, 0.01616837958721776], [0.9043589130434783, 0.015072934782608696, 0.012763804347826087, 0.012998804347826087, 0.0392575, 0.01554804347826087], [0.8477519384350994, 0.04966878378849211, 0.022287072469469357, 0.019998347729276042, 0.04405579683666322, 0.01623806074099971], [0.8367628086890765, 0.055038215452405954, 0.013818255178401231, 0.021522149875140652, 0.05651982399314441, 0.016338746811831437], [0.8384571906769849, 0.04885018241853013, 0.013895138848996118, 0.024910140682466938, 0.057433275055298036, 0.01645407231772377], [0.8498617439431302, 0.04517201586759882, 0.013915283849224106, 0.021212160735417762, 0.05335450578656345, 0.016484289818065753], [0.8280210780212744, 0.051627634163696576, 0.01379990793882745, 0.024860156144183642, 0.06537999777954705, 0.016311225952470764], [0.82235188788577, 0.05367252492394005, 0.013781891280146893, 0.025769997407551884, 0.06813949753814143, 0.01628420096444993], [0.12824086145694258, 0.03533299200992899, 0.012838783671399802, 0.020125720114198574, 0.7880226740239459, 0.015438968723584107], [0.8200104742358924, 0.057609678308891965, 0.01368025884656425, 0.02863009273426262, 0.06393774356031288, 0.016131752314075966], [0.11354804384167111, 0.034956117973955605, 0.01291416844225274, 0.02046347611637008, 0.8026337148290092, 0.015484478796741174], [0.12824982858362824, 0.03650617968156421, 0.012870520364471897, 0.016521330093550765, 0.7903940129907702, 0.015458128286014722], [0.6135230651785172, 0.1084984038722632, 0.02053502074688797, 0.02972215426590121, 0.2100102356044801, 0.017711120331950207], [0.8291293483408092, 0.05382817854888789, 0.013781891280146893, 0.025214688668025093, 0.061761692197681184, 0.01628420096444993], [0.837955138299297, 0.05000148803932662, 0.013712957977369098, 0.022658266621114254, 0.059491348052609624, 0.01618080101028324], [0.31869031769135586, 0.039483233371627305, 0.012816523395475798, 0.01746107131940043, 0.5961233241118776, 0.015425530110262936], [0.8526755101501644, 0.03652532738992258, 0.013746814599529875, 0.020592247284017692, 0.06022851463284123, 0.0162315859435244], [0.0948293401424001, 0.019383690134703306, 0.012851239049370147, 0.015332648491794092, 0.8421565940990493, 0.015446488082682976], [0.8686001570860212, 0.03173280495443211, 0.013875373943112055, 0.017849228886329893, 0.05151801017120696, 0.016424424958897673], [0.8747310299771176, 0.024089482922915455, 0.02071105578314591, 0.016518056589031455, 0.047395923883131005, 0.016554450844658314], [0.9142948462177889, 0.01403973399833749, 0.012273815461346633, 0.012453532834580217, 0.032534995843724025, 0.014403075644222777]], [[0.9142948462177889, 0.01403973399833749, 0.012273815461346633, 0.012453532834580217, 0.032534995843724025, 0.014403075644222777], [0.8688878778498837, 0.03647168756800751, 0.0199785494136636, 0.02004668080619094, 0.039463375490488874, 0.015151828871765177], [0.8548128110600467, 0.040237227978855254, 0.013128751302608226, 0.020666581313596277, 0.0559463309900744, 0.015208297354819093], [0.8576784927279494, 0.042321116969036655, 0.013142890938715826, 0.01835307211954137, 0.053274920435776266, 0.015229506808980492], [0.08766733892856572, 0.02190914078990188, 0.012493063694591584, 0.014549770367062202, 0.8487365603457526, 0.014644125874125873], [0.8668291892412505, 0.03846781764705864, 0.013233227502736599, 0.018249643056734436, 0.047855110897208016, 0.015365011655011654], [0.8644469923080228, 0.04005436874697008, 0.013299242684136396, 0.019699677902422455, 0.04703568393133677, 0.015464034427111348], [0.8490854453121801, 0.0417386746207629, 0.013202020326074879, 0.022054084701126922, 0.05860157414983592, 0.01531820089001907], [0.70155933314308, 0.04186198595247845, 0.013265612308706314, 0.02287804440341868, 0.20502143532835024, 0.015413588863966224], [0.5059426195767741, 0.08312122512110871, 0.018877412587412587, 0.029339056687290033, 0.3462218538595822, 0.01649783216783217], [0.8594188546822225, 0.042372632300004404, 0.012753582472856196, 0.021472613764833295, 0.04940681094191936, 0.01457550583816445], [0.8688386747933903, 0.03851816283163676, 0.012836037651383882, 0.020831345786334353, 0.04427659033129868, 0.014699188605955978], [0.8697871712598152, 0.03875499627286748, 0.012780058906328388, 0.018374029878462893, 0.045688523194153466, 0.014615220488372738], [0.7337139142775354, 0.17120806401353442, 0.012766700342167418, 0.020810161364616542, 0.04690597736001484, 0.014595182642131282], [0.07771237687540063, 0.026576899525986145, 0.012154127542758892, 0.015084922431963112, 0.8544589243791781, 0.014012749244712991], [0.8703274146365144, 0.03492639443138075, 0.013233227502736599, 0.018249643056734436, 0.047898308717621935, 0.015365011655011654], [0.8564806756565733, 0.038550815602422746, 0.013836942181670819, 0.019790032839112234, 0.05497475640348495, 0.01636677731673582], [0.8503198480328501, 0.04086854979538614, 0.01372973779449264, 0.019912774382526276, 0.058963119258776335, 0.01620597073596855], [0.8417738214486152, 0.04747478648903782, 0.01389513884899612, 0.02487624670239283, 0.055525934193234226, 0.01645407231772377], [0.8545877822798311, 0.04043361068364546, 0.013915283849224106, 0.02151082107922333, 0.05306821229001004, 0.01648428981806575], [0.8565928581100284, 0.04082786411356334, 0.022287072469469357, 0.019998347729276042, 0.04405579683666322, 0.01623806074099971], [0.9082191044776119, 0.014643880597014925, 0.01253004975124378, 0.012745174129353234, 0.036782985074626864, 0.015078805970149253], [0.6688869025232516, 0.2276815228220337, 0.02079937983622466, 0.01919353040309448, 0.04712743846292481, 0.016311225952470764], [0.8434964834544256, 0.05153727635630329, 0.013915283849224106, 0.02121216073541776, 0.05335450578656344, 0.01648428981806575], [0.8336882897202473, 0.04803443719152934, 0.0137129579773691, 0.02323446428237416, 0.0651490498181968, 0.01618080101028324], [0.1151563304461639, 0.03658860946221658, 0.012794111560226355, 0.017973357816530006, 0.8020755907148631, 0.015411999999999999], [0.3908239391001769, 0.13322185782556611, 0.02053502074688797, 0.02972215426590121, 0.4079859077295176, 0.017711120331950207], [0.8194521187620841, 0.050061155891871566, 0.013696467467437343, 0.02410846130875723, 0.07652573132446397, 0.016156065245385605], [0.1145489964264208, 0.03647959079755136, 0.012836009372740775, 0.017982406287038274, 0.802715703247326