{"prediction": [[[0.9142948462177889, 0.01403973399833749, 0.012273815461346633, 0.012453532834580217, 0.032534995843724025, 0.014403075644222777], [0.9142760995850623, 0.01404863070539419, 0.012285643153526971, 0.012465062240663901, 0.032513195020746885, 0.014411369294605809], [0.9142948462177889, 0.01403973399833749, 0.012273815461346633, 0.012453532834580217, 0.032534995843724025, 0.014403075644222777], [0.9142948462177889, 0.01403973399833749, 0.012273815461346633, 0.012453532834580217, 0.032534995843724025, 0.014403075644222777], [0.9142948462177889, 0.01403973399833749, 0.012273815461346633, 0.012453532834580217, 0.032534995843724025, 0.014403075644222777], [0.9142948462177889, 0.01403973399833749, 0.012273815461346633, 0.012453532834580217, 0.032534995843724025, 0.014403075644222777], [0.9142948462177889, 0.01403973399833749, 0.012273815461346633, 0.012453532834580217, 0.032534995843724025, 0.014403075644222777], [0.9142948462177889, 0.01403973399833749, 0.012273815461346633, 0.012453532834580217, 0.032534995843724025, 0.014403075644222777], [0.9142948462177889, 0.01403973399833749, 0.012273815461346633, 0.012453532834580217, 0.032534995843724025, 0.014403075644222777], [0.9142948462177889, 0.01403973399833749, 0.012273815461346633, 0.012453532834580217, 0.032534995843724025, 0.014403075644222777], [0.9142948462177889, 0.01403973399833749, 0.012273815461346633, 0.012453532834580217, 0.032534995843724025, 0.014403075644222777], [0.9142948462177889, 0.01403973399833749, 0.012273815461346633, 0.012453532834580217, 0.032534995843724025, 0.014403075644222777], [0.9142948462177889, 0.01403973399833749, 0.012273815461346633, 0.012453532834580217, 0.032534995843724025, 0.014403075644222777], [0.9143325271059215, 0.014021851542952461, 0.012250041701417849, 0.012430358632193494, 0.03257881567973311, 0.014386405337781485], [0.9144254361992851, 0.01397775909186462, 0.012191423165860835, 0.012373218414967416, 0.032686861467311326, 0.014345301660710531], [0.9061235873509591, 0.014907102125453604, 0.012704510108864697, 0.012928667703473302, 0.03797584240539139, 0.015360290305857957], [0.9142948462177889, 0.01403973399833749, 0.012273815461346633, 0.012453532834580217, 0.032534995843724025, 0.014403075644222777], [0.9142760995850623, 0.01404863070539419, 0.012285643153526971, 0.012465062240663901, 0.032513195020746885, 0.014411369294605809], [0.9142948462177889, 0.01403973399833749, 0.012273815461346633, 0.012453532834580217, 0.032534995843724025, 0.014403075644222777], [0.9142948462177889, 0.01403973399833749, 0.012273815461346633, 0.012453532834580217, 0.032534995843724025, 0.014403075644222777], [0.9142948462177889, 0.01403973399833749, 0.012273815461346633, 0.012453532834580217, 0.032534995843724025, 0.014403075644222777], [0.9142948462177889, 0.01403973399833749, 0.012273815461346633, 0.012453532834580217, 0.032534995843724025, 0.014403075644222777], [0.9142948462177889, 0.01403973399833749, 0.012273815461346633, 0.012453532834580217, 0.032534995843724025, 0.014403075644222777], [0.9142948462177889, 0.01403973399833749, 0.012273815461346633, 0.012453532834580217, 0.032534995843724025, 0.014403075644222777], [0.9142948462177889, 0.01403973399833749, 0.012273815461346633, 0.012453532834580217, 0.032534995843724025, 0.014403075644222777], [0.9142948462177889, 0.01403973399833749, 0.012273815461346633, 0.012453532834580217, 0.032534995843724025, 0.014403075644222777], [0.9142948462177889, 0.01403973399833749, 0.012273815461346633, 0.012453532834580217, 0.032534995843724025, 0.014403075644222777], [0.9142948462177889, 0.01403973399833749, 0.012273815461346633, 0.012453532834580217, 0.032534995843724025, 0.014403075644222777], [0.9142948462177889, 0.01403973399833749, 0.012273815461346633, 0.012453532834580217, 0.032534995843724025, 0.014403075644222777], [0.9143325271059215, 0.014021851542952461, 0.012250041701417849, 0.012430358632193494, 0.03257881567973311, 0.014386405337781485], [0.9144639949377767, 0.013959460029529636, 0.012167095549462138, 0.012349504323982283, 0.03273170217253744, 0.014328242986711665], [0.9062075592227841, 0.014786318871439979, 0.012524514240085174, 0.01275469789725845, 0.038475219590098475, 0.015251690178333777], [0.9062693434617469, 0.01469744981009224, 0.012392078133478025, 0.01262669560499186, 0.038842647856755286, 0.01517178513293543], [0.9062835967302453, 0.014676948228882835, 0.012361525885558583, 0.01259716621253406, 0.03892741144414169, 0.015153351498637602], [0.9062835967302453, 0.014676948228882835, 0.012361525885558583, 0.01259716621253406, 0.03892741144414169, 0.015153351498637602], [0.9062835967302453, 0.014676948228882835, 0.012361525885558583, 0.01259716621253406, 0.03892741144414169, 0.015153351498637602], [0.9062835967302453, 0.014676948228882835, 0.012361525885558583, 0.01259716621253406, 0.03892741144414169, 0.015153351498637602], [0.9062835967302453, 0.014676948228882835, 0.012361525885558583, 0.01259716621253406, 0.03892741144414169, 0.015153351498637602], [0.9062835967302453, 0.014676948228882835, 0.012361525885558583, 0.01259716621253406, 0.03892741144414169, 0.015153351498637602], [0.9062693434617469, 0.01469744981009224, 0.012392078133478025, 0.01262669560499186, 0.038842647856755286, 0.01517178513293543]], [[0.9142760995850623, 0.01404863070539419, 0.012285643153526971, 0.012465062240663901, 0.032513195020746885, 0.014411369294605809], [0.8353689032960907, 0.03561793809218494, 0.023249116361408972, 0.02202574259565175, 0.06772287224963801, 0.016015427405025696], [0.09036958096376226, 0.017369561843168957, 0.016054981125443745, 0.015297167340339531, 0.8454967087272856, 0.015411999999999999], [0.8308730787324811, 0.04299950751073643, 0.022767283867243304, 0.021679793401373604, 0.06575184441855118, 0.015928492069614525], [0.851614258255892, 0.038899385273026374, 0.02184176403447216, 0.021922617056309584, 0.04960818676069477, 0.01611378861960515], [0.8581066290879719, 0.036880533929127074, 0.02238926815265095, 0.018889205537990256, 0.04755356228197666, 0.01618080101028324], [0.10265308415550738, 0.022397507352492428, 0.012958573513083788, 0.01539931255178336, 0.8310802361200791, 0.015511286307053942], [0.8624354669782006, 0.03146270080559573, 0.019058719316447627, 0.016987680420853496, 0.05387479198279058, 0.01618064049611207], [0.872320981019295, 0.026663002739551987, 0.02000422099934428, 0.01631552740480035, 0.048293713880523496, 0.016402553956484982], [0.09865340488554475, 0.017395997619255376, 0.01598667932717654, 0.015350585153212052, 0.8371494102932657, 0.01546392272154557], [0.8569770526527227, 0.03256284765182487, 0.020960373377731108, 0.017822631703726097, 0.05555135573282312, 0.016125738881172087], [0.8652912335710089, 0.030454135984056933, 0.02430851994742142, 0.018889205537990252, 0.04487610394923927, 0.01618080101028324], [0.16113535500326132, 0.01737042549189581, 0.012796921380915326, 0.015298912483963376, 0.777984689340517, 0.015413696299447043], [0.8672571263546516, 0.030454135984056933, 0.02430851994742142, 0.018889205537990252, 0.0429102111655965, 0.01618080101028324], [0.8639862510407078, 0.030605476886912272, 0.02324448496679057, 0.018073347659094866, 0.047839342587637966, 0.01625109685885647], [0.20831695334802985, 0.022330236406971994, 0.01439495362843685, 0.018736046678817637, 0.7172866069857142, 0.018935202952029523], [0.9143585788923719, 0.014009487983281086, 0.012233605015673981, 0.012414336468129571, 0.032609111807732495, 0.014374879832810866], [0.8471899570915361, 0.03545306693730588, 0.023209986340307513, 0.021999049361795538, 0.05609810538329198, 0.016049834885762986], [0.847737947880524, 0.03604165516429646, 0.02505487271736648, 0.025314333870758644, 0.04974925094972186, 0.016101939417332643], [0.8513035703310253, 0.03435850419387345, 0.023703922596369074, 0.02458349200202234, 0.04988213128949209, 0.01616837958721776], [0.8379097389953332, 0.045216339349060025, 0.021433999247022238, 0.019362537102663502, 0.06007986253038116, 0.015997522775539955], [0.127111519917564, 0.02022557252982377, 0.015116959519428402, 0.017591063024482434, 0.8044967567226867, 0.015458128286014722], [0.8657927858582183, 0.03126433076153377, 0.022861924652494207, 0.018073347659094862, 0.045756514209802215, 0.01625109685885647], [0.8514419511909437, 0.03569937883488606, 0.021900673465709647, 0.01919353040309448, 0.05545324015289542, 0.016311225952470768], [0.8474105330677605, 0.036451603896001016, 0.022287072469469357, 0.02222715626513852, 0.05538557356063081, 0.01623806074099971], [0.8453382298379816, 0.04032384468691714, 0.023703922596369074, 0.02458349200202234, 0.049882131289492086, 0.01616837958721776], [0.8417726073874802, 0.04200699565734013, 0.025054872717366478, 0.02531433387075864, 0.049749250949721845, 0.016101939417332643], [0.8453382298379816, 0.04032384468691714, 0.023703922596369074, 0.02458349200202234, 0.049882131289492086, 0.01616837958721776], [0.8474105330677605, 0.036451603896001016, 0.022287072469469357, 0.02222715626513852, 0.05538557356063081, 0.01623806074099971], [0.8532032503090744, 0.03788349777026519, 0.02238926815265095, 0.018889205537990252, 0.051453977219736, 0.01618080101028324], [0.10831173802348645, 0.01960488048589866, 0.012904670362565662, 0.01536583399573134, 0.8283341323624434, 0.015478744769874478], [0.9061956510209492, 0.014803447361442588, 0.012550039777247415, 0.012779368867674357, 0.038404402015380534, 0.015267090957305754], [0.8160370642603383, 0.04028510053112118, 0.024843838171731917, 0.022022907711190975, 0.07939697168662485, 0.01741411763899268], [0.8225032029194044, 0.03853414934187082, 0.025358905273726313, 0.025281995525424143, 0.07072748521610732, 0.01759426172346701], [0.8119293950205813, 0.04484279710456219, 0.026457125535459668, 0.027781927671791898, 0.07161132658305422, 0.0173774280845508], [0.11259265137048574, 0.019104888464003843, 0.017421365474001527, 0.016450868256020653, 0.8178322972801749, 0.01659792915531335], [0.8119293950205813, 0.04484279710456219, 0.026457125535459668, 0.027781927671791898, 0.07161132658305422, 0.0173774280845508], [0.8225901596040176, 0.042678432709884986, 0.0247221001436874, 0.024824628837519645, 0.0677261516997609, 0.01745852700512939], [0.14227243941800272, 0.019104888464003843, 0.016155897143019633, 0.019361445417279015, 0.7865074004023815, 0.01659792915531335], [0.9062212777332264, 0.014766586474204757, 0.012495108259823577, 0.012726276396685377, 0.03855680299385191, 0.015233948142207965]], [[0.9142948462177889, 0.01403973399833749, 0.012273815461346633, 0.012453532834580217, 0.032534995843724025, 0.014403075644222777], [0.8319815423164254, 0.03929917527940171, 0.024517152072657308, 0.02496383916480001, 0.0632495560956374, 0.015988735071078078], [0.4382738809701702, 0.10193250095791043, 0.02053502074688797, 0.030248289374411916, 0.3912991876186693, 0.017711120331950207], [0.11760917384770027, 0.034735239133752684, 0.012870520364471897, 0.01839133936167693, 0.8009355990063836, 0.015458128286014722], [0.12151251872966669, 0.0345284361163888, 0.012958573513083788, 0.018404941631695808, 0.7970842437021108, 0.015511286307053942], [0.85313282430261, 0.043288896489548714, 0.013101197139937008, 0.01861252775411514, 0.056697588202977045, 0.015166966110812264], [0.10143076608756217, 0.023185433281086038, 0.012493063694591584, 0.014751491722629712, 0.8334951193400046, 0.014644125874125875], [0.24948557347797531, 0.020563055658708414, 0.012493063694591584, 0.014549770367062202, 0.6882644109275365, 0.014644125874125873], [0.8778794412960569, 0.02981166225798198, 0.013265612308706314, 0.016614210355264003, 0.04701548491802446, 0.015413588863966222], [0.8727223854338451, 0.02949937302517902, 0.013128751302608228, 0.01668459505884463, 0.052756597824703766, 0.015208297354819093], [0.07622621391139175, 0.01892306654945701, 0.012493063694591584, 0.015884997639789476, 0.8618285323306442, 0.014644125874125873], [0.8615614137728388, 0.035849641190739336, 0.013217480762219218, 0.01865143141355494, 0.05537864131641212, 0.015341391544235581], [0.864290462018421, 0.04081877231921212, 0.013128751302608228, 0.019559449012145458, 0.04699426799279408, 0.015208297354819093], [0.8750978387000016, 0.031057065074195332, 0.013299242684136398, 0.018978479101223657, 0.04610334001333164, 0.01546403442711135], [0.8828771603032445, 0.026136792522677567, 0.022386890001853642, 0.017746995899111082, 0.03553396038309399, 0.01531820089001907], [0.9142878089304257, 0.01404307372793354, 0.012278255451713394, 0.01245786085150571, 0.032526812045690544, 0.014406188992731047], [0.8627016739329662, 0.035207429116098254, 0.02074843783468, 0.02274565542939209, 0.043590798894842644, 0.015006004792020727], [0.08967122948140732, 0.028122638374028834, 0.012493063694591584, 0.014549770367062202, 0.840519172208784, 0.014644125874125873], [0.6704982023623365, 0.07955879343579451, 0.018877412587412587, 0.02706236971759885, 0.18750538972902533, 0.01649783216783217], [0.8561822937364473, 0.04269438679304909, 0.013114855453330068, 0.020885023943837774, 0.05193598649243384, 0.015187453580901854], [0.12810538186123852, 0.03243214425517913, 0.012958573513083788, 0.017513890422549094, 0.7934787236408956, 0.015511286307053942], [0.3180332051059642, 0.02609313299977877, 0.012958573513083788, 0.01563869972063111, 0.6117651023534879, 0.01551128630705394], [0.8537283649769676, 0.04195981461326682, 0.013836942181670819, 0.02029585033824529, 0.05381225057311355, 0.016366777316735824], [0.842082578986068, 0.04595905276164224, 0.01381825517840123, 0.022027967374273705, 0.05977339888778349, 0.016338746811831437], [0.8432260037563909, 0.04510220911383754, 0.013895138848996118, 0.02375307064813072, 0.05756950531492087, 0.01645407231772377], [0.8509935860313816, 0.04299228294986568, 0.013186838456347556, 0.02233129275203725, 0.05520057172493986, 0.015295428085428086], [0.6777804158010716, 0.09070503849508302, 0.018877412587412587, 0.027062369717598844, 0.16907693123100156, 0.01649783216783217], [0.8575049509157133, 0.04139245206752992, 0.013265612308706314, 0.022388568033099132, 0.05003482781098516, 0.015413588863966224], [0.8592807496793913, 0.0395791342532687, 0.01328226735177645, 0.021589125965732533, 0.050830151321259606, 0.015438571428571428], [0.8588080996407209, 0.04030115984460063, 0.013217480762219218, 0.020135455025174692, 0.05219641318304894, 0.015341391544235581], [0.08946978428267584, 0.018607272269110492, 0.014360514425678681, 0.016417221098149297, 0.8465010820502598, 0.014644125874125875], [0.9089182638380883, 0.014577371372835893, 0.012505291392343331, 0.012716166788588149, 0.03627920019507437, 0.015003706413069983], [0.15345685345090504, 0.017383292616841527, 0.016077601709548944, 0.015324912616144507, 0.7823183708829758, 0.01543896872358411], [0.8326980288828565, 0.05241800524126313, 0.013709416120182491, 0.021871274653854342, 0.063124478990246, 0.01617879611159751], [0.840778716314861, 0.051082275785951974, 0.013875373943112055, 0.02412558846930587, 0.05371362052787123, 0.016424424958897673], [0.6341660296612263, 0.09254694988646153, 0.02053502074688797, 0.03024828937441191, 0.20479258999906208, 0.017711120331950207], [0.840778716314861, 0.051082275785951974, 0.013875373943112055, 0.02412558846930587, 0.05371362052787123, 0.016424424958897673], [0.8437706289430612, 0.048930371657824566, 0.013895138848996118, 0.023176872986870822, 0.053772915245523425, 0.01645407231772377], [0.8483656009657409, 0.036001934176405154, 0.02184176403447216, 0.02192261705630958, 0.055754295147467055, 0.01611378861960515], [0.9144639949377767, 0.013959460029529636, 0.012167095549462138, 0.012349504323982283, 0.03273170217253744, 0.014328242986711665]], [[0.9142948462177889, 0.01403973399833749, 0.012273815461346633, 0.012453532834580217, 0.032534995843724025, 0.014403075644222777], [0.09082548833612046, 0.017356518343232142, 0.016033492781495847, 0.015270810813617943, 0.8451273085692166, 0.015386381156316915], [0.8247401814623762, 0.052535034567326916, 0.013781891280146893, 0.024036729711955765, 0.06862196201374447, 0.01628420096444993], [0.8325018171439607, 0.04681763488804427, 0.01379990793882745, 0.02314777737032063, 0.06742163670637624, 0.016311225952470764], [0.8350455923259187, 0.04950466554361383, 0.01368025884656425, 0.020220676089945766, 0.06541705487988148, 0.016131752314075966], [0.2532531693339916, 0.021327252389523682, 0.012493063694591584, 0.014751491722629712, 0.6835308969851374, 0.014644125874125875], [0.8543902319624612, 0.04253139057023874, 0.01311485545333007, 0.018309888902615153, 0.056466179530452874, 0.015187453580901856], [0.09861159148684588, 0.020563055658708414, 0.012493063694591584, 0.014549770367062202, 0.839138392918666, 0.014644125874125873], [0.8745601223774552, 0.03189289976912097, 0.01317192769143679, 0.01681412422533032, 0.04828786399859489, 0.015273061938061938], [0.07925272906290691, 0.016252612004002465, 0.012493063694591584, 0.014549770367062202, 0.8628076989973109, 0.014644125874125873], [0.8667231931269627, 0.03303882344740107, 0.013142890938715826, 0.01835307211954137, 0.053512513558398624, 0.015229506808980492], [0.7033402621983034, 0.03995786129347896, 0.013202020326074879, 0.019889159617745386, 0.20829249567437821, 0.015318200890019071], [0.0752021356970033, 0.020201431702936, 0.012451762985062235, 0.014520767938725958, 0.8630082140223857, 0.014615687653886739], [0.8687907804873543, 0.030108520832089772, 0.021131491986063324, 0.01877139413384504, 0.04609987477229479, 0.015097937788352726], [0.9198969930069931, 0.013411608391608392, 0.011926013986013987, 0.012077202797202797, 0.02897090909090909, 0.013717272727272727], [0.9088064114832537, 0.014668516746411484, 0.012635598086124402, 0.012842488038277512, 0.03596019138755981, 0.015086794258373205], [0.10436869642887425, 0.016252612004002465, 0.012493063694591584, 0.014549770367062202, 0.8376917316313436, 0.014644125874125873], [0.856434023541975, 0.04188569908244602, 0.013128751302608226, 0.02045909680960347, 0.05288413190854836, 0.015208297354819093], [0.8507277250301098, 0.04511028793840498, 0.013186838456347556, 0.022613284618363996, 0.05306643587134557, 0.015295428085428086], [0.09629841037763995, 0.028509226637536418, 0.012493063694591584, 0.015556511754580834, 0.8324986616615253, 0.014644125874125873], [0.12884268783019026, 0.02609313299977877, 0.012958573513083788, 0.01563869972063111, 0.800955619629262, 0.01551128630705394], [0.8409614407536845, 0.04626015133923035, 0.01368025884656425, 0.020220676089945766, 0.0627457206564993, 0.016131752314075966], [0.8500423160076374, 0.04195981461326682, 0.013836942181670819, 0.02029585033824529, 0.05749829954244375, 0.016366777316735824], [0.12164718844254208, 0.02352969132430595, 0.012819314186745203, 0.015557382927817283, 0.8110192081970125, 0.015427214921576938], [0.8443094893305898, 0.044277548806230214, 0.01372973779449264, 0.02041859188165933, 0.06105866145105934, 0.01620597073596855], [0.10471068149449822, 0.02937223269097118, 0.012493063694591584, 0.018393886410499855, 0.8203860098353132, 0.014644125874125873], [0.26144742265568444, 0.02822750835581813, 0.012493063694591584, 0.016777290975360053, 0.6664105884444197, 0.014644125874125873], [0.8520141202449638, 0.04126914073581437, 0.013202020326074879, 0.021564608330807374, 0.056631909472320385, 0.015318200890019071], [0.8644247512726843, 0.03851772355374817, 0.013299242684136396, 0.0201259087321115, 0.04816833933020831, 0.015464034427111348], [0.8708430671554958, 0.03456216029788204, 0.013316547634600422, 0.01906401714641045, 0.046724215912803964, 0.015489991852807385], [0.701500392452112, 0.03637505360916471, 0.01963387663861995, 0.017889430283833933, 0.2095456058956791, 0.015055641120590204], [0.9143325271059215, 0.014021851542952461, 0.012250041701417849, 0.012430358632193494, 0.03257881567973311, 0.014386405337781485], [0.8070722725496497, 0.047876910641716085, 0.024021358963597972, 0.025814049485674992, 0.07933105078492707, 0.01588435757443401], [0.13628048991863798, 0.0293351656492222, 0.012794111560226354, 0.017454470711126047, 0.7887237621607873, 0.015411999999999999], [0.831226135432088, 0.05559670243091584, 0.01379990793882745, 0.023495428377912464, 0.05957059986778532, 0.016311225952470764], [0.840778716314861, 0.051082275785951974, 0.013875373943112055, 0.02412558846930587, 0.05371362052787123, 0.016424424958897673], [0.8437706289430612, 0.048930371657824566, 0.013895138848996118, 0.023176872986870822, 0.053772915245523425, 0.01645407231772377], [0.8388437230575679, 0.04290910423888306, 0.01381825517840123, 0.023612510942738432, 0.06447765977057798, 0.016338746811831437], [0.8548579717978207, 0.033983082832505854, 0.02238926815265095, 0.018889205537990252, 0.05369967066874894, 0.01618080101028324], [0.9143325271059215, 0.014021851542952461, 0.012250041701417849, 0.012430358632193494, 0.03257881567973311, 0.014386405337781485]], [[0.9142948462177889, 0.01403973399833749, 0.012273815461346633, 0.012453532834580217, 0.032534995843724025, 0.014403075644222777], [0.8316355407777994, 0.06338942605262372, 0.02184176403447216, 0.0196669554055572, 0.04735252510994238, 0.01611378861960515], [0.8354649633567124, 0.04756241676234396, 0.013895138848996118, 0.02287821264306525, 0.06374519607115837, 0.01645407231772377], [0.8355892327465243, 0.05287607588506489, 0.01381825517840123, 0.022007078452540595, 0.059370610925637446, 0.016338746811831437], [0.11123524636930011, 0.022495990649093023, 0.01295857351308379, 0.01563869972063111, 0.822160203440838, 0.015511286307053944], [0.8546216087011909, 0.042300013831509053, 0.01311485545333007, 0.018309888902615153, 0.056466179530452874, 0.015187453580901856], [0.6969693502144261, 0.19784334128305384, 0.013217480762219218, 0.020577194253596554, 0.0560512419424688, 0.015341391544235581], [0.10034760106683807, 0.020032490794129627, 0.012493063694591584, 0.014549770367062202, 0.8379329482032526, 0.014644125874125873], [0.8517552236512623, 0.039728910758993666, 0.0132332275027366, 0.017856221017427107, 0.06206140541456852, 0.015365011655011654], [0.8563360089132324, 0.04433161521953195, 0.013217480762219218, 0.01865143141355494, 0.05212207214722593, 0.015341391544235581], [0.8546557951435438, 0.04139528863041002, 0.013202020326074879, 0.019889159617745386, 0.05553953539220665, 0.015318200890019071], [0.8442711881644451, 0.046896054931217394, 0.013265612308706314, 0.02104971330076906, 0.0591038424308958, 0.015413588863966222], [0.20039056183888318, 0.02963153846153846, 0.06336636363636364, 0.02180916083916084, 0.6683045430562218, 0.01649783216783217], [0.9198969930069931, 0.013411608391608392, 0.011926013986013987, 0.012077202797202797, 0.02897090909090909, 0.013717272727272727], [0.9198969930069931, 0.013411608391608392, 0.011926013986013987, 0.012077202797202797, 0.02897090909090909, 0.013717272727272727], [0.14568650657579582, 0.03453430152385339, 0.01291823054970018, 0.015374256054195363, 0.7759997741899833, 0.015486931106471816], [0.8658495877719968, 0.032199096133509075, 0.013299439480194072, 0.01788292144269709, 0.05527409693405485, 0.015494858237547891], [0.863705370482365, 0.03784351615526368, 0.013299242684136398, 0.020567647960533363, 0.049120188290590214, 0.01546403442711135], [0.8597602470591835, 0.04169713924180799, 0.013282267351776449, 0.021871117832059275, 0.047950657086601255, 0.015438571428571427], [0.8550003911374332, 0.042721619052719075, 0.013217480762219218, 0.020559592050317956, 0.05315952545307486, 0.01534139154423558], [0.8475675373532442, 0.04427754880623021, 0.01372973779449264, 0.02041859188165933, 0.05780061342840492, 0.01620597073596855], [0.11962781180395358, 0.03462911338495496, 0.012816523395475798, 0.017472296827117605, 0.800028724478235, 0.015425530110262934], [0.8372962592329913, 0.04595905276164224, 0.01381825517840123, 0.022027967374273705, 0.06455971864086008, 0.016338746811831437], [0.6660116981793839, 0.04099621947282677, 0.013746814599529873, 0.019513521214686018, 0.2435001605900492, 0.0162315859435244], [0.8319057110431199, 0.04595905276164224, 0.013818255178401231, 0.022027967374273705, 0.06995026683073148, 0.016338746811831437], [0.8424505074445257, 0.045276513543158974, 0.013202020326074879, 0.021547006127528776, 0.06220575166869269, 0.015318200890019071], [0.8478928790296049, 0.04436380734241731, 0.013202020326074879, 0.021547006127528773, 0.05767608628435501, 0.01531820089001907], [0.8650403924550776, 0.03851772355374817, 0.013299242684136396, 0.0201259087321115, 0.04755269814781476, 0.015464034427111348], [0.7228919796501049, 0.03456216029788204, 0.013316547634600422, 0.01906401714641045, 0.19467530341819475, 0.015489991852807385], [0.85669908158185, 0.04030115984460063, 0.013217480762219218, 0.020135455025174696, 0.05430543124191986, 0.015341391544235583], [0.07623514519749697, 0.016252612004002465, 0.01517244952615133, 0.014549770367062204, 0.8631458970311612, 0.014644125874125875], [0.9142948462177889, 0.01403973399833749, 0.012273815461346633, 0.012453532834580217, 0.032534995843724025, 0.014403075644222777], [0.3527698321839769, 0.07699726102063728, 0.03036819155148919, 0.02870436089503762, 0.4936143703114831, 0.0175459840373759], [0.822594254470047, 0.05396908427212014, 0.013781891280146893, 0.02442615856301381, 0.06894441045022237, 0.01628420096444993], [0.8343800121312246, 0.05266897538617635, 0.013895138848996118, 0.023246752572390186, 0.05935504874348899, 0.01645407231772377], [0.8359270121487324, 0.05266897538617635, 0.013895138848996118, 0.023246752572390186, 0.05780804872598107, 0.01645407231772377], [0.8388437230575679, 0.04290910423888306, 0.01381825517840123, 0.023612510942738432, 0.06447765977057798, 0.016338746811831437], [0.10678897388679764, 0.027730724852619758, 0.012829063350912988, 0.015563075693850147, 0.821655061686719, 0.015433100529100529], [0.09913236427197908, 0.022457774696087514, 0.012829063350912988, 0.015318875449649903, 0.83482882170227, 0.015433100529100529], [0.9142948462177889, 0.01403973399833749, 0.012273815461346633, 0.012453532834580217, 0.032534995843724025, 0.014403075644222777]], [[0.9142948462177889, 0.01403973399833749, 0.012273815461346633, 0.012453532834580217, 0.032534995843724025, 0.014403075644222777], [0.8418183875995647, 0.03435850419387345, 0.023703922596369074, 0.02458349200202234, 0.059367314020952584, 0.01616837958721776], [0.8304507051018113, 0.04971432089047136, 0.013875373943112055, 0.0238269281255003, 0.0657082469802073, 0.016424424958897673], [0.8326670182182162, 0.04681763488804427, 0.01379990793882745, 0.02314777737032063, 0.06725643563212054, 0.016311225952470764], [0.10820626175692923, 0.023875358169539382, 0.012958573513083788, 0.01563869972063111, 0.8238098205327624, 0.015511286307053942], [0.09989161144522651, 0.024516242519544793, 0.012493063694591584, 0.015197147761506088, 0.8332578087050051, 0.014644125874125873], [0.845422672183627, 0.04525932122713718, 0.013202020326074879, 0.021389624018232807, 0.059408161354909006, 0.015318200890019071], [0.6953384580333227, 0.04871308258502734, 0.013217480762219218, 0.020577194253596554, 0.2068123928215987, 0.015341391544235581], [0.7097330293386943, 0.19297072419325179, 0.013316547634600422, 0.01950575637483231, 0.04898395060581393, 0.015489991852807385], [0.7045883620013496, 0.1953383723257767, 0.013217480762219218, 0.018651431413554936, 0.052862961952863934, 0.01534139154423558], [0.10461574894432756, 0.02020369323860566, 0.012432155967030664, 0.014506999382644761, 0.8336392155185377, 0.014602186948853615], [0.852915272236657, 0.03237929786330314, 0.022232984788497945, 0.019368946178225294, 0.05805704735244318, 0.015046451580873487], [0.9198969930069931, 0.013411608391608392, 0.011926013986013987, 0.012077202797202797, 0.02897090909090909, 0.013717272727272727], [0.9198969930069931, 0.013411608391608392, 0.011926013986013987, 0.012077202797202797, 0.02897090909090909, 0.013717272727272727], [0.8753947162591305, 0.02874748394785323, 0.024448831352378207, 0.018924451121316764, 0.03691647050976235, 0.015568046809559003], [0.8644276296921944, 0.031649697954109254, 0.023949851356405722, 0.01861024107831138, 0.045301335105701133, 0.01606124481327801], [0.08686545808690536, 0.01870487476714606, 0.012493063694591584, 0.014549770367062202, 0.8527427072101689, 0.014644125874125873], [0.8653004309851441, 0.036256965055352225, 0.013233227502736599, 0.01911761311484534, 0.050726751686909974, 0.015365011655011654], [0.8591039718809663, 0.040161118552866075, 0.013299242684136398, 0.020315979628865027, 0.05165565282605474, 0.01546403442711135], [0.8523650197325132, 0.045649052845577257, 0.013202020326074879, 0.021518445116347443, 0.05194726108946808, 0.015318200890019071], [0.8351663750825444, 0.047852558847091844, 0.013895138848996118, 0.02345441030432515, 0.0631774445993185, 0.01645407231772377], [0.8268930066504065, 0.04915266773303562, 0.013781891280146891, 0.02463381629494877, 0.06925441707701233, 0.01628420096444993], [0.8285122201079762, 0.047107776972792156, 0.01379990793882745, 0.02372397503158053, 0.07054489399635269, 0.016311225952470764], [0.1202627683545991, 0.026700425473433355, 0.01291416844225274, 0.018076960744686545, 0.806561198188287, 0.015484478796741174], [0.12020517248495335, 0.03249735932234433, 0.012926339518987463, 0.017504452009317478, 0.8013748501422955, 0.015491826522101751], [0.5383749897400326, 0.0459754830362961, 0.013186838456347556, 0.022331292752037255, 0.36483596792985856, 0.015295428085428088], [0.8484700380711225, 0.043124031601683, 0.01328226735177645, 0.0213374576340642, 0.05834763391278229, 0.015438571428571428], [0.864292573554569, 0.03913072166674629, 0.013299242684136398, 0.0201259087321115, 0.04768751893532541, 0.01546403442711135], [0.8726437491124277, 0.03456216029788204, 0.013316547634600422, 0.01906401714641045, 0.04492353395587201, 0.015489991852807385], [0.8733449029006567, 0.03456216029788204, 0.013316547634600422, 0.01906401714641045, 0.04422238016764298, 0.015489991852807385], [0.8552844669314942, 0.035070802304913405, 0.01963387663861995, 0.017889430283833933, 0.05706578272054819, 0.015055641120590204], [0.9142948462177889, 0.01403973399833749, 0.012273815461346633, 0.012453532834580217, 0.032534995843724025, 0.014403075644222777], [0.08731099948210859, 0.05497553151150109, 0.012774375657930829, 0.015284909624326888, 0.8142540983634838, 0.015400085360648741], [0.8376770386830223, 0.04566376878068505, 0.01379990793882745, 0.021193379516636537, 0.06535467912835778, 0.016311225952470764], [0.8405770589549771, 0.04198061987568018, 0.013915283849224106, 0.02412540380378648, 0.06291734369826628, 0.01648428981806575], [0.8433944693352234, 0.04198061987568018, 0.013915283849224106, 0.02412540380378648, 0.06009993331802005, 0.01648428981806575], [0.8507122716427827, 0.03883346598788638, 0.013935820014505065, 0.022865233706232536, 0.057138114582605995, 0.01651509406598719], [0.8676435260190938, 0.033412076249188585, 0.013855978474721153, 0.019245411037694376, 0.04944767646299083, 0.016395331756311318], [0.8660995358709329, 0.02934259964175885, 0.02503843604018736, 0.017216510617332585, 0.0459779942806494, 0.01632492354913886], [0.9142948462177889, 0.01403973399833749, 0.012273815461346633, 0.012453532834580217, 0.032534995843724025, 0.014403075644222777]], [[0.9142948462177889, 0.01403973399833749, 0.012273815461346633, 0.012453532834580217, 0.032534995843724025, 0.014403075644222777], [0.8353462587488774, 0.03604165516429645, 0.02505487271736648, 0.025314333870758644, 0.06214094008136849, 0.016101939417332643], [0.4261034864872102, 0.09643815269635654, 0.02053502074688797, 0.03347621897807481, 0.40573600075952015, 0.017711120331950207], [0.8245691887423146, 0.048862525648287726, 0.013781891280146891, 0.024057618633688868, 0.07244457473111206, 0.01628420096444993], [0.11285230742987197, 0.04061163509426517, 0.012958573513083788, 0.020323390986260056, 0.797742806669465, 0.015511286307053942], [0.8495204334517878, 0.04182119768033984, 0.013087770323381116, 0.019507153346672086, 0.06091661931184058, 0.015146825885978429], [0.8536287639407288, 0.04189784289617759, 0.013265612308706314, 0.021903030843016483, 0.05389116114740454, 0.015413588863966222], [0.8494256244771092, 0.04374981629511766, 0.01328226735177645, 0.021162473321489635, 0.05694124712593556, 0.015438571428571428], [0.8451241875921235, 0.05120359308151169, 0.013217480762219218, 0.020559592050317956, 0.05455375496959199, 0.01534139154423558], [0.8480072084142032, 0.046076696360631136, 0.013202020326074879, 0.021389624018232807, 0.05600624999083883, 0.015318200890019071], [0.8625189334663989, 0.04138793318521305, 0.013186838456347555, 0.020655844038975267, 0.0469550227676372, 0.015295428085428085], [0.7323720622050028, 0.06794022388266224, 0.0276147138047138, 0.026175808403671418, 0.12937131291607093, 0.016525878787878787], [0.9198969930069931, 0.013411608391608392, 0.011926013986013987, 0.012077202797202797, 0.02897090909090909, 0.013717272727272727], [0.9198969930069931, 0.013411608391608392, 0.011926013986013987, 0.012077202797202797, 0.02897090909090909, 0.013717272727272727], [0.9198969930069931, 0.013411608391608392, 0.011926013986013987, 0.012077202797202797, 0.02897090909090909, 0.013717272727272727], [0.9142760995850623, 0.01404863070539419, 0.012285643153526971, 0.012465062240663901, 0.032513195020746885, 0.014411369294605809], [0.8744735404466788, 0.02723582787467734, 0.018770466109540425, 0.017490554316977804, 0.04682131389730659, 0.015208297354819093], [0.8569140495391554, 0.03962695244611614, 0.013217480762219218, 0.020577194253596554, 0.05432293145467716, 0.01534139154423558], [0.851796254642893, 0.045649052845577257, 0.013202020326074879, 0.021518445116347443, 0.05251602617908823, 0.01531820089001907], [0.1054075269965505, 0.02990800370607448, 0.012432155967030664, 0.01686127346323212, 0.8207888529182585, 0.014602186948853617], [0.8228158556300603, 0.052825176652074805, 0.013781891280146891, 0.024612927373215666, 0.06967994810005246, 0.01628420096444993], [0.4226965956095285, 0.12995549005612955, 0.02053502074688797, 0.03024828937441191, 0.37885348388109186, 0.017711120331950207], [0.8286554443087089, 0.05000446297521926, 0.013875373943112055, 0.0244031257867602, 0.0666371680273019, 0.016424424958897673], [0.8246057250548546, 0.050538745338004405, 0.013664324948078834, 0.021858545616231753, 0.07322480757648235, 0.01610785146634784], [0.128276427285283, 0.04183865799943577, 0.012958573513083788, 0.01931408193228417, 0.7821009729628592, 0.01551128630705394], [0.36177522540780255, 0.2524390811983248, 0.018877412587412587, 0.027062369717598844, 0.323348078921029, 0.01649783216783217], [0.8490728808024205, 0.04497608186567937, 0.013265612308706314, 0.02238856803309913, 0.054883268126128516, 0.015413588863966222], [0.856692930821028, 0.04229931337969783, 0.013282267351776449, 0.02158912596573253, 0.050697791053193664, 0.015438571428571427], [0.8653415632293775, 0.0397825340707421, 0.013299242684136398, 0.0201259087321115, 0.045986716856521156, 0.01546403442711135], [0.8662502516913607, 0.037120234058052995, 0.013157280833869578, 0.018458377734503435, 0.04976276403050208, 0.01525109165171112], [0.11868145446580701, 0.016252612004002465, 0.015079329887415156, 0.014549770367062202, 0.8207927074015873, 0.014644125874125873], [0.9142948462177889, 0.01403973399833749, 0.012273815461346633, 0.012453532834580217, 0.032534995843724025, 0.014403075644222777], [0.5412087519938129, 0.03487057048060079, 0.060199390957338096, 0.02008190959098269, 0.3276986410000126, 0.015940735977252814], [0.6431959235896016, 0.04112775517111199, 0.013915283849224106, 0.022239502169916867, 0.26303724540207946, 0.01648428981806575], [0.8535666311468553, 0.03169111413720732, 0.013935820014505065, 0.021253766236430865, 0.06303757439901442, 0.01651509406598719], [0.8479392424105797, 0.0401038763506247, 0.013935820014505065, 0.022865233706232533, 0.05864073345207065, 0.01651509406598719], [0.8382292169714386, 0.04714587223946495, 0.013915283849224106, 0.02412540380378648, 0.06009993331802005, 0.01648428981806575], [0.8490318156378489, 0.04051392199282016, 0.013935820014505065, 0.022865233706232536, 0.057138114582605995, 0.01651509406598719], [0.8620368307329686, 0.03126433076153378, 0.026617879777743943, 0.018073347659094866, 0.04575651420980222, 0.01625109685885647], [0.9142948462177889, 0.01403973399833749, 0.012273815461346633, 0.012453532834580217, 0.032534995843724025, 0.014403075644222777]], [[0.9142948462177889, 0.01403973399833749, 0.012273815461346633, 0.012453532834580217, 0.032534995843724025, 0.014403075644222777], [0.8419835886738206, 0.03435850419387346, 0.023703922596369078, 0.024583492002022343, 0.0592021129466969, 0.016168379587217764], [0.834583760445677, 0.046963971157217066, 0.013875373943112055, 0.02412558846930587, 0.06402688102579034, 0.016424424958897673], [0.8256744182131583, 0.049163460448585786, 0.013895138848996118, 0.02287821264306525, 0.07193469752847054, 0.01645407231772377], [0.6428171508764917, 0.04729089599176189, 0.013712957977369098, 0.021501196586778036, 0.258496997557316, 0.01618080101028324], [0.09655877430749539, 0.196412140353641, 0.012493063694591584, 0.01663682974167848, 0.6632550660284676, 0.014644125874125873], [0.5122377110599562, 0.09400421823449977, 0.018877412587412587, 0.027062369717598844, 0.3313204562327003, 0.01649783216783217], [0.8452317036611148, 0.04584245919834191, 0.013186838456347556, 0.02182815335867601, 0.058615417240091776, 0.015295428085428086], [0.08479593810611595, 0.024022072273462734, 0.012493063694591584, 0.016075744393036228, 0.8479690556586675, 0.014644125874125873], [0.10237694595487226, 0.023533270831314436, 0.012493063694591584, 0.01661202184107838, 0.8303405718040173, 0.014644125874125873], [0.8520955099985562, 0.04188569908244602, 0.013128751302608226, 0.02045909680960347, 0.057222645451966966, 0.015208297354819093], [0.11964707981019883, 0.02019666794805841, 0.012493063694591584, 0.014549770367062202, 0.8184692923059631, 0.014644125874125873], [0.0906466684568463, 0.016252612004002465, 0.0477078489093768, 0.014549770367062202, 0.8161989743885864, 0.014644125874125873], [0.8223769170175542, 0.029630725140698318, 0.02292058992533324, 0.017889430283833933, 0.0921266965119901, 0.015055641120590204], [0.9198969930069931, 0.013411608391608392, 0.011926013986013987, 0.012077202797202797, 0.02897090909090909, 0.013717272727272727], [0.9142760995850623, 0.01404863070539419, 0.012285643153526971, 0.012465062240663901, 0.032513195020746885, 0.014411369294605809], [0.9198969930069931, 0.013411608391608392, 0.011926013986013987, 0.012077202797202797, 0.02897090909090909, 0.013717272727272727], [0.09355942310236454, 0.016242676370202404, 0.015159104049383657, 0.014534459224762503, 0.8458752246612139, 0.014629112592072956], [0.8500471514330146, 0.04427752845302563, 0.013186838456347556, 0.02230273174085592, 0.05489032183132844, 0.015295428085428088], [0.4815631843470837, 0.1036913731848126, 0.018877412587412587, 0.027062369717598844, 0.35230782799526, 0.01649783216783217], [0.8278295896821954, 0.05000446297521926, 0.013875373943112055, 0.024403125786760196, 0.06746302265381517, 0.016424424958897673], [0.8227556521811031, 0.052825176652074805, 0.013781891280146891, 0.024612927373215666, 0.06974015154900966, 0.01628420096444993], [0.8308030084484626, 0.04758103807650978, 0.013712957977369098, 0.022077394248037938, 0.06964480023933732, 0.01618080101028324], [0.11957221413142446, 0.02943857261644968, 0.012958573513083788, 0.018086018897264418, 0.8044333345347237, 0.015511286307053942], [0.11156036326631444, 0.037716283572341434, 0.01295857351308379, 0.017513890422549094, 0.8047396029186572, 0.015511286307053944], [0.09819522609100602, 0.19010452365582028, 0.012493063694591584, 0.018393886410499855, 0.6661691742739563, 0.014644125874125873], [0.8480519941005482, 0.04520511782826629, 0.013202020326074879, 0.021564608330807374, 0.05665805852428409, 0.015318200890019073], [0.715144315014863, 0.19065434789431981, 0.013299242684136396, 0.020125908732111498, 0.04531215124745772, 0.015464034427111348], [0.8550803169324451, 0.043754902271265106, 0.013217480762219218, 0.020577194