{"prediction": [[[0.9142948462177889, 0.01403973399833749, 0.012273815461346633, 0.012453532834580217, 0.032534995843724025, 0.014403075644222777], [0.9142760995850623, 0.01404863070539419, 0.012285643153526971, 0.012465062240663901, 0.032513195020746885, 0.014411369294605809], [0.9142948462177889, 0.01403973399833749, 0.012273815461346633, 0.012453532834580217, 0.032534995843724025, 0.014403075644222777], [0.9142948462177889, 0.01403973399833749, 0.012273815461346633, 0.012453532834580217, 0.032534995843724025, 0.014403075644222777], [0.9142948462177889, 0.01403973399833749, 0.012273815461346633, 0.012453532834580217, 0.032534995843724025, 0.014403075644222777], [0.9142948462177889, 0.01403973399833749, 0.012273815461346633, 0.012453532834580217, 0.032534995843724025, 0.014403075644222777], [0.9142948462177889, 0.01403973399833749, 0.012273815461346633, 0.012453532834580217, 0.032534995843724025, 0.014403075644222777], [0.9142948462177889, 0.01403973399833749, 0.012273815461346633, 0.012453532834580217, 0.032534995843724025, 0.014403075644222777], [0.9142948462177889, 0.01403973399833749, 0.012273815461346633, 0.012453532834580217, 0.032534995843724025, 0.014403075644222777], [0.9142948462177889, 0.01403973399833749, 0.012273815461346633, 0.012453532834580217, 0.032534995843724025, 0.014403075644222777], [0.9142948462177889, 0.01403973399833749, 0.012273815461346633, 0.012453532834580217, 0.032534995843724025, 0.014403075644222777], [0.9142948462177889, 0.01403973399833749, 0.012273815461346633, 0.012453532834580217, 0.032534995843724025, 0.014403075644222777], [0.9142948462177889, 0.01403973399833749, 0.012273815461346633, 0.012453532834580217, 0.032534995843724025, 0.014403075644222777], [0.9143325271059215, 0.014021851542952461, 0.012250041701417849, 0.012430358632193494, 0.03257881567973311, 0.014386405337781485], [0.9144639949377767, 0.013959460029529636, 0.012167095549462138, 0.012349504323982283, 0.03273170217253744, 0.014328242986711665], [0.9062212777332264, 0.014766586474204757, 0.012495108259823577, 0.012726276396685377, 0.03855680299385191, 0.015233948142207965], [0.9062693434617469, 0.01469744981009224, 0.012392078133478025, 0.01262669560499186, 0.038842647856755286, 0.01517178513293543], [0.9062835967302453, 0.014676948228882835, 0.012361525885558583, 0.01259716621253406, 0.03892741144414169, 0.015153351498637602], [0.9062835967302453, 0.014676948228882835, 0.012361525885558583, 0.01259716621253406, 0.03892741144414169, 0.015153351498637602], [0.9062835967302453, 0.014676948228882835, 0.012361525885558583, 0.01259716621253406, 0.03892741144414169, 0.015153351498637602], [0.9062835967302453, 0.014676948228882835, 0.012361525885558583, 0.01259716621253406, 0.03892741144414169, 0.015153351498637602], [0.9062835967302453, 0.014676948228882835, 0.012361525885558583, 0.01259716621253406, 0.03892741144414169, 0.015153351498637602], [0.9062835967302453, 0.014676948228882835, 0.012361525885558583, 0.01259716621253406, 0.03892741144414169, 0.015153351498637602], [0.9062693434617469, 0.01469744981009224, 0.012392078133478025, 0.01262669560499186, 0.038842647856755286, 0.01517178513293543], [0.9062212777332264, 0.014766586474204757, 0.012495108259823577, 0.012726276396685377, 0.03855680299385191, 0.015233948142207965], [0.9144639949377767, 0.013959460029529636, 0.012167095549462138, 0.012349504323982283, 0.03273170217253744, 0.014328242986711665], [0.9143325271059215, 0.014021851542952461, 0.012250041701417849, 0.012430358632193494, 0.03257881567973311, 0.014386405337781485], [0.9142948462177889, 0.01403973399833749, 0.012273815461346633, 0.012453532834580217, 0.032534995843724025, 0.014403075644222777], [0.9142948462177889, 0.01403973399833749, 0.012273815461346633, 0.012453532834580217, 0.032534995843724025, 0.014403075644222777], [0.9142760995850623, 0.01404863070539419, 0.012285643153526971, 0.012465062240663901, 0.032513195020746885, 0.014411369294605809], [0.9142760995850623, 0.01404863070539419, 0.012285643153526971, 0.012465062240663901, 0.032513195020746885, 0.014411369294605809], [0.9142760995850623, 0.01404863070539419, 0.012285643153526971, 0.012465062240663901, 0.032513195020746885, 0.014411369294605809], [0.9142760995850623, 0.01404863070539419, 0.012285643153526971, 0.012465062240663901, 0.032513195020746885, 0.014411369294605809], [0.9142760995850623, 0.01404863070539419, 0.012285643153526971, 0.012465062240663901, 0.032513195020746885, 0.014411369294605809], [0.9142760995850623, 0.01404863070539419, 0.012285643153526971, 0.012465062240663901, 0.032513195020746885, 0.014411369294605809], [0.9142760995850623, 0.01404863070539419, 0.012285643153526971, 0.012465062240663901, 0.032513195020746885, 0.014411369294605809], [0.9142760995850623, 0.01404863070539419, 0.012285643153526971, 0.012465062240663901, 0.032513195020746885, 0.014411369294605809], [0.9142948462177889, 0.01403973399833749, 0.012273815461346633, 0.012453532834580217, 0.032534995843724025, 0.014403075644222777], [0.9142760995850623, 0.01404863070539419, 0.012285643153526971, 0.012465062240663901, 0.032513195020746885, 0.014411369294605809], [0.9142948462177889, 0.01403973399833749, 0.012273815461346633, 0.012453532834580217, 0.032534995843724025, 0.014403075644222777]], [[0.9142760995850623, 0.01404863070539419, 0.012285643153526971, 0.012465062240663901, 0.032513195020746885, 0.014411369294605809], [0.8694937915112163, 0.027443203505359733, 0.01930030426761539, 0.017194085343857274, 0.050275274037461765, 0.01629334133448948], [0.09913236427197908, 0.022457774696087514, 0.012829063350912988, 0.015318875449649903, 0.83482882170227, 0.015433100529100529], [0.14616151039549483, 0.023186040113039617, 0.015131323101002316, 0.017597129465817225, 0.7824526491988023, 0.015471347725843639], [0.8368738763750899, 0.049918499671919844, 0.021447601749823637, 0.01936228656709093, 0.05642296714918413, 0.015974768486891527], [0.8488395586705932, 0.04614760434650565, 0.02238926815265095, 0.018889205537990256, 0.04755356228197666, 0.01618080101028324], [0.10697427799658855, 0.019609706364581495, 0.015919436179018136, 0.015270810813617943, 0.826839387489877, 0.015386381156316915], [0.8485036711415935, 0.04855344547815862, 0.02286192465249421, 0.018073347659094866, 0.04575651420980222, 0.01625109685885647], [0.6645482866848037, 0.22649345827878525, 0.021900673465709647, 0.01919353040309448, 0.05155282521513608, 0.016311225952470764], [0.8538930414484165, 0.044635895506992915, 0.01963387663861995, 0.017889430283833933, 0.048892115001546506, 0.015055641120590204], [0.08946978428267584, 0.018607272269110492, 0.014360514425678681, 0.016417221098149297, 0.8465010820502598, 0.014644125874125875], [0.8779694260009616, 0.02791854445290084, 0.020838195249129735, 0.016803065684761753, 0.04120323594446815, 0.015267532667777655], [0.8814381373656007, 0.024249618661706912, 0.018988584572335154, 0.016283543561974537, 0.04358887382680563, 0.01545124201157694], [0.8852975284594415, 0.022427794294428004, 0.017526330803861293, 0.01549248824460343, 0.04373270206632766, 0.015523156131337949], [0.8824656410142658, 0.02629918361420938, 0.019507265386363527, 0.016081045660059974, 0.04031712105467309, 0.015329743270428202], [0.10367346633864424, 0.019603180232903653, 0.01295857351308379, 0.01539931255178336, 0.832854181056531, 0.015511286307053944], [0.11061036437922452, 0.017415995979811666, 0.015165933994777973, 0.0176117473350133, 0.8236927566479708, 0.015503201663201663], [0.8545117093525133, 0.036001934176405154, 0.02184176403447216, 0.021922617056309584, 0.04960818676069477, 0.01611378861960515], [0.8470731202831477, 0.03435850419387345, 0.023703922596369074, 0.02458349200202234, 0.054112581337369514, 0.01616837958721776], [0.83953518652551, 0.0392991752794017, 0.024517152072657304, 0.024963839164800005, 0.0556959118865527, 0.015988735071078078], [0.16230866932892338, 0.017806853829195265, 0.016420289786711312, 0.015620979914631013, 0.7721011066019394, 0.015742100538599643], [0.8332877747307259, 0.04288224734933049, 0.022953917970932942, 0.020611028216742468, 0.06344667690233043, 0.016818354829937723], [0.1241774163708758, 0.017383292616841527, 0.018222397535467637, 0.017582270642733298, 0.8071956541104975, 0.015438968723584108], [0.8656610926164089, 0.03130632402052734, 0.022874177977310443, 0.018068652033486825, 0.045849801892826704, 0.016239951459439555], [0.8436438062055654, 0.03354581232142041, 0.02523554656051398, 0.02027828389438837, 0.05946738858303651, 0.017829162435075298], [0.8514419511909437, 0.03569937883488606, 0.021900673465709647, 0.01919353040309448, 0.05545324015289542, 0.016311225952470768], [0.8474105330677605, 0.036451603896001016, 0.022287072469469357, 0.02222715626513852, 0.05538557356063081, 0.01623806074099971], [0.8453382298379816, 0.04032384468691714, 0.023703922596369074, 0.02458349200202234, 0.049882131289492086, 0.01616837958721776], [0.8467108794769946, 0.03990234911416448, 0.02184176403447216, 0.021922617056309584, 0.05350860169845411, 0.01611378861960515], [0.1257796496306597, 0.017356518343232142, 0.015039002679846262, 0.017558138047411985, 0.808880310142533, 0.015386381156316915], [0.9142760995850623, 0.01404863070539419, 0.012285643153526971, 0.012465062240663901, 0.032513195020746885, 0.014411369294605809], [0.9142760995850623, 0.01404863070539419, 0.012285643153526971, 0.012465062240663901, 0.032513195020746885, 0.014411369294605809], [0.9142760995850623, 0.01404863070539419, 0.012285643153526971, 0.012465062240663901, 0.032513195020746885, 0.014411369294605809], [0.9142760995850623, 0.01404863070539419, 0.012285643153526971, 0.012465062240663901, 0.032513195020746885, 0.014411369294605809], [0.9142760995850623, 0.01404863070539419, 0.012285643153526971, 0.012465062240663901, 0.032513195020746885, 0.014411369294605809], [0.9142760995850623, 0.01404863070539419, 0.012285643153526971, 0.012465062240663901, 0.032513195020746885, 0.014411369294605809], [0.8616882152608913, 0.030126626834357628, 0.02535047233648059, 0.018347440393518995, 0.048099101948682804, 0.016388143226068536], [0.8630736398769983, 0.026251481964582546, 0.02480546642580275, 0.017456819330807956, 0.051943483624584334, 0.016469108777224087], [0.870613390791876, 0.025913500496749967, 0.021968884091821808, 0.016518056589031455, 0.04843171718586236, 0.016554450844658314], [0.9142760995850623, 0.01404863070539419, 0.012285643153526971, 0.012465062240663901, 0.032513195020746885, 0.014411369294605809]], [[0.9142948462177889, 0.01403973399833749, 0.012273815461346633, 0.012453532834580217, 0.032534995843724025, 0.014403075644222777], [0.8642909785744108, 0.02896146313514463, 0.022313250526419484, 0.018347440393518995, 0.049698724144437496, 0.016388143226068536], [0.847812516549202, 0.04520432881765028, 0.013836942181670819, 0.02029585033824529, 0.05648358479649573, 0.01636677731673582], [0.832257463016798, 0.052292794852734574, 0.01368025884656425, 0.020220676089945766, 0.06541705487988148, 0.016131752314075966], [0.11699344235022252, 0.040178905346080256, 0.012911457540870192, 0.01839766325282629, 0.7960356892947448, 0.015482842215256008], [0.6461229255922288, 0.23897496184660597, 0.01381825517840123, 0.022027967374273705, 0.06271714319665889, 0.016338746811831437], [0.8318120612558999, 0.061204784110952294, 0.013836942181670819, 0.02029585033824529, 0.05648358479649573, 0.01636677731673582], [0.6584245655624903, 0.23875282992860816, 0.013935820014505065, 0.020756468480802447, 0.05161522194760675, 0.01651509406598719], [0.8239422467214972, 0.06312153350098039, 0.01381825517840123, 0.022027967374273705, 0.060751250413016114, 0.016338746811831437], [0.09956164714087669, 0.03066906679737657, 0.012493063694591584, 0.01708248578055486, 0.8255496107124742, 0.014644125874125873], [0.0965893656111771, 0.026231451234079314, 0.012493063694591584, 0.016086718995356984, 0.833955274590669, 0.014644125874125873], [0.8655127964244949, 0.03525592293069522, 0.013233227502736599, 0.01867587388642348, 0.05195716760063805, 0.015365011655011654], [0.8829849994694575, 0.027258988329541517, 0.013334191897818643, 0.018142006264160616, 0.042763355791386834, 0.015516458247634717], [0.8869791468613938, 0.025299929188333282, 0.01335218555238772, 0.01727831084484493, 0.04154697882355193, 0.015543448729488332], [0.878422325011484, 0.0290068790728124, 0.01317192769143679, 0.01716526880724413, 0.04696053747896067, 0.015273061938061938], [0.10312875731116752, 0.023701232502675126, 0.012958573513083788, 0.01722324328909584, 0.8274769070769238, 0.015511286307053942], [0.12133069368737777, 0.03450238156108559, 0.012958573513083788, 0.019023434798830917, 0.7966736301325679, 0.015511286307053942], [0.8387823248238006, 0.046851206326809405, 0.013712957977369098, 0.022043500267963825, 0.06242920959377385, 0.01618080101028324], [0.8277802576108373, 0.05067789683637066, 0.013781891280146893, 0.02459992231487466, 0.06687583099332069, 0.01628420096444993], [0.41298128787762106, 0.11672799591938049, 0.02053502074688797, 0.030248289374411916, 0.40179628574974835, 0.017711120331950207], [0.8232901697716914, 0.04952897956219846, 0.013696467467437343, 0.02295139127442101, 0.07437692667886606, 0.016156065245385605], [0.12938255541695945, 0.03335566227773396, 0.012877379061568038, 0.019620226403231775, 0.7893019079329435, 0.015462268907563024], [0.8409614407536845, 0.04626015133923035, 0.01368025884656425, 0.020220676089945766, 0.0627457206564993, 0.016131752314075966], [0.8607002739252929, 0.03914845578918782, 0.013935820014505065, 0.020756468480802447, 0.04894388772422458, 0.01651509406598719], [0.8399080779907514, 0.04596267475753083, 0.014818414267020607, 0.023243715550350534, 0.058062618870005765, 0.018004498564340915], [0.8437760616842175, 0.04595905276164224, 0.01381825517840123, 0.022027967374273705, 0.058079916189633936, 0.016338746811831437], [0.8432260037563909, 0.04510220911383754, 0.013895138848996118, 0.02375307064813072, 0.05756950531492087, 0.01645407231772377], [0.8402340911281909, 0.04725411324196497, 0.013875373943112055, 0.024701786130565777, 0.05751021059726869, 0.016424424958897677], [0.8353355266368109, 0.047107776972792156, 0.01379990793882745, 0.02372397503158053, 0.06372158746751812, 0.016311225952470764], [0.8402673980458651, 0.04714701146559207, 0.013818255178401231, 0.022552189031239067, 0.05987639946707129, 0.016338746811831437], [0.8542460573096158, 0.032435299127045805, 0.02238926815265095, 0.018889205537990256, 0.05585936886241414, 0.01618080101028324], [0.10021471393254049, 0.017356518343232142, 0.015919436179018136, 0.015270810813617943, 0.8358521395752743, 0.015386381156316915], [0.8611110179678795, 0.030454135984056933, 0.02430851994742142, 0.018889205537990252, 0.049056319552368784, 0.01618080101028324], [0.8602712085840377, 0.031003405252781627, 0.026187487407228698, 0.019998347729276042, 0.046301490285676164, 0.01623806074099971], [0.8383046008643649, 0.03276866114859111, 0.034716858891218956, 0.020764840420877523, 0.05727665908772962, 0.016168379587217757], [0.9142760995850623, 0.01404863070539419, 0.012285643153526971, 0.012465062240663901, 0.032513195020746885, 0.014411369294605809], [0.8580962476689592, 0.030511656273270148, 0.025745113513467296, 0.01984729256509231, 0.049039665736786676, 0.016760024242424242], [0.8613678583948784, 0.03571232095607229, 0.013855978474721153, 0.018828700040070513, 0.053839810377946315, 0.016395331756311318], [0.8630736398769983, 0.026251481964582546, 0.02480546642580275, 0.017456819330807956, 0.051943483624584334, 0.016469108777224087], [0.9142948462177889, 0.01403973399833749, 0.012273815461346633, 0.012453532834580217, 0.032534995843724025, 0.014403075644222777]], [[0.9142948462177889, 0.01403973399833749, 0.012273815461346633, 0.012453532834580217, 0.032534995843724025, 0.014403075644222777], [0.8563453299698411, 0.03469641499374794, 0.021900673465709647, 0.01919353040309448, 0.051552825215136086, 0.016311225952470768], [0.8378602132564518, 0.049203566966025715, 0.01381825517840123, 0.022027967374273705, 0.060751250413016114, 0.016338746811831437], [0.11727982008925063, 0.23052535361161056, 0.012892417592342038, 0.018394722000581384, 0.6054363389803716, 0.015471347725843639], [0.11838520346314947, 0.04554233728016632, 0.012926339518987461, 0.017868445813678253, 0.7897858474019166, 0.015491826522101751], [0.8208716615163596, 0.05554128411545908, 0.01379990793882745, 0.02314777737032063, 0.07032814310656238, 0.016311225952470764], [0.8219241654142276, 0.061842501461582794, 0.01381825517840123, 0.022027967374273705, 0.06404836375968317, 0.016338746811831437], [0.6549582755267807, 0.2380484715445522, 0.013915283849224105, 0.02201663857835638, 0.0545770406830208, 0.01648428981806575], [0.8271689056252728, 0.056001796450317866, 0.01379990793882745, 0.02314777737032063, 0.06357038666279033, 0.016311225952470764], [0.8498480999056023, 0.04374925466289308, 0.013186838456347556, 0.021845755561954606, 0.05607462332777444, 0.015295428085428086], [0.8553185202524571, 0.041052939597066664, 0.013128751302608226, 0.020148543932095392, 0.05514294756095347, 0.015208297354819093], [0.71409575768088, 0.03684247403060667, 0.013299242684136396, 0.0201259087321115, 0.2001725824451539, 0.015464034427111348], [0.8658043318609091, 0.03525592293069522, 0.013233227502736599, 0.01867587388642348, 0.05166563216422373, 0.015365011655011654], [0.8774296519869791, 0.029728357958232338, 0.01324926857485244, 0.017790713496798408, 0.04641293471995233, 0.015389073263185412], [0.08850627650613965, 0.023200292819690275, 0.012493063694591584, 0.016086718995356984, 0.8450695221100956, 0.014644125874125873], [0.11275750441824338, 0.029262220136708234, 0.012958573513083788, 0.01722324328909584, 0.8122871723358147, 0.015511286307053942], [0.83455412054667, 0.04890396355911118, 0.013641625963286812, 0.021834247216471533, 0.06497121995507768, 0.016094822759382756], [0.12133069368737777, 0.03450238156108559, 0.012958573513083788, 0.019023434798830917, 0.7966736301325679, 0.015511286307053942], [0.12280750390868576, 0.03804531017606879, 0.012945181774025752, 0.017862165856705317, 0.7928366366213129, 0.015503201663201665], [0.8226371125827078, 0.05435040575540984, 0.013781891280146893, 0.024579033393141554, 0.06836735602414419, 0.01628420096444993], [0.8256290514850761, 0.05000446297521926, 0.013875373943112055, 0.024403125786760196, 0.06966356085093452, 0.016424424958897673], [0.8374031575965972, 0.04274955634715628, 0.013712957977369098, 0.022077394248037938, 0.06787613282055613, 0.01618080101028324], [0.12406874281016508, 0.025352486594896258, 0.012892417592342038, 0.0161343712420488, 0.8060806340347041, 0.015471347725843639], [0.8537283649769676, 0.04195981461326682, 0.013836942181670819, 0.02029585033824529, 0.05381225057311355, 0.016366777316735824], [0.8174454756768278, 0.05502376254531861, 0.014585588608690664, 0.024914696618115174, 0.07027371339964383, 0.017756763151403683], [0.13036533186759497, 0.031876899004292004, 0.012829063350912988, 0.018015471826255982, 0.7914801334218434, 0.015433100529100529], [0.8325069112239633, 0.04915266773303562, 0.013781891280146891, 0.02463381629494877, 0.0636405125034556, 0.01628420096444993], [0.6247683465636773, 0.11515999509465946, 0.02053502074688797, 0.03024828937441191, 0.19157722788841305, 0.017711120331950207], [0.11255015283998628, 0.031472779346386454, 0.012794111560226354, 0.016782881626053816, 0.8109880746273469, 0.015411999999999999], [0.8329524907553452, 0.04809603096788964, 0.01379990793882745, 0.02409251496090547, 0.06474782942456139, 0.016311225952470764], [0.8433944693352234, 0.04198061987568018, 0.013915283849224106, 0.02412540380378648, 0.06009993331802005, 0.01648428981806575], [0.8421111287847589, 0.03303585266375304, 0.013836942181670819, 0.02090769382151101, 0.0737416052315702, 0.016366777316735824], [0.844663567205864, 0.039614444606576586, 0.01381825517840123, 0.021851387486625365, 0.06371359871070138, 0.016338746811831437], [0.8538730523456725, 0.0467356230674771, 0.01389513884899612, 0.021621918612395555, 0.047420194807735, 0.01645407231772377], [0.8415402624604232, 0.03445181211901411, 0.025054872717366478, 0.021495682289613828, 0.06135543099624965, 0.016101939417332643], [0.9142760995850623, 0.01404863070539419, 0.012285643153526971, 0.012465062240663901, 0.032513195020746885, 0.014411369294605809], [0.8574138480942146, 0.032201144659333644, 0.02574349505004271, 0.019667010801989144, 0.04886139470288697, 0.01611310669153285], [0.09146539297017052, 0.02253290024456238, 0.012870520364471897, 0.015344623869525929, 0.8423284342652545, 0.01545812828601472], [0.8528779381830832, 0.03265358798449883, 0.024752977519191068, 0.017811757846659657, 0.055800571262211704, 0.016103167204355433], [0.9142948462177889, 0.01403973399833749, 0.012273815461346633, 0.012453532834580217, 0.032534995843724025, 0.014403075644222777]], [[0.9142948462177889, 0.01403973399833749, 0.012273815461346633, 0.012453532834580217, 0.032534995843724025, 0.014403075644222777], [0.852313911846658, 0.035448640054862895, 0.022287072469469357, 0.022227156265138517, 0.051485158622871466, 0.01623806074099971], [0.8411329192719225, 0.04481206702908966, 0.013895138848996118, 0.023176872986870822, 0.060528929545397084, 0.01645407231772377], [0.8251596158831159, 0.048862525648287726, 0.013781891280146891, 0.024057618633688868, 0.07185414759031067, 0.01628420096444993], [0.6165621258663472, 0.10193250095791041, 0.02053502074688797, 0.03024828937441191, 0.2130109427224923, 0.017711120331950207], [0.6419562512514769, 0.05173581308374192, 0.013781891280146891, 0.024426158563013806, 0.25181568485717065, 0.01628420096444993], [0.13227366460865464, 0.036556352267974386, 0.012774375657930829, 0.21939018181073358, 0.5836053402940579, 0.015400085360648741], [0.8246438926679774, 0.056230239842931455, 0.013712957977369098, 0.021501196586778036, 0.0677309119146606, 0.016180801010283238], [0.3129982865379876, 0.03467740667944563, 0.012895144423436804, 0.021357137788555164, 0.6025990306464181, 0.015472993924156714], [0.678913491183105, 0.08746759696103641, 0.018877412587412587, 0.02706236971759885, 0.17118129738301516, 0.01649783216783217], [0.09550233075105184, 0.030758728548055274, 0.012493063694591584, 0.015110855715704455, 0.8314908954164709, 0.014644125874125873], [0.8557466259441677, 0.04105293959706667, 0.013128751302608228, 0.020148543932095395, 0.054714841869242976, 0.015208297354819093], [0.09223187491705276, 0.02780585043224089, 0.012493063694591584, 0.016086718995356984, 0.8367383660866319, 0.014644125874125873], [0.8685878851738361, 0.034443942410254474, 0.013157280833869578, 0.018016638506081574, 0.050543161424247134, 0.01525109165171112], [0.8598706507169279, 0.03862591032145912, 0.013217480762219218, 0.020135455025174692, 0.052809111629983446, 0.01534139154423558], [0.8374030594213316, 0.04863300607612719, 0.01379990793882745, 0.02369008105150642, 0.06016271955973636, 0.016311225952470764], [0.8345744440084841, 0.05067789683637065, 0.013781891280146891, 0.024599922314874657, 0.060081644595673854, 0.01628420096444993], [0.11889783557779854, 0.027205477901525388, 0.012958573513083788, 0.016065164874238484, 0.8093616618262999, 0.015511286307053942], [0.1179124675935225, 0.027205477901525388, 0.012958573513083788, 0.016065164874238484, 0.8103470298105757, 0.015511286307053942], [0.8242292174394358, 0.05435040575540984, 0.013781891280146893, 0.024579033393141554, 0.06677525116741613, 0.01628420096444993], [0.396291585087584, 0.12995549005612955, 0.02053502074688797, 0.030248289374411916, 0.4052584944030364, 0.017711120331950207], [0.8239812330626041, 0.0528251766520748, 0.013781891280146891, 0.024612927373215663, 0.06851457066750864, 0.01628420096444993], [0.11657855941599035, 0.03326268169150374, 0.012829063350912988, 0.01997249317842522, 0.8019241018340671, 0.015433100529100529], [0.8437760616842175, 0.04595905276164224, 0.01381825517840123, 0.022027967374273705, 0.058079916189633936, 0.016338746811831437], [0.8299670371153703, 0.04999209251786637, 0.01460909979526321, 0.022735421203430514, 0.06490431943680691, 0.017792029931262505], [0.32181184812218894, 0.02539015261426915, 0.012851239049370147, 0.016113707065137067, 0.6083865650663517, 0.015446488082682976], [0.8392787011592056, 0.045325977223474374, 0.0137129579773691, 0.02207739424803794, 0.06342416838162987, 0.01618080101028324], [0.11523191652840023, 0.031431819959291, 0.012816523395475798, 0.016791760738433616, 0.8083024492681363, 0.015425530110262934], [0.8368956652777397, 0.04631423121857186, 0.013712957977369098, 0.02244593417736288, 0.06445041033867316, 0.01618080101028324], [0.848326807961873, 0.04503056839843935, 0.013915283849224106, 0.022540860235321744, 0.05370218973707598, 0.01648428981806575], [0.8600228239282555, 0.03169111413720732, 0.013935820014505065, 0.021253766236430865, 0.056581381617614175, 0.01651509406598719], [0.844663567205864, 0.039614444606576586, 0.01381825517840123, 0.021851387486625365, 0.06371359871070138, 0.016338746811831437], [0.10444204473187817, 0.020836228509835623, 0.012794111560226354, 0.015297167340339531, 0.8312184478577203, 0.015411999999999999], [0.8416928570778401, 0.05082418979478327, 0.013696467467437343, 0.021676101716457036, 0.055954318698096556, 0.016156065245385605], [0.3936889906668061, 0.033297178423236505, 0.07333103734439832, 0.024014190871369294, 0.4579574823622395, 0.017711120331950207], [0.9143325271059215, 0.014021851542952461, 0.012250041701417849, 0.012430358632193494, 0.03257881567973311, 0.014386405337781485], [0.9143585788923719, 0.014009487983281086, 0.012233605015673981, 0.012414336468129571, 0.032609111807732495, 0.014374879832810866], [0.12733614474041902, 0.018548053300215965, 0.013353701529725572, 0.01619533490328401, 0.8082410650432637, 0.016325700483091787], [0.12799189288586507, 0.01854287743934243, 0.01331696824618806, 0.016175865492003838, 0.8076653728503308, 0.016307023086269745], [0.9142760995850623, 0.01404863070539419, 0.012285643153526971, 0.012465062240663901, 0.032513195020746885, 0.014411369294605809]], [[0.9142948462177889, 0.01403973399833749, 0.012273815461346633, 0.012453532834580217, 0.032534995843724025, 0.014403075644222777], [0.8542074932109526, 0.03469641499374794, 0.021900673465709647, 0.01919353040309448, 0.05369066197402459, 0.016311225952470768], [0.8315743201055117, 0.049203566966025715, 0.01381825517840123, 0.022027967374273705, 0.0670371435639562, 0.016338746811831437], [0.6494622174403188, 0.04681763488804427, 0.01379990793882745, 0.02314777737032063, 0.2504612364100181, 0.016311225952470764], [0.11065417841755935, 0.034437808850219194, 0.012796921380915326, 0.01715526540369358, 0.8095421296481654, 0.015413696299447043], [0.8258957852469597, 0.04780588888314175, 0.01379990793882745, 0.02351631729964557, 0.07267087467895453, 0.016311225952470764], [0.83079884608952, 0.05039152566997553, 0.01381825517840123, 0.022552189031239067, 0.0661004372190327, 0.016338746811831437], [0.8348581037337728, 0.05187220388735982, 0.01372973779449264, 0.02041859188165933, 0.06291539196674684, 0.01620597073596855], [0.1274659445914514, 0.03468381095807881, 0.012892417592342038, 0.018394722000581384, 0.7910917571317025, 0.015471347725843639], [0.8518510240479106, 0.042747792591738956, 0.013186838456347556, 0.021845755561954606, 0.055073161256620304, 0.015295428085428086], [0.8551193612606326, 0.04255438623897431, 0.013202020326074879, 0.021536047319626037, 0.05226998396467295, 0.01531820089001907], [0.8658531992806845, 0.03684247403060667, 0.013299242684136396, 0.0201259087321115, 0.048415140845349494, 0.015464034427111348], [0.8658776798577755, 0.0329563039076262, 0.01311485545333007, 0.01786814967419329, 0.05499555752617309, 0.015187453580901856], [0.09223187491705276, 0.02780585043224089, 0.012493063694591584, 0.016086718995356984, 0.8367383660866319, 0.014644125874125873], [0.8551193612606326, 0.04255438623897431, 0.013202020326074879, 0.021536047319626037, 0.05226998396467295, 0.01531820089001907], [0.8345744440084841, 0.05067789683637065, 0.013781891280146891, 0.024599922314874657, 0.060081644595673854, 0.01628420096444993], [0.6161263837276678, 0.10193250095791041, 0.02053502074688797, 0.03024828937441191, 0.2134466848611715, 0.017711120331950207], [0.11401977624969929, 0.032766465535558495, 0.012958573513083788, 0.01606516487423848, 0.8086787335203659, 0.01551128630705394], [0.836647728775731, 0.049106267179844815, 0.013712957977369098, 0.022043500267963825, 0.06230874478880786, 0.016180801010283238], [0.8203006687420319, 0.05996462849577366, 0.013895138848996118, 0.02583505890476872, 0.0635504326907058, 0.01645407231772377], [0.8283173174339274, 0.050004462975219266, 0.013875373943112055, 0.024403125786760203, 0.06697529490208329, 0.016424424958897677], [0.8318728851825005, 0.050004462975219266, 0.013875373943112055, 0.024403125786760203, 0.06341972715351038, 0.016424424958897677], [0.8330645461268834, 0.05078028589183133, 0.01379990793882745, 0.023703086109847425, 0.06234094798013946, 0.016311225952470764], [0.8415050811742901, 0.04963156168068142, 0.01381825517840123, 0.022007078452540598, 0.05669927670225529, 0.016338746811831437], [0.8394192459503906, 0.04616848060534228, 0.014782916443676245, 0.0232734964043047, 0.05836217428480437, 0.017993686311481988], [0.8537283649769676, 0.04195981461326682, 0.013836942181670819, 0.02029585033824529, 0.05381225057311355, 0.016366777316735824], [0.8518354716002254, 0.04384260969448953, 0.013915283849224106, 0.02201663857835639, 0.051905706459638636, 0.01648428981806575], [0.8353355266368109, 0.047107776972792156, 0.01379990793882745, 0.02372397503158053, 0.06372158746751812, 0.016311225952470764], [0.8402673980458651, 0.04714701146559207, 0.013818255178401231, 0.022552189031239067, 0.05987639946707129, 0.016338746811831437], [0.8571916102869405, 0.040336414493137636, 0.013935820014505065, 0.02128069013776781, 0.050740371001661934, 0.01651509406598719], [0.8685206855109499, 0.03278186571206576, 0.013956758849693492, 0.019245586892624837, 0.04894860071589614, 0.01654650231876983], [0.8600228239282555, 0.03169111413720732, 0.013935820014505065, 0.021253766236430865, 0.056581381617614175, 0.01651509406598719], [0.8505360162774562, 0.03627878537589301, 0.01372973779449264, 0.021497317950991003, 0.061752171865198636, 0.01620597073596855], [0.10444204473187817, 0.020836228509835623, 0.012794111560226354, 0.015297167340339531, 0.8312184478577203, 0.015411999999999999], [0.8317167591952961, 0.049899477022202425, 0.013781891280146891, 0.022103220780004776, 0.06621445075790001, 0.01628420096444993], [0.8409156039193144, 0.03438776594137981, 0.02467842375877754, 0.021530340184139924, 0.061880846282968215, 0.01660701991341991], [0.8602712085840377, 0.031003405252781627, 0.026187487407228698, 0.019998347729276042, 0.046301490285676164, 0.01623806074099971], [0.9142760995850623, 0.01404863070539419, 0.012285643153526971, 0.012465062240663901, 0.032513195020746885, 0.014411369294605809], [0.9142760995850623, 0.01404863070539419, 0.012285643153526971, 0.012465062240663901, 0.032513195020746885, 0.014411369294605809], [0.9142760995850623, 0.01404863070539419, 0.012285643153526971, 0.012465062240663901, 0.032513195020746885, 0.014411369294605809]], [[0.9142948462177889, 0.01403973399833749, 0.012273815461346633, 0.012453532834580217, 0.032534995843724025, 0.014403075644222777], [0.8657927858582183, 0.03126433076153377, 0.022861924652494207, 0.018073347659094862, 0.045756514209802215, 0.01625109685885647], [0.10851313614429323, 0.022558238080132985, 0.012829063350912988, 0.015563075693850147, 0.8251033862017101, 0.015433100529100529], [0.825287702370674, 0.052434082796155905, 0.01381825517840123, 0.022552189031239067, 0.06956902381169851, 0.016338746811831437], [0.8339623544906588, 0.046024089133823956, 0.013712957977369098, 0.021869736516102974, 0.06825006087176194, 0.016180801010283238], [0.8323856568344565, 0.05039152566997553, 0.01381825517840123, 0.022552189031239067, 0.06451362647409624, 0.016338746811831437], [0.8343515496180993, 0.05039152566997553, 0.01381825517840123, 0.022552189031239067, 0.06254773369045347, 0.016338746811831437], [0.11011398454954846, 0.03434879010861114, 0.012836009372740775, 0.01716855347318546, 0.8100953686269924, 0.015437293868921776], [0.8368376748648892, 0.050295290193159634, 0.01368025884656425, 0.020220676089945766, 0.06283434769136516, 0.016131752314075966], [0.8608835460769841, 0.039334643895141984, 0.01328226735177645, 0.021103588775649888, 0.049957382471876, 0.015438571428571428], [0.8666619716601374, 0.03684247403060666, 0.013299242684136396, 0.020125908732111498, 0.047606368465896484, 0.015464034427111348], [0.8685878851738361, 0.034443942410254474, 0.013157280833869578, 0.018016638506081574, 0.050543161424247134, 0.01525109165171112], [0.08156728028338432, 0.019706756246774138, 0.012493063694591584, 0.014549770367062202, 0.8570390035340618, 0.014644125874125873], [0.8658776798577755, 0.0329563039076262, 0.01311485545333007, 0.01786814967419329, 0.05499555752617309, 0.015187453580901856], [0.8598706507169279, 0.03862591032145912, 0.013217480762219218, 0.020135455025174692, 0.052809111629983446, 0.01534139154423558], [0.11396209815652826, 0.03217468389932678, 0.012851239049370147, 0.016547278472094994, 0.8090182123399968, 0.015446488082682976], [0.11401977624969929, 0.032766465535558495, 0.012958573513083788, 0.01606516487423848, 0.8086787335203659, 0.01551128630705394], [0.1058769014998651, 0.030548690705319105, 0.012958573513083788, 0.016065164874238484, 0.8190393831004396, 0.015511286307053942], [0.8421344896090871, 0.044544554208566574, 0.01372973779449264, 0.02041859188165933, 0.0629666557702256, 0.01620597073596855], [0.8368309987163453, 0.04937778795042689, 0.013895138848996118, 0.023420516324251038, 0.06002148584225689, 0.01645407231772377], [0.8117869874596141, 0.060591303520566034, 0.013875373943112055, 0.026817668367277885, 0.0705042417505322, 0.016424424958897673], [0.6053527632897882, 0.12995549005612952, 0.020535020746887966, 0.03024828937441191, 0.19619731620083203, 0.017711120331950207], [0.8302359307140358, 0.052825176652074805, 0.013781891280146891, 0.024612927373215666, 0.06225987301607696, 0.01628420096444993], [0.1315021335727467, 0.033624615083942974, 0.01275167544605222, 0.019624470595157012, 0.787110724145784, 0.015386381156316915], [0.817332921107274, 0.05531415490267223, 0.014532663443243367, 0.022848442834562284, 0.07236062892004583, 0.017611188792202324], [0.8607002739252929, 0.03914845578918782, 0.013935820014505065, 0.020756468480802447, 0.04894388772422458, 0.01651509406598719], [0.8607002739252929, 0.03914845578918782, 0.013935820014505065, 0.020756468480802447, 0.04894388772422458, 0.01651509406598719], [0.8437760616842175, 0.04595905276164224, 0.01381825517840123, 0.022027967374273705, 0.058079916189633936, 0.016338746811831437], [0.12269812314173736, 0.023572137830423008, 0.01275167544605222, 0.01551788707782483, 0.8100737953476456, 0.015386381156316917], [0.8613678583948784, 0.03571232095607229, 0.013855978474721153, 0.018828700040070513, 0.053839810377946315, 0.016395331756311318], [0.8685206855109499, 0.03278186571206576, 0.013956758849693492, 0.019245586892624837, 0.04894860071589614, 0.01654650231876983], [0.8522592716602907, 0.03728646597037846, 0.013935820014505065, 0.022865233706232536, 0.057138114582605995, 0.01651509406598719], [0.8569141619088503, 0.033926989132171674, 0.013915283849224106, 0.022239502169916867, 0.05651977312177129, 0.01648428981806575], [0.8458583561068546, 0.04120615170896009, 0.01379990793882745, 0.021193379516636537, 0.061630978776250615, 0.016311225952470764], [0.8309052539368512, 0.05608829323454482, 0.013875373943112055, 0.0225706340948306, 0.06013601983176356, 0.016424424958897673], [0.8489848328015223, 0.04469383938750838, 0.014491523744536194, 0.023401351127212096, 0.05098619730012321, 0.017442255639097744], [0.8082302223767951, 0.03386322389202354, 0.02320998634030751, 0.020409206316513197, 0.09823752618859766, 0.016049834885762986], [0.9142760995850623, 0.01404863070539419, 0.012285643153526971, 0.012465062240663901, 0.032513195020746885, 0.014411369294605809], [0.9142760995850623, 0.01404863070539419, 0.012285643153526971, 0.012465062240663901, 0.032513195020746885, 0.014411369294605809], [0.9142760995850623, 0.01404863070539419, 0.012285643153526971, 0.012465062240663901, 0.032513195020746885, 0.014411369294605809]], [[0.9142760995850623, 0.01404863070539419, 0.012285643153526971, 0.012465062240663901, 0.032513195020746885, 0.014411369294605809], [0.8698554909961828, 0.02934259964175885, 0.021282480914937632, 0.017216510617332585, 0.0459779942806494, 0.01632492354913886], [0.10605016445599248, 0.01938379948221839, 0.012895144423436804, 0.015359917557007288, 0.8308379801571882, 0.015472993924156714], [0.8348955161000314, 0.053020991036361785, 0.013746814599529873, 0.02003774287165138, 0.062067349448901264, 0.0162315859435244], [0.12443103441154116, 0.024771975185630263, 0.0128732655734841, 0.015882202867767224, 0.8065817363824307, 0.015459785579146523], [0.09364711327827037, 0.01738030490219981, 0.012829063350912988, 0.015318875449649903, 0.8453915424898664, 0.015433100529100529], [0.8339700313060807, 0.04780588888314175, 0.01379990793882745, 0.02351631729964557, 0.06459662861983362, 0.016311225952470764], [0.8352314366508233, 0.047972030619512655, 0.013696467467437343, 0.022743733542486048, 0.06420026647435484, 0.016156065245385605], [0.11038327966907635, 0.034393167348119306, 0.012816523395475798, 0.017161929162037154, 0.8098195703150284, 0.015425530110262934], [0.8535909268947984, 0.04612984016888336, 0.013217480762219218, 0.0201178528218961, 0.05160250780796723, 0.01534139154423558], [0.8682570321629167, 0.035255922930695224, 0.0132332275027366, 0.01867587388642348, 0.04921293186221627, 0.015365011655011654], [0.08156728028338432, 0.019706756246774138, 0.012493063694591584, 0.014549770367062202, 0.8570390035340618, 0.014644125874125873], [0.08153663493805366, 0.018051907598918497, 0.012493063694591584, 0.014549770367062202, 0.8587244975272481, 0.014644125874125873], [0.08156728028338432, 0.019706756246774138, 0.012493063694591584, 0.014549770367062202, 0.8570390035340618, 0.014644125874125873], [0.8682570321629167, 0.035255922930695224, 0.0132332275027366, 0.01867587388642348, 0.04921293186221627, 0.015365011655011654], [0.8430415191080556, 0.04397099731094319, 0.01381825517840123, 0.0220279673742737, 0.06080251421649487, 0.016338746811831437], [0.8345826218497943, 0.04889167791948631, 0.013644023787162188, 0.021833233580320594, 0.0649522438068557, 0.016096199056380718], [0.10461462966840919, 0.027044445306468844, 0.01295857351308379, 0.01722324328909584, 0.8226478219158883, 0.015511286307053944], [0.10349662603939154, 0.025689871886821154, 0.012933081510740234, 0.017214628755143083, 0.8251698951197138, 0.01549589668818996], [0.834949191823239, 0.04764350622998237, 0.01381825517840123, 0.022007078452540595, 0.0652432215040053, 0.016338746811831437], [0.6357098976310329, 0.05843939939243861, 0.013895138848996118, 0.02586895288484283, 0.24963253892496562, 0.01645407231772377], [0.8255135495548241, 0.053373806445517875, 0.013781891280146893, 0.028179021030595636, 0.06286753072446567, 0.01628420096444993], [0.836052156468998, 0.047852558847091844, 0.013895138848996118, 0.02345441030432515, 0.062291663212865014, 0.01645407231772377], [0.8318984268135583, 0.04952897956219846, 0.013696467467437343, 0.02295139127442101, 0.06576866963699907, 0.016156065245385605], [0.1456153406668771, 0.04109743208741827, 0.013295222792719963, 0.01922944644234774, 0.7641419093619882, 0.01662064864864865], [0.8437760616842175, 0.04595905276164224, 0.01381825517840123, 0.022027967374273705, 0.058079916189633936, 0.016338746811831437], [0.8607002739252929, 0.03914845578918782, 0.013935820014505065, 0.020756468480802447, 0.04894388772422458, 0.01651509406598719], [0.8607002739252929, 0.03914845578918782, 0.013935820014505065, 0.020756468480802447, 0.04894388772422458, 0.01651509406598719], [0.8676435260190938, 0.033412076249