{"round_id": "7b4bda99-6165-4221-97cc-27880f5e6d95", "seed_index": 1, "prediction": [[[0.9126713460954117, 0.019414281373442723, 0.01169853134812114, 0.012483054795908033, 0.029932988959789325, 0.013799797427327055], [0.9201553806989123, 0.017452996991437167, 0.011576456067268379, 0.012173972074365502, 0.02546435238756461, 0.013176841780452057], [0.9199630205949656, 0.01747482837528604, 0.011664180015255531, 0.012254996186117468, 0.02539635392829901, 0.013246620900076278], [0.9199630205949656, 0.01747482837528604, 0.011664180015255531, 0.012254996186117468, 0.02539635392829901, 0.013246620900076278], [0.9199630205949656, 0.01747482837528604, 0.011664180015255531, 0.012254996186117468, 0.02539635392829901, 0.013246620900076278], [0.9199630205949656, 0.01747482837528604, 0.011664180015255531, 0.012254996186117468, 0.02539635392829901, 0.013246620900076278], [0.9199630205949656, 0.01747482837528604, 0.011664180015255531, 0.012254996186117468, 0.02539635392829901, 0.013246620900076278], [0.9199630205949656, 0.01747482837528604, 0.011664180015255531, 0.012254996186117468, 0.02539635392829901, 0.013246620900076278], [0.9199941311325079, 0.01747129756992205, 0.011649992358245454, 0.0122418920984258, 0.025407351367874066, 0.013235335473024606], [0.9199941311325079, 0.01747129756992205, 0.011649992358245454, 0.0122418920984258, 0.025407351367874066, 0.013235335473024606], [0.9199941311325079, 0.01747129756992205, 0.011649992358245454, 0.0122418920984258, 0.025407351367874066, 0.013235335473024606], [0.9199941311325079, 0.01747129756992205, 0.011649992358245454, 0.0122418920984258, 0.025407351367874066, 0.013235335473024606], [0.9199941311325079, 0.01747129756992205, 0.011649992358245454, 0.0122418920984258, 0.025407351367874066, 0.013235335473024606], [0.9199941311325079, 0.01747129756992205, 0.011649992358245454, 0.0122418920984258, 0.025407351367874066, 0.013235335473024606], [0.9199941311325079, 0.01747129756992205, 0.011649992358245454, 0.0122418920984258, 0.025407351367874066, 0.013235335473024606], [0.9199941311325079, 0.01747129756992205, 0.011649992358245454, 0.0122418920984258, 0.025407351367874066, 0.013235335473024606], [0.9199941311325079, 0.01747129756992205, 0.011649992358245454, 0.0122418920984258, 0.025407351367874066, 0.013235335473024606], [0.9199941311325079, 0.01747129756992205, 0.011649992358245454, 0.0122418920984258, 0.025407351367874066, 0.013235335473024606], [0.9199941311325079, 0.01747129756992205, 0.011649992358245454, 0.0122418920984258, 0.025407351367874066, 0.013235335473024606], [0.9199941311325079, 0.01747129756992205, 0.011649992358245454, 0.0122418920984258, 0.025407351367874066, 0.013235335473024606], [0.9199941311325079, 0.01747129756992205, 0.011649992358245454, 0.0122418920984258, 0.025407351367874066, 0.013235335473024606], [0.9199941311325079, 0.01747129756992205, 0.011649992358245454, 0.0122418920984258, 0.025407351367874066, 0.013235335473024606], [0.9199941311325079, 0.01747129756992205, 0.011649992358245454, 0.0122418920984258, 0.025407351367874066, 0.013235335473024606], [0.9199941311325079, 0.01747129756992205, 0.011649992358245454, 0.0122418920984258, 0.025407351367874066, 0.013235335473024606], [0.9199941311325079, 0.01747129756992205, 0.011649992358245454, 0.0122418920984258, 0.025407351367874066, 0.013235335473024606], [0.9199630205949656, 0.01747482837528604, 0.011664180015255531, 0.012254996186117468, 0.02539635392829901, 0.013246620900076278], [0.9199630205949656, 0.01747482837528604, 0.011664180015255531, 0.012254996186117468, 0.02539635392829901, 0.013246620900076278], [0.9199630205949656, 0.01747482837528604, 0.011664180015255531, 0.012254996186117468, 0.02539635392829901, 0.013246620900076278], [0.9199941311325079, 0.01747129756992205, 0.011649992358245454, 0.0122418920984258, 0.025407351367874066, 0.013235335473024606], [0.9200566958122411, 0.017464196962724346, 0.01162146034667894, 0.01221553919312778, 0.025429467709771437, 0.01321263997545636], [0.9202753204381263, 0.017439384758797485, 0.011521758719801134, 0.012123452186747456, 0.025506750563194285, 0.013133333333333334], [0.9126713460954117, 0.019414281373442723, 0.01169853134812114, 0.012483054795908033, 0.029932988959789325, 0.013799797427327055], [0.9128357231149568, 0.01941452410383189, 0.011567634940255459, 0.012365492377420684, 0.030112010712814177, 0.013704614750721055], [0.9128845962732918, 0.019414596273291923, 0.01152871635610766, 0.012330538302277433, 0.030165238095238092, 0.013676314699792962], [0.9128845962732918, 0.019414596273291923, 0.01152871635610766, 0.012330538302277433, 0.030165238095238092, 0.013676314699792962], [0.9128845962732918, 0.019414596273291923, 0.01152871635610766, 0.012330538302277433, 0.030165238095238092, 0.013676314699792962], [0.9128845962732918, 0.019414596273291923, 0.01152871635610766, 0.012330538302277433, 0.030165238095238092, 0.013676314699792962], [0.9128845962732918, 0.019414596273291923, 0.01152871635610766, 0.012330538302277433, 0.030165238095238092, 0.013676314699792962], [0.9128845962732918, 0.019414596273291923, 0.01152871635610766, 0.012330538302277433, 0.030165238095238092, 0.013676314699792962], [0.9128845962732918, 0.019414596273291923, 0.01152871635610766, 0.012330538302277433, 0.030165238095238092, 0.013676314699792962]], [[0.9127453766074708, 0.019414390691977954, 0.011639579506021637, 0.012430108185343947, 0.03001361502347418, 0.01375692998571137], [0.8906137353684836, 0.030821541899585476, 0.015994071265367886, 0.015898147070398785, 0.032347976396524675, 0.014324527999639755], [0.9199630205949656, 0.01747482837528604, 0.011664180015255531, 0.012254996186117468, 0.02539635392829901, 0.013246620900076278], [0.9199630205949656, 0.01747482837528604, 0.011664180015255531, 0.012254996186117468, 0.02539635392829901, 0.013246620900076278], [0.9175897283950617, 0.018065432098765433, 0.011795670781893005, 0.012433168724279835, 0.026612855967078193, 0.013503144032921811], [0.9199630205949656, 0.01747482837528604, 0.011664180015255531, 0.012254996186117468, 0.02539635392829901, 0.013246620900076278], [0.7725803618964543, 0.040626471326792986, 0.035514370546043464, 0.019076767969007025, 0.11765140348720808, 0.01455062477449406], [0.8418306417266803, 0.04895756893541294, 0.03273442367828827, 0.01796742366408341, 0.04422728422517088, 0.014282657770364192], [0.8778607878846035, 0.03509646536594137, 0.02167833499116393, 0.016271693434746583, 0.034840935480083414, 0.014251782843461125], [0.0759175583304693, 0.06009987143748171, 0.012345483127760595, 0.015578008171993736, 0.8217043354845279, 0.014354743447766704], [0.8671189309799758, 0.03238145520998246, 0.03054671405561918, 0.020605260748890204, 0.03513848190830028, 0.014209157097231879], [0.0661718179154049, 0.042520853548674194, 0.016225090901197184, 0.014720813389339324, 0.8466836779438419, 0.013677746301542336], [0.8801473400766899, 0.03400791989189443, 0.020803120783511604, 0.015804885467212242, 0.034934811792875414, 0.014301921987816473], [0.8813663086290698, 0.03739798257364076, 0.018714064635500037, 0.015937412698213534, 0.03220279313715861, 0.01438143832641725], [0.8789700124045187, 0.038529153462248715, 0.019621978111882737, 0.016428579005109092, 0.0321134901722685, 0.014336786843972197], [0.8801473400766899, 0.03400791989189443, 0.020803120783511604, 0.015804885467212242, 0.034934811792875414, 0.014301921987816473], [0.06634915182219316, 0.04260851555265022, 0.016213053331154328, 0.014703072397450563, 0.8464701563436291, 0.01365605055292259], [0.8862153759811487, 0.03172015582373163, 0.01769133414059035, 0.014784846307600656, 0.03519847726755309, 0.014389810479375697], [0.8838921343792723, 0.03620566731267561, 0.017757074754988538, 0.015419696861215512, 0.032296923289340064, 0.014428503402507979], [0.8813663086290698, 0.03739798257364076, 0.018714064635500037, 0.015937412698213534, 0.03220279313715861, 0.01438143832641725], [0.8779068093255472, 0.03506773041790304, 0.021674164126191553, 0.01627742031175391, 0.03481266832130981, 0.014261207497294606], [0.06634915182219316, 0.04260851555265022, 0.016213053331154328, 0.014703072397450563, 0.8464701563436291, 0.01365605055292259], [0.8825033080093905, 0.032893505544873684, 0.019887199329499207, 0.015308004565106365, 0.03506324837070435, 0.01434473418042612], [0.8877897893633422, 0.03494711231499018, 0.015515413188925692, 0.01487321903327315, 0.032396282894420494, 0.014478183205048192], [0.8877897893633422, 0.03494711231499018, 0.015515413188925692, 0.01487321903327315, 0.032396282894420494, 0.014478183205048192], [0.8776936266998268, 0.04118977348757666, 0.015075271432452948, 0.01541969686121551, 0.036193128116420066, 0.014428503402507977], [0.9199630205949656, 0.01747482837528604, 0.011664180015255531, 0.012254996186117468, 0.02539635392829901, 0.013246620900076278], [0.07025547931470423, 0.04036079282735372, 0.01219673452780563, 0.01514891669209643, 0.8480063362250607, 0.014031740412979353], [0.07141400311263617, 0.043860172989711156, 0.01205977279363115, 0.014780788980946487, 0.8441341706913963, 0.013751091431678707], [0.8693176800603823, 0.03133753315793966, 0.02966978806271016, 0.020126103501733324, 0.03530284259850977, 0.014246052618724796], [0.06984502532435993, 0.03865822893382283, 0.021960831907989666, 0.015029518490251855, 0.8405881525535018, 0.013918242790073776], [0.9127933538461536, 0.019414461538461537, 0.011601374358974358, 0.012395794871794872, 0.030065866666666663, 0.013729148717948718], [0.10469073093480835, 0.06815380724584937, 0.012281052242729068, 0.01588917352201526, 0.7844614618477584, 0.014523774206839722], [0.8588490298556317, 0.04185236333154617, 0.023931564541598047, 0.0171482451837632, 0.04311028805430607, 0.015108509033154655], [0.8572512280148282, 0.047988323177027, 0.022328585201530304, 0.017994686413766073, 0.039281351569196696, 0.01515582562365171], [0.8052866080773384, 0.060292340806188144, 0.039682164946123984, 0.019859796351087727, 0.0598784488974867, 0.015000640921775138], [0.08355696294709786, 0.052443458270864565, 0.017850647533376167, 0.015871728421503535, 0.8157776583137001, 0.014499544513457557], [0.8666614351989484, 0.03932866482295871, 0.016977454344809385, 0.01689231052878149, 0.04518518686433634, 0.01495494824016563], [0.10511453580901857, 0.06839606218868588, 0.01224567858927679, 0.015871728421503535, 0.7838724504780576, 0.014499544513457557], [0.9128845962732918, 0.019414596273291923, 0.01152871635610766, 0.012330538302277433, 0.030165238095238092, 0.013676314699792962]], [[0.9128845962732918, 0.019414596273291923, 0.01152871635610766, 0.012330538302277433, 0.030165238095238092, 0.013676314699792962], [0.8789700124045187, 0.038529153462248715, 0.019621978111882737, 0.016428579005109092, 0.0321134901722685, 0.014336786843972197], [0.8472490284560904, 0.040378913850104815, 0.037404766405271246, 0.01780287053787242, 0.042941980529124193, 0.014222440221536828], [0.8276912314690459, 0.04576806587085628, 0.04522544307039767, 0.018044376483796382, 0.04922554599463788, 0.014045337111265686], [0.13164077840412666, 0.04864617171853701, 0.02648728794468342, 0.02200461307275807, 0.7574101427881094, 0.013811006071785413], [0.7913048650946054, 0.08142477429874231, 0.025400308214775316, 0.020261366943958553, 0.06749216717454733, 0.014116518273371053], [0.9200370949207078, 0.017466421512296024, 0.011630399141959702, 0.012223795296100515, 0.02542253887995097, 0.013219750248984908], [0.9199630205949656, 0.01747482837528604, 0.011664180015255531, 0.012254996186117468, 0.02539635392829901, 0.013246620900076278], [0.8570400968076102, 0.03740318335463585, 0.03285477603270929, 0.017954493676325775, 0.040510979895256975, 0.014236470233461668], [0.05499614117647058, 0.017420470588235294, 0.011445756862745099, 0.012053254901960783, 0.025565662745098035, 0.8785187137254901], [0.8570488245355556, 0.049494536225265756, 0.012797567656704065, 0.017978193090713895, 0.0482567586012416, 0.014424119890519137], [0.8286111033859743, 0.07525897380707149, 0.01273149027227966, 0.022405269761030227, 0.04666815895976142, 0.01432500381388253], [0.8515472318818423, 0.06022192818631334, 0.012797567656704065, 0.019234778420340104, 0.041774373964281006, 0.014424119890519137], [0.8524894894156025, 0.05663924013194046, 0.012741988548309708, 0.01964351152072307, 0.04414501915549671, 0.0143407512279276], [0.8286111033859743, 0.07525897380707149, 0.01273149027227966, 0.022405269761030227, 0.04666815895976142, 0.01432500381388253], [0.8533688246416503, 0.058400335426505474, 0.012797567656704065, 0.019234778420340104, 0.041774373964281006, 0.014424119890519137], [0.85416881741905, 0.055425203645371623, 0.012752684905019566, 0.019103345506875265, 0.044193152760691065, 0.014356795762992387], [0.8569697117058581, 0.055810432343991016, 0.01282135551509685, 0.018092961217486422, 0.04184573753945937, 0.014459801678108314], [0.85416881741905, 0.055425203645371623, 0.012752684905019566, 0.019103345506875265, 0.044193152760691065, 0.014356795762992387], [0.8533688246416503, 0.058400335426505474, 0.012797567656704065, 0.019234778420340104, 0.041774373964281006, 0.014424119890519137], [0.8241175687365767, 0.07740533084090352, 0.012786020152629897, 0.02287287141696244, 0.04841141021851945, 0.014406798634407884], [0.8538363958934998, 0.059594393150610644, 0.012741988548309708, 0.019643511520723068, 0.03984295965892919, 0.0143407512279276], [0.8555157238969473, 0.05838035666404182, 0.012752684905019565, 0.019103345506875265, 0.03989109326412355, 0.014356795762992387], [0.8583166181837555, 0.058765585362661216, 0.01282135551509685, 0.018092961217486422, 0.03754367804289186, 0.014459801678108314], [0.8566592673940943, 0.060422936152322464, 0.01282135551509685, 0.018092961217486422, 0.03754367804289186, 0.014459801678108314], [0.8813663086290698, 0.03739798257364076, 0.018714064635500037, 0.015937412698213534, 0.03220279313715861, 0.01438143832641725], [0.9199630205949656, 0.01747482837528604, 0.011664180015255531, 0.012254996186117468, 0.02539635392829901, 0.013246620900076278], [0.9199630205949656, 0.01747482837528604, 0.011664180015255531, 0.012254996186117468, 0.02539635392829901, 0.013246620900076278], [0.8865109283186822, 0.03260941070557874, 0.016757524701542972, 0.01627742031175391, 0.03358350846514767, 0.014261207497294606], [0.8564983484780662, 0.06007335820630712, 0.012809343824225244, 0.018669522379323428, 0.03750764297027704, 0.014441784141800907], [0.8825033080093905, 0.032893505544873684, 0.019887199329499207, 0.015308004565106365, 0.03506324837070435, 0.01434473418042612], [0.9128845962732918, 0.019414596273291923, 0.01152871635610766, 0.012330538302277433, 0.030165238095238092, 0.013676314699792962], [0.10511453580901857, 0.06839606218868588, 0.01224567858927679, 0.015871728421503535, 0.7838724504780576, 0.014499544513457557], [0.8338225427033936, 0.06689965009042914, 0.01292276243153561, 0.02390085840661981, 0.04739602162386315, 0.015058164744158532], [0.7940130032971848, 0.09592976256437517, 0.013051213685401443, 0.02457192265505239, 0.05718325617302863, 0.015250841624957281], [0.7685222873822295, 0.10681570880461633, 0.013067310231355236, 0.02978815135837759, 0.06655812695924573, 0.01524841526417546], [0.7975850142514317, 0.09003825274612363, 0.012941843330315957, 0.026571303936075034, 0.05780337082343714, 0.015060214912616544], [0.10259558028439195, 0.05596352308317891, 0.01224567858927679, 0.01891790719547059, 0.795777766334224, 0.014499544513457557], [0.08355696294709786, 0.06158840760071092, 0.026995596863222525, 0.030621646695449263, 0.7827378413800617, 0.014499544513457557], [0.9128845962732918, 0.019414596273291923, 0.01152871635610766, 0.012330538302277433, 0.030165238095238092, 0.013676314699792962]], [[0.9128845962732918, 0.019414596273291923, 0.01152871635610766, 0.012330538302277433, 0.030165238095238092, 0.013676314699792962], [0.8341059050619635, 0.038725870585641455, 0.04725055717272679, 0.022589751945674585, 0.043211306210859196, 0.014116609023134271], [0.10961373155957288, 0.08790354029395388, 0.012192467976538047, 0.02452598022919733, 0.7519110686516456, 0.013853211289092296], [0.11325137555775579, 0.12385666779930729, 0.012192467976538047, 0.019237140329140458, 0.7176091370481662, 0.013853211289092296], [0.11325137555775577, 0.12560373500787045, 0.012192467976538047, 0.019237140329140458, 0.715862069839603, 0.013853211289092296], [0.38831681961345826, 0.3702774296716924, 0.016213607932875667, 0.029258694299565575, 0.18086705641528358, 0.015066392067124332], [0.7985330321519212, 0.06651435814041314, 0.023095633484471294, 0.017956692213654535, 0.07978376573616876, 0.014116518273371053], [0.9148092225201072, 0.0187573726541555, 0.011949722966934764, 0.012641912421805183, 0.02803808757819482, 0.013803681858802503], [0.07594262068965515, 0.020874827586206898, 0.012118781609195403, 0.013009080459770115, 0.03281174712643678, 0.8452429425287357], [0.09185159930530426, 0.09556815186627822, 0.011964467671735427, 0.021743002257961747, 0.765195032597178, 0.013677746301542336], [0.8286111033859743, 0.07525897380707149, 0.01273149027227966, 0.022405269761030227, 0.04666815895976142, 0.01432500381388253], [0.8075322304633996, 0.08801046470430193, 0.01277469471594177, 0.025902225277431704, 0.051390574359549274, 0.014389810479375697], [0.8227208365434814, 0.08114924064956461, 0.012731490272279662, 0.02240526976103023, 0.046668158959761424, 0.01432500381388253], [0.09511454055488246, 0.05595282811741924, 0.012192467976538047, 0.020112619394488593, 0.8027743326675794, 0.013853211289092296], [0.11131095362654216, 0.07463100782455814, 0.012192467976538047, 0.02119117785961693, 0.7668211814236524, 0.013853211289092296], [0.8316367138331731, 0.0730032665389806, 0.012681786045057767, 0.023520138719406294, 0.04490764739033265, 0.014250447473049689], [0.8533688246416503, 0.058400335426505474, 0.012797567656704065, 0.019234778420340104, 0.041774373964281006, 0.014424119890519137], [0.85416881741905, 0.055425203645371623, 0.012752684905019566, 0.019103345506875265, 0.044193152760691065, 0.014356795762992387], [0.0764510713327259, 0.05764619882548699, 0.011936276079969494, 0.01675921530667404, 0.8235511879022209, 0.01365605055292259], [0.8286111033859743, 0.07525897380707149, 0.01273149027227966, 0.022405269761030227, 0.04666815895976142, 0.01432500381388253], [0.8048425690459496, 0.0857466119014185, 0.01277469471594177, 0.026754442777704127, 0.055491871079610296, 0.014389810479375697], [0.8263636180502376, 0.07332284810158274, 0.012681786045057767, 0.02437235621967871, 0.04900894411039368, 0.014250447473049689], [0.07604835788802432, 0.03968210801024828, 0.01198896118999324, 0.016777856139803402, 0.8418061206934995, 0.013696596078431374], [0.8525881641043989, 0.06130791645659018, 0.012752684905019565, 0.019103345506875265, 0.03989109326412355, 0.014356795762992387], [0.852006901063435, 0.06456480562093837, 0.012809343824225244, 0.018669522379323428, 0.03750764297027704, 0.014441784141800907], [0.8521410690269499, 0.06393015053777337, 0.012797567656704065, 0.019234778420340104, 0.0374723144677135, 0.014424119890519137], [0.8464519293504941, 0.048889931477894825, 0.03109063781174757, 0.017970701870801756, 0.04130243155341229, 0.014294367935649399], [0.9200019266055044, 0.0174704128440367, 0.011646437308868501, 0.012238608562691131, 0.025410107033639145, 0.013232507645259938], [0.9199824513172966, 0.01747262313860252, 0.011655318823978618, 0.012246811760213822, 0.025403222604047346, 0.013239572355861016], [0.8727715047250734, 0.043513259637149776, 0.016940174789347152, 0.016428579005109096, 0.03600969499934851, 0.014336786843972198], [0.8614324488651575, 0.05513925781921587, 0.012809343824225246, 0.018669522379323428, 0.03750764297027704, 0.014441784141800907], [0.8552914115686432, 0.05109142253525254, 0.01757898193761776, 0.017458350841441546, 0.04310041359246878, 0.01547941952457607], [0.9125839807286961, 0.019414152363745857, 0.01176810197731607, 0.012545538492421961, 0.029837840008029706, 0.013850386429790223], [0.11002848109132246, 0.05255855066752338, 0.028257585655523887, 0.035220780598711636, 0.7593898224997391, 0.014544779487179488], [0.7625608710542344, 0.11231371669615935, 0.012956999974388525, 0.025576614134807562, 0.07153188343055843, 0.01505991470985155], [0.7515746155078444, 0.11742360120038571, 0.013214774603467658, 0.032066734069872246, 0.0703875291745732, 0.015332745443856554], [0.7725142794509431, 0.10422075972765771, 0.013255297124037644, 0.02947977744998797, 0.06515823053676739, 0.015371655710606235], [0.7957852310025342, 0.09154608975734146, 0.013142394096781277, 0.024947462084428267, 0.05932942315977196, 0.015249399899142712], [0.8562439251546585, 0.04307014828499576, 0.025060952994294478, 0.01780440823457372, 0.04272718786588426, 0.015093377465593055], [0.9128845962732918, 0.019414596273291923, 0.01152871635610766, 0.012330538302277433, 0.030165238095238092, 0.013676314699792962]], [[0.9128845962732918, 0.019414596273291923, 0.01152871635610766, 0.012330538302277433, 0.030165238095238092, 0.013676314699792962], [0.07050879032661365, 0.06066315601072831, 0.012187516614946476, 0.014861178272782546, 0.8279299579658305, 0.013849400809098543], [0.0896299713174528, 0.07792672718513981, 0.012192467976538047, 0.021671157337465895, 0.7847264648943111, 0.013853211289092296], [0.08920272471966859, 0.23966670238918258, 0.011818042705402517, 0.02187328051877737, 0.6242440820515356, 0.01319516761543327], [0.10118932726470489, 0.2705082152697811, 0.011818042705402517, 0.017831622107396472, 0.5854576250372817, 0.01319516761543327], [0.818853592920642, 0.07886623706132902, 0.012178908852256812, 0.02267329186816088, 0.05397073544391808, 0.01345723385369328], [0.11602571576100694, 0.05497299243262208, 0.04022953633511247, 0.014033579794542957, 0.7615430080612822, 0.013195167615433271], [0.9250926755218215, 0.016198292220113854, 0.011379974699557243, 0.01186989247311828, 0.022766995572422517, 0.012692169512966476], [0.9250926755218215, 0.016198292220113854, 0.011379974699557243, 0.01186989247311828, 0.022766995572422517, 0.012692169512966476], [0.8605431124653887, 0.0351908640464816, 0.03697815575930777, 0.01647031200199288, 0.037316215353372435, 0.013501340373456535], [0.8316389904823729, 0.0733686545914975, 0.013843776897955185, 0.023186475230052475, 0.044321975322814094, 0.01364012747530774], [0.8119142272472016, 0.08784744724930417, 0.012291625513874022, 0.023527710842085305, 0.05079268030141583, 0.013626308846119093], [0.660281650609749, 0.24585812783636152, 0.012215986701473, 0.020616824023679557, 0.04751456020121936, 0.01351285062751756], [0.0956490383567676, 0.06359345430613264, 0.011818042705402517, 0.019279971014521058, 0.7964643260017429, 0.01319516761543327], [0.8050650844842946, 0.0898747675200298, 0.012186073046851126, 0.022356169064973036, 0.057049925738266644, 0.01346798014558475], [0.09400927274155392, 0.06359345430613264, 0.011818042705402517, 0.019279971014521058, 0.7981040916169565, 0.01319516761543327], [0.8482787958193292, 0.06411417752123386, 0.012265011857658846, 0.020286722743017474, 0.04146890369696404, 0.01358638836179633], [0.8691421382820083, 0.04867428451168497, 0.012273717259224558, 0.017996612020030327, 0.03831380146290714, 0.013599446464144897], [0.8286111033859743, 0.07525897380707149, 0.01273149027227966, 0.022405269761030227, 0.04666815895976142, 0.01432500381388253], [0.8101156648288852, 0.08542703033881635, 0.012774694715941773, 0.02590222527743171, 0.05139057435954928, 0.014389810479375697], [0.786151886271661, 0.08762339534111896, 0.012711066353457574, 0.029226138324748963, 0.06999314577336406, 0.014294367935649399], [0.12012164291277096, 0.08219353844936507, 0.01198896118999324, 0.025291186926426547, 0.7467080744430128, 0.013696596078431373], [0.8245043371643646, 0.07518212898745558, 0.012681786045057767, 0.02437235621967871, 0.04900894411039367, 0.014250447473049689], [0.8654589064803355, 0.05484316239280912, 0.012273717259224558, 0.017996612020030327, 0.03582815538345559, 0.013599446464144897], [0.7050060962632101, 0.21856719206655092, 0.012319804679278325, 0.017657681536411052, 0.03278064786032409, 0.013668577594225545], [0.8419728340330855, 0.0687157807984433, 0.012310229234723464, 0.020674468328676636, 0.04267247317767782, 0.013654214427393256], [0.827205012230057, 0.07662429567841955, 0.012256466188231955, 0.022158846608188683, 0.04818180943744675, 0.013573569857655994], [0.8383211142627025, 0.043971208559653446, 0.026133253599508376, 0.03183306940663844, 0.04624569418316173, 0.01349565998833551], [0.8609938609243624, 0.04053827994681734, 0.03530387599306577, 0.016977528829506875, 0.03265892874284282, 0.013527525563404676], [0.9250926755218215, 0.016198292220113854, 0.011379974699557243, 0.01186989247311828, 0.022766995572422517, 0.012692169512966476], [0.885960431811873, 0.03778993256439175, 0.015754945698187296, 0.015330719212965228, 0.03156781160287533, 0.013596159109707497], [0.8727021733138922, 0.04356856527851938, 0.016934532988405283, 0.016421763819340997, 0.036047790630080956, 0.014325173969761124], [0.9199630205949656, 0.01747482837528604, 0.011664180015255531, 0.012254996186117468, 0.02539635392829901, 0.013246620900076278], [0.9199630205949656, 0.01747482837528604, 0.011664180015255531, 0.012254996186117468, 0.02539635392829901, 0.013246620900076278], [0.1315783138726605, 0.03300800177864924, 0.026563264464248885, 0.022032534816255354, 0.7730667936365073, 0.013751091431678707], [0.7941839990791343, 0.09659049702370016, 0.012688844524802716, 0.025489345516575848, 0.056777241031931436, 0.014270072823855492], [0.7956976071394835, 0.09549558745073246, 0.012695724762525139, 0.024989221949217072, 0.05683920092767791, 0.014282657770364193], [0.8100044724764566, 0.08658941830559748, 0.0126234912495896, 0.02311865903930746, 0.05342887345195418, 0.01423508547709475], [0.808616438815988, 0.06409338816318766, 0.036563570249863654, 0.020072733872805736, 0.05546280603617134, 0.015191062861983554], [0.9128845962732918, 0.019414596273291923, 0.01152871635610766, 0.012330538302277433, 0.030165238095238092, 0.013676314699792962]], [[0.9128845962732918, 0.019414596273291923, 0.01152871635610766, 0.012330538302277433, 0.030165238095238092, 0.013676314699792962], [0.8607185157500198, 0.03861228292734406, 0.03062926319928496, 0.020614186540134014, 0.03525503627559157, 0.014170715307625634], [0.08578457115999044, 0.05904391540473571, 0.012192467976538047, 0.016328825061153636, 0.81279700910849, 0.013853211289092296], [0.08578545157446979, 0.0587177519900944, 0.011818042705402517, 0.02089240181493851, 0.8095911842996615, 0.01319516761543327], [0.8442556666738805, 0.06173444662551284, 0.012193359706310301, 0.01906938156263327, 0.0492682352968895, 0.013478910134773512], [0.2688208076614666, 0.09696298374683675, 0.011818042705402517, 0.016142365466765125, 0.5930606328040957, 0.013195167615433271], [0.8442556666738805, 0.06173444662551284, 0.012193359706310301, 0.01906938156263327, 0.0492682352968895, 0.013478910134773512], [0.06348340232992339, 0.03765744179143825, 0.019262972991682527, 0.014033579794542957, 0.8523674354769796, 0.013195167615433271], [0.9250926755218215, 0.016198292220113854, 0.011379974699557243, 0.01186989247311828, 0.022766995572422517, 0.012692169512966476], [0.6894184881630313, 0.04053827994681734, 0.20450100713516842, 0.016977528829506875, 0.03503717036207115, 0.013527525563404676], [0.811600674686189, 0.08550499984529432, 0.01494762547889645, 0.0235277108420853, 0.050792680301415816, 0.013626308846119092], [0.8068273632447801, 0.09313980466005549, 0.013088778722546938, 0.022190993820692152, 0.0512044338104343, 0.013548625741491016], [0.12696406491758638, 0.07186650958878016, 0.011818042705402517, 0.01747885067501866, 0.758677364497779, 0.013195167615433271], [0.6225535064016045, 0.27264579014299933, 0.012186073046851126, 0.01924283458161958, 0.05990381568134064, 0.01346798014558475], [0.8095101625796701, 0.09130594727025701, 0.012239836777455304, 0.022190993820692152, 0.0512044338104343, 0.013548625741491016], [0.11555774361252713, 0.07147452354617885, 0.011818042705402517, 0.01757312579918859, 0.7703813967212695, 0.01319516761543327], [0.8266588208915894, 0.07616858978205064, 0.012215986701473, 0.020616824023679557, 0.05082692797368986, 0.01351285062751756], [0.07784056413549661, 0.04822770639834457, 0.011818042705402517, 0.018817660309456967, 0.830100858835866, 0.01319516761543327], [0.8052512961692438, 0.08979598813533336, 0.012672368402005196, 0.02280335528713759, 0.05524067099780915, 0.014236321008470833], [0.7723378033394027, 0.09681487158757057, 0.012763585001857229, 0.021719202517295907, 0.08199139164562454, 0.014373145908248883], [0.05499614117647058, 0.017420470588235294, 0.011445756862745099, 0.012053254901960783, 0.025565662745098035, 0.8785187137254901], [0.774928074148262, 0.07265971013566676, 0.012711066353457574, 0.02324066424256808, 0.10216611718439587, 0.014294367935649397], [0.7994526502029902, 0.08917168992212096, 0.012721184625167598, 0.024662956893627998, 0.05968197301287862, 0.014309545343214436], [0.08652981429424328, 0.23509362024068223, 0.011818042705402517, 0.0201426806401699, 0.6332206745040688, 0.013195167615433271], [0.8405120969191521, 0.06584021387642733, 0.01222379601838756, 0.02191787413282656, 0.04598145445031723, 0.013524564602889401], [0.8223789926006971, 0.07829222219868423, 0.012256466188231955, 0.022158846608188683, 0.05133990254654192, 0.013573569857655994], [0.45517034881306795, 0.08469820260467265, 0.011818042705402517, 0.01757312579918859, 0.41754511246223486, 0.01319516761543327], [0.8145491865338736, 0.08252785516447435, 0.012239836777455304, 0.023648596659443317, 0.0534858991232622, 0.013548625741491016], [0.8172193372204711, 0.07880326912445554, 0.012291625513874022, 0.024985313680836473, 0.053074145614243735, 0.013626308846119093], [0.8385376659606231, 0.05107341303931465, 0.027965509137592666, 0.018002585044729562, 0.05095013157929948, 0.013470695238440559], [0.9250926755218215, 0.016198292220113854, 0.011379974699557243, 0.01186989247311828, 0.022766995572422517, 0.012692169512966476], [0.9199630205949656, 0.01747482837528604, 0.011664180015255531, 0.012254996186117468, 0.02539635392829901, 0.013246620900076278], [0.9199630205949656, 0.01747482837528604, 0.011664180015255531, 0.012254996186117468, 0.02539635392829901, 0.013246620900076278], [0.9175897283950617, 0.018065432098765433, 0.011795670781893005, 0.012433168724279835, 0.026612855967078193, 0.013503144032921811], [0.1275550355098985, 0.05171207990532618, 0.01215266568280517, 0.014839246552517574, 0.7799183921991228, 0.013822580150329805], [0.655229871759634, 0.16131833356185268, 0.016213607932875667, 0.03635057419693746, 0.11582122048157577, 0.015066392067124332], [0.11245967341193151, 0.102876171919169, 0.01215266568280517, 0.024557116963681826, 0.7341317918720827, 0.013822580150329805], [0.11953576336804969, 0.09937679983230169, 0.012110734796915358, 0.024271685901389888, 0.7309147052165172, 0.013790310884826044], [0.7824633407296022, 0.06621790962705663, 0.04923473330478252, 0.02019918582796068, 0.06693682229772555, 0.014948008212872354], [0.9128845962732918, 0.019414596273291923, 0.01152871635610766, 0.012330538302277433, 0.030165238095238092, 0.013676314699792962]], [[0.9128845962732918, 0.019414596273291923, 0.01152871635610766, 0.012330538302277433, 0.030165238095238092, 0.013676314699792962], [0.8728498151286377, 0.04254699842562629, 0.0198871993294992, 0.015308004565106363, 0.03506324837070435, 0.014344734180426116], [0.6534279944708248, 0.2604680860901643, 0.012752684905019565, 0.01910334550687526, 0.039891093264123545, 0.014356795762992387], [0.8725208227459044, 0.04497016207703472, 0.01223174478738988, 0.024965863090113893, 0.031774919543164276, 0.013536487756392879], [0.8656508258188732, 0.05213362992640907, 0.012265011857658846, 0.01729609765919879, 0.039068046376063634, 0.01358638836179633], [0.28168231832817886, 0.061289970499497984, 0.011818042705402517, 0.023035262033970338, 0.6089792388175169, 0.01319516761543327], [0.8637411814008448, 0.060956314132334294, 0.012265011857658846, 0.015776916700908444, 0.033674187546457235, 0.01358638836179633], [0.8544767628211387, 0.03799379166914357, 0.032852041321150646, 0.015578471394782255, 0.04559759242032825, 0.013501340373456535], [0.9250926755218215, 0.016198292220113854, 0.011379974699557243, 0.01186989247311828, 0.022766995572422517, 0.012692169512966476], [0.9250926755218215, 0.016198292220113854, 0.011379974699557243, 0.01186989247311828, 0.022766995572422517, 0.012692169512966476], [0.8463454365046558, 0.04796978546312526, 0.028512248361680252, 0.02240397971493201, 0.04130327342256971, 0.013465276533037002], [0.5202884862433284, 0.30632793550816906, 0.01515246046805819, 0.03895700050091579, 0.10507295345916177, 0.014201163820366857], [0.2994147373215808, 0.09593643734395606, 0.011818042705402517, 0.01546434012696642, 0.564171274886661, 0.013195167615433271], [0.310272542390926, 0.08294631760306748, 0.011818042705402517, 0.02188559249888293, 0.5598823371862878, 0.01319516761543327], [0.6835194860561173, 0.15737974073041675, 0.01515246046805819, 0.02406713992835577, 0.1056800089966851, 0.014201163820366857], [0.8102709730772082, 0.08778085863166456, 0.012239836777455304, 0.022190993820692156, 0.05396871195148883, 0.013548625741491016], [0.6496876386097092, 0.08405627259164573, 0.01229162551387402, 0.0235277108420853, 0.21681044359656665, 0.013626308846119092], [0.8076078432063614, 0.09028265788579506, 0.012193359706310301, 0.018946672163098498, 0.057490556903661144, 0.013478910134773512], [0.137297324676892, 0.08413518056941933, 0.012192467976538047, 0.019132808458060382, 0.7333890070299979, 0.013853211289092296], [0.7776803492231886, 0.10379979976862065, 0.012701130392949532, 0.02470172481351205, 0.06683753180684184, 0.014279463994887337], [0.35248581060318857, 0.1439359564786317, 0.017279749776586237, 0.02987502075668496, 0.4404877698022453, 0.015935692582663093], [0.05429817762399077, 0.01745928489042676, 0.011601722414455978, 0.012197308727412533, 0.02544476739715494, 0.878998738946559], [0.7717424470416813, 0.10744041308283868, 0.012763585001857229, 0.023476998160366535, 0.07020341080500726, 0.014373145908248883], [0.6494951902769288, 0.07498098953517035, 0.012193359706310301, 0.02276668415616552, 0.22708486619065132, 0.013478910134773512], [0.26740846478091373, 0.08303418684833326, 0.011818042705402517, 0.02060499134523399, 0.6039391467046832, 0.01319516761543327], [0.6403570495038441, 0.08633197982657197, 0.01220831319876565, 0.02238016198391636, 0.2252211551134455, 0.013501340373456535], [0.1145501457694635, 0.09050516282267196, 0.011818042705402517, 0.017831622107396472, 0.7520998589796322, 0.01319516761543327], [0.6882585042442844, 0.14876987263309438, 0.015152460468058189, 0.031850476136739414, 0.10176752269745676, 0.014201163820366855], [0.8101162267881301, 0.08322033979546481, 0.012200771997829115, 0.024769553317361154, 0.056203079529162966, 0.013490028572051734], [0.3094455813378212, 0.05063829261704198, 0.017933521154846813, 0.014033579794542957, 0.5947538574803137, 0.013195167615433271], [0.9250926755218215, 0.016198292220113854, 0.011379974699557243, 0.01186989247311828, 0.022766995572422517, 0.012692169512966476], [0.09535895880430811, 0.03520122922363611, 0.01541712694683291, 0.03091441306257836, 0.8090267756366593, 0.014081496325985305], [0.8293578637399971, 0.05234952176114256, 0.030906912358399596, 0.019132075709260978, 0.053472629832724855, 0.014780996598474955], [0.9199630205949656, 0.01747482837528604, 0.011664180015255531, 0.012254996186117468, 0.02539635392829901, 0.013246620900076278], [0.13401826158398938, 0.03290727171690583, 0.026510240068492244, 0.022013048090805395, 0.770758272378962, 0.013792906160845091], [0.7831620000132088, 0.10728347389354681, 0.012654020235368293, 0.022525556977031458, 0.06016615012232894, 0.014208798758515478], [0.11884533061671862, 0.09882536246273858, 0.012160994037570963, 0.024238095789452012, 0.7321012275891914, 0.013828989504328506], [0.8020305736100154, 0.08564182730657437, 0.012505566217071483, 0.023766319254305945, 0.061987046014700606, 0.014068667597332093], [0.10876364185279065, 0.045667750928627224, 0.02170593773414957, 0.03499998086948204, 0.7742501481618761, 0.014612540453074432], [0.9128845962732918, 0.019414596273291923, 0.01152871635610766, 0.012330538302277433, 0.030165238095238092, 0.013676314699792962]], [[0.9128357231149568, 0.01941452410383189, 0.011567634940255459, 0.012365492377420684, 0.030112010712814177, 0.013704614750721055], [0.0659958186005774, 0.03185059633870741, 0.016237037878050628, 0.014738420864826289, 0.8574788475470637, 0.013699278770774537], [0.8585812269272389, 0.05103144575634871, 0.012711066353457574, 0.027004269319555754, 0.036377623707749496, 0.014294367935649399], [0.06779577395086782, 0.045084635707461886, 0.011815164209846482, 0.015678642481807982, 0.846432971703673, 0.013192811946342697], [0.8741808626307805, 0.042696666276912355, 0.012273717259224558, 0.024023051188072908, 0.0332262561808647, 0.013599446464144897], [0.8637411814008448, 0.060956314132334294, 0.012265011857658846, 0.015776916700908444, 0.033674187546457235, 0.01358638836179633], [0.8399143178099368, 0.07172748580062134, 0.012256466188231955, 0.01620847300696643, 0.046319687336587353, 0.013573569857655994], [0.8834879163238608, 0.032923159277614536, 0.02258369776799561, 0.015717640830247376, 0.03172660138305423, 0.013560984417227301], [0.9250926755218215, 0.016198292220113854, 0.011379974699557243, 0.01186989247311828, 0.022766995572422517, 0.012692169512966476], [0.06118660734149054, 0.030212511505158232, 0.011818042705402517, 0.014033579794542957, 0.8695540910379724, 0.01319516761543327], [0.818730467255583, 0.0831881225320159, 0.01220831319876565, 0.02147593214802985, 0.05089582449214909, 0.013501340373456535], [0.11928850976024781, 0.07473974007090996, 0.011818042705402517, 0.017831622107396472, 0.7631269177406099, 0.013195167615433271], [0.2984013599244579, 0.09593643734395606, 0.011818042705402517, 0.01546434012696642, 0.5651846522837839, 0.013195167615433271], [0.3109391595468006, 0.08294631760306748, 0.011818042705402517, 0.02188559249888293, 0.5592157200304131, 0.01319516761543327], [0.8130352512182627, 0.08778085863166454, 0.012239836777455304, 0.022190993820692152, 0.0512044338104343, 0.013548625741491016], [0.8142294685056031, 0.08405627259164573, 0.01229162551387402, 0.0235277108420853, 0.05226861370067284, 0.013626308846119092], [0.8269217072227378, 0.07616858978205063, 0.012215986701473, 0.020616824023679557, 0.0505640416425414, 0.01351285062751756], [0.09728880397198125, 0.06359345430613264, 0.011818042705402517, 0.019279971014521058, 0.7948245603865292, 0.01319516761543327], [0.10484658454986293, 0.07856869457177391, 0.012192467976538047, 0.021502911393771515, 0.7690361302189613, 0.013853211289092296], [0.7822998177053739, 0.10267206825095776, 0.012711066353457574, 0.02419995880785588, 0.06382272094670519, 0.014294367935649397], [0.7485722941728584, 0.11294068249002542, 0.012752684905019565, 0.02400020280857442, 0.08737733986052977, 0.014356795762992387], [0.054338475750577354, 0.01745704387990762, 0.011592717474980755, 0.012188991531947652, 0.025451747498075442, 0.8789710238645112], [0.05725461708938684, 0.01793016498399409, 0.01167738652220307, 0.01231315767873266, 0.02645443650989083, 0.8743702372157924], [0.07918251250970304, 0.25508617051487315, 0.011818042705402517, 0.01849620567301182, 0.622221900981576, 0.01319516761543327], [0.08101123027569776, 0.23858469301031435, 0.011818042705402517, 0.01849620567301182, 0.6368946607201402, 0.01319516761543327], [0.6433189210595645, 0.24631744325644378, 0.012193359706310301, 0.02556111805875881, 0.059130247784149, 0.013478910134773512], [0.10656344991504647, 0.256139588720047, 0.011818042705402517, 0.017831622107396472, 0.5944521289366742, 0.013195167615433271], [0.10423475499621872, 0.09454096091767161, 0.011818042705402517, 0.020160317026224214, 0.7560507567390496, 0.01319516761543327], [0.1061634287019963, 0.25399126050888