{"round_id": "7b4bda99-6165-4221-97cc-27880f5e6d95", "seed_index": 3, "prediction": [[[0.9199941311325079, 0.01747129756992205, 0.011649992358245454, 0.0122418920984258, 0.025407351367874066, 0.013235335473024606], [0.9199630205949656, 0.01747482837528604, 0.011664180015255531, 0.012254996186117468, 0.02539635392829901, 0.013246620900076278], [0.9199941311325079, 0.01747129756992205, 0.011649992358245454, 0.0122418920984258, 0.025407351367874066, 0.013235335473024606], [0.9199941311325079, 0.01747129756992205, 0.011649992358245454, 0.0122418920984258, 0.025407351367874066, 0.013235335473024606], [0.9199941311325079, 0.01747129756992205, 0.011649992358245454, 0.0122418920984258, 0.025407351367874066, 0.013235335473024606], [0.9199941311325079, 0.01747129756992205, 0.011649992358245454, 0.0122418920984258, 0.025407351367874066, 0.013235335473024606], [0.9199941311325079, 0.01747129756992205, 0.011649992358245454, 0.0122418920984258, 0.025407351367874066, 0.013235335473024606], [0.9199941311325079, 0.01747129756992205, 0.011649992358245454, 0.0122418920984258, 0.025407351367874066, 0.013235335473024606], [0.9199941311325079, 0.01747129756992205, 0.011649992358245454, 0.0122418920984258, 0.025407351367874066, 0.013235335473024606], [0.9199630205949656, 0.01747482837528604, 0.011664180015255531, 0.012254996186117468, 0.02539635392829901, 0.013246620900076278], [0.9199630205949656, 0.01747482837528604, 0.011664180015255531, 0.012254996186117468, 0.02539635392829901, 0.013246620900076278], [0.9250926755218215, 0.016198292220113854, 0.011379974699557243, 0.01186989247311828, 0.022766995572422517, 0.012692169512966476], [0.9250926755218215, 0.016198292220113854, 0.011379974699557243, 0.01186989247311828, 0.022766995572422517, 0.012692169512966476], [0.9250926755218215, 0.016198292220113854, 0.011379974699557243, 0.01186989247311828, 0.022766995572422517, 0.012692169512966476], [0.9250926755218215, 0.016198292220113854, 0.011379974699557243, 0.01186989247311828, 0.022766995572422517, 0.012692169512966476], [0.9199630205949656, 0.01747482837528604, 0.011664180015255531, 0.012254996186117468, 0.02539635392829901, 0.013246620900076278], [0.9199630205949656, 0.01747482837528604, 0.011664180015255531, 0.012254996186117468, 0.02539635392829901, 0.013246620900076278], [0.9199941311325079, 0.01747129756992205, 0.011649992358245454, 0.0122418920984258, 0.025407351367874066, 0.013235335473024606], [0.9199941311325079, 0.01747129756992205, 0.011649992358245454, 0.0122418920984258, 0.025407351367874066, 0.013235335473024606], [0.9199941311325079, 0.01747129756992205, 0.011649992358245454, 0.0122418920984258, 0.025407351367874066, 0.013235335473024606], [0.9199941311325079, 0.01747129756992205, 0.011649992358245454, 0.0122418920984258, 0.025407351367874066, 0.013235335473024606], [0.9199941311325079, 0.01747129756992205, 0.011649992358245454, 0.0122418920984258, 0.025407351367874066, 0.013235335473024606], [0.9199630205949656, 0.01747482837528604, 0.011664180015255531, 0.012254996186117468, 0.02539635392829901, 0.013246620900076278], [0.9199630205949656, 0.01747482837528604, 0.011664180015255531, 0.012254996186117468, 0.02539635392829901, 0.013246620900076278], [0.9250926755218215, 0.016198292220113854, 0.011379974699557243, 0.01186989247311828, 0.022766995572422517, 0.012692169512966476], [0.9250926755218215, 0.016198292220113854, 0.011379974699557243, 0.01186989247311828, 0.022766995572422517, 0.012692169512966476], [0.9199630205949656, 0.01747482837528604, 0.011664180015255531, 0.012254996186117468, 0.02539635392829901, 0.013246620900076278], [0.9199630205949656, 0.01747482837528604, 0.011664180015255531, 0.012254996186117468, 0.02539635392829901, 0.013246620900076278], [0.9199941311325079, 0.01747129756992205, 0.011649992358245454, 0.0122418920984258, 0.025407351367874066, 0.013235335473024606], [0.9199941311325079, 0.01747129756992205, 0.011649992358245454, 0.0122418920984258, 0.025407351367874066, 0.013235335473024606], [0.9199941311325079, 0.01747129756992205, 0.011649992358245454, 0.0122418920984258, 0.025407351367874066, 0.013235335473024606], [0.9199941311325079, 0.01747129756992205, 0.011649992358245454, 0.0122418920984258, 0.025407351367874066, 0.013235335473024606], [0.9199941311325079, 0.01747129756992205, 0.011649992358245454, 0.0122418920984258, 0.025407351367874066, 0.013235335473024606], [0.9199941311325079, 0.01747129756992205, 0.011649992358245454, 0.0122418920984258, 0.025407351367874066, 0.013235335473024606], [0.9199941311325079, 0.01747129756992205, 0.011649992358245454, 0.0122418920984258, 0.025407351367874066, 0.013235335473024606], [0.9199941311325079, 0.01747129756992205, 0.011649992358245454, 0.0122418920984258, 0.025407351367874066, 0.013235335473024606], [0.9199630205949656, 0.01747482837528604, 0.011664180015255531, 0.012254996186117468, 0.02539635392829901, 0.013246620900076278], [0.9199941311325079, 0.01747129756992205, 0.011649992358245454, 0.0122418920984258, 0.025407351367874066, 0.013235335473024606], [0.920211144648247, 0.01744666821453448, 0.011551025462425509, 0.012150483708691278, 0.025484064700874547, 0.01315661326522715], [0.9126713460954117, 0.019414281373442723, 0.01169853134812114, 0.012483054795908033, 0.029932988959789325, 0.013799797427327055]], [[0.9199630205949656, 0.01747482837528604, 0.011664180015255531, 0.012254996186117468, 0.02539635392829901, 0.013246620900076278], [0.8756161990497753, 0.04590630112401276, 0.012833609866390101, 0.01487321903327315, 0.036292487721500497, 0.014478183205048192], [0.8818147067292206, 0.040922194949111715, 0.015515413188925692, 0.01487321903327315, 0.032396282894420494, 0.014478183205048192], [0.8818147067292206, 0.040922194949111715, 0.015515413188925692, 0.01487321903327315, 0.032396282894420494, 0.014478183205048192], [0.8802402933470271, 0.037695238457853164, 0.01769133414059035, 0.014784846307600654, 0.03519847726755308, 0.014389810479375695], [0.8837903570585219, 0.036205667312675605, 0.01652556917391005, 0.015419696861215509, 0.03363020619116883, 0.014428503402507977], [0.8800455627559394, 0.03400791989189443, 0.01957161520243312, 0.01580488546721224, 0.03626809469470418, 0.014301921987816473], [0.8778050320047966, 0.03506773041790303, 0.02044265854511306, 0.01627742031175391, 0.03614595122313858, 0.014261207497294606], [0.842095729902356, 0.047828190706702293, 0.03958999886259603, 0.01836179818867153, 0.03782991440402454, 0.014294367935649399], [0.825163441086449, 0.04609806650810905, 0.046706850426745876, 0.023294750376416463, 0.044482873359912696, 0.014254018242366736], [0.8331061789695728, 0.056865252802738575, 0.03235532114001179, 0.02225085025688985, 0.041206806867736805, 0.014215589963049917], [0.8367623673329561, 0.04459662251456595, 0.04708769867465993, 0.017150286971618543, 0.04093232926775903, 0.013470695238440559], [0.8394811561269053, 0.03958420376772558, 0.05016709890734853, 0.021024299647996195, 0.036215715986619566, 0.013527525563404676], [0.6869680555259039, 0.040206486698910276, 0.20961843646117614, 0.016794617677342197, 0.03291106326321085, 0.013501340373456534], [0.055416980761423304, 0.0329957691317069, 0.020388695342357745, 0.014029503516377018, 0.863978596760225, 0.013190454487909863], [0.8734632910773432, 0.04130293193156765, 0.01763173552194382, 0.015616302037225721, 0.03779696750209491, 0.01418877192982456], [0.06549711975096675, 0.03802617967602804, 0.02257972770424753, 0.01478831212592866, 0.8453483691343288, 0.013760291608500078], [0.8752188497293449, 0.04271668207553544, 0.01769133414059035, 0.014784846307600654, 0.03519847726755308, 0.014389810479375695], [0.8837903570585219, 0.036205667312675605, 0.01652556917391005, 0.015419696861215509, 0.03363020619116883, 0.014428503402507977], [0.8790962010526768, 0.037397982573640756, 0.019650889310064153, 0.015937412698213534, 0.03353607603898738, 0.014381438326417247], [0.8684046982470005, 0.04088713359447813, 0.02649602923534288, 0.016428579005109092, 0.033446773074097276, 0.014336786843972197], [0.6326626590564245, 0.04696474273926618, 0.2503266022489704, 0.018193966855742195, 0.03762958887805977, 0.014222440221536828], [0.8618639173488648, 0.04703131232970055, 0.026892631398256088, 0.016428579005109092, 0.033446773074097276, 0.014336786843972197], [0.8736574771573277, 0.03817406267359785, 0.02179355801934161, 0.015804885467212242, 0.036268094694704184, 0.014301921987816473], [0.05562334237770342, 0.033073666968595976, 0.020394360136145123, 0.013998732910091936, 0.8637550211114104, 0.013154876496052967], [0.8812056282573673, 0.031694639713582426, 0.024487423087120548, 0.017978127894668777, 0.031060611189604945, 0.013573569857655995], [0.07102898157675731, 0.03326967436938482, 0.01211410711484415, 0.01481498161398135, 0.8549793491641873, 0.013792906160845093], [0.07105287835138203, 0.03327609402889391, 0.012110734796915358, 0.014812859411534686, 0.854957122526448, 0.013790310884826044], [0.8852762631636532, 0.036252152891838946, 0.012601135210933364, 0.014596103210930782, 0.037078591701634675, 0.014195753821008922], [0.06551858023502215, 0.03172307626447484, 0.016269433207046383, 0.01478616515764464, 0.8579450790898776, 0.013757666045934203], [0.8670374510106008, 0.03616264331592206, 0.027471102899113337, 0.019621220596087976, 0.03539803683506134, 0.014309545343214438], [0.8818147067292206, 0.040922194949111715, 0.015515413188925692, 0.01487321903327315, 0.032396282894420494, 0.014478183205048192], [0.8802402933470271, 0.037695238457853164, 0.01769133414059035, 0.014784846307600654, 0.03519847726755308, 0.014389810479375695], [0.8818147067292206, 0.040922194949111715, 0.015515413188925692, 0.01487321903327315, 0.032396282894420494, 0.014478183205048192], [0.8802402933470271, 0.037695238457853164, 0.01769133414059035, 0.014784846307600654, 0.03519847726755308, 0.014389810479375695], [0.8837903570585219, 0.036205667312675605, 0.01652556917391005, 0.015419696861215509, 0.03363020619116883, 0.014428503402507977], [0.872257734790837, 0.04519037758657893, 0.01480075573188596, 0.015937412698213534, 0.03743228086606738, 0.014381438326417247], [0.8726141010446791, 0.0435574838639029, 0.015701899229741877, 0.016423129356333502, 0.037375885701087734, 0.014327500804254583], [0.8904702074844527, 0.03085866787743414, 0.014733480972449885, 0.015886764218990747, 0.033742849382487776, 0.01430803006418467], [0.9127037804878047, 0.01941432926829268, 0.01167270325203252, 0.012459857723577236, 0.029968313008130083, 0.013781016260162602]], [[0.9199941311325079, 0.01747129756992205, 0.011649992358245454, 0.0122418920984258, 0.025407351367874066, 0.013235335473024606], [0.8802402933470271, 0.037695238457853164, 0.01769133414059035, 0.014784846307600654, 0.03519847726755308, 0.014389810479375695], [0.8787461828243656, 0.0420650426345395, 0.012833609866390101, 0.016129804362899357, 0.035747177106757046, 0.014478183205048192], [0.8775458264253282, 0.04051589289330256, 0.012774694715941773, 0.016616902062792902, 0.03815687342325892, 0.014389810479375695], [0.09018769210468605, 0.06071275687490535, 0.011964467671735427, 0.01676918994196517, 0.8066881471051657, 0.013677746301542336], [0.8592118716003612, 0.055739500704601916, 0.012701130392949532, 0.019246055034674064, 0.038821978272526016, 0.014279463994887337], [0.30701395663967695, 0.06538941801866262, 0.012087040877053926, 0.017075333450061594, 0.5846621745498749, 0.013772076464669917], [0.11311874582004672, 0.06997712591575654, 0.012032300598238892, 0.022754017972748362, 0.7683878603754707, 0.013729949317738792], [0.8137961563483554, 0.08606461183956848, 0.0127211846251676, 0.021899403432327446, 0.05120909841136671, 0.014309545343214438], [0.7806670449565942, 0.1111565044420547, 0.012711066353457574, 0.022947556705930638, 0.058223459606313296, 0.014294367935649397], [0.5750271787152654, 0.31566335408034407, 0.012701130392949532, 0.02420508992044326, 0.05812378289611028, 0.014279463994887335], [0.12739668962879597, 0.07653635234044007, 0.011818042705402517, 0.017737182401706228, 0.7533165653082219, 0.01319516761543327], [0.7908967254459901, 0.10754337648408872, 0.01383984204165964, 0.021775138042478884, 0.0523839335685552, 0.013560984417227301], [0.6627990575334153, 0.2422660964758675, 0.015112311067039787, 0.022219896201015228, 0.04396251124735454, 0.013640127475307741], [0.8397147297288828, 0.07287003803067905, 0.014073053748044888, 0.02024461759407575, 0.039572996295427945, 0.0135245646028894], [0.07697685446307721, 0.060807774723032046, 0.012169303273065028, 0.01684166404824712, 0.8193690193481035, 0.013835384144475054], [0.6246514254016111, 0.28036374808608094, 0.012672368402005196, 0.0203109689162052, 0.047765168185626684, 0.014236321008470833], [0.8424733988746567, 0.06567579768694955, 0.012763585001857229, 0.017535652670894405, 0.04717841985739314, 0.014373145908248881], [0.8500319994260638, 0.06258417936961046, 0.012809343824225244, 0.017652284433644617, 0.04248040880465474, 0.014441784141800907], [0.8466896877496605, 0.06542600392636379, 0.012797567656704065, 0.01821754047466129, 0.04244508030209121, 0.014424119890519137], [0.8105264689177138, 0.08607069271700019, 0.01665003283698262, 0.022091841613012878, 0.05033596010140782, 0.01432500381388253], [0.11784425629653647, 0.1019528090001779, 0.012032300598238892, 0.0216023574283, 0.732838327359008, 0.013729949317738792], [0.6125124161389874, 0.28245373398430845, 0.016350764669749936, 0.022091841613012878, 0.052266239780058635, 0.01432500381388253], [0.8462421148086609, 0.07017563636393094, 0.012797567656704065, 0.01821754047466129, 0.0381430208055237, 0.014424119890519137], [0.8678530364810306, 0.05420393034589688, 0.01228258691365, 0.01670517837617239, 0.03534251693746689, 0.01361275094578306], [0.8702897964682846, 0.052160349468387913, 0.01229162551387402, 0.01624872906485931, 0.03538319063847499, 0.013626308846119092], [0.8801955333079369, 0.03850993270538703, 0.0127211846251676, 0.01782547068028434, 0.03643833333800965, 0.014309545343214436], [0.8801955333079369, 0.03850993270538703, 0.0127211846251676, 0.01782547068028434, 0.03643833333800965, 0.014309545343214436], [0.07258776803046692, 0.036610914683039515, 0.012068315888610629, 0.016805933099200292, 0.8481694022527484, 0.013757666045934203], [0.8659403305424993, 0.04708423671087864, 0.012691371860307703, 0.018917570391886462, 0.04110166429850321, 0.014264826195924594], [0.0723904108207064, 0.03654705229089466, 0.012095520653402426, 0.016815558579351682, 0.8483728553056139, 0.013778602350030922], [0.8659403305424993, 0.04708423671087864, 0.012691371860307703, 0.018917570391886462, 0.04110166429850321, 0.014264826195924594], [0.0727616654504638, 0.03666718577261508, 0.012044344945696232, 0.01679745179686232, 0.8479901336006089, 0.013739218433753699], [0.8801955333079369, 0.03850993270538703, 0.0127211846251676, 0.01782547068028434, 0.03643833333800965, 0.014309545343214436], [0.07860792682747035, 0.04422820271329737, 0.011964467671735427, 0.01676918994196517, 0.8347524665439893, 0.013677746301542336], [0.8834384241114798, 0.036760857817164795, 0.01465497577778454, 0.01580488546721224, 0.03503893483854204, 0.014301921987816473], [0.9200920913073553, 0.017460179847821077, 0.01160531857658904, 0.012200630235954192, 0.025441979863192687, 0.013199800169087695], [0.9200566958122411, 0.017464196962724346, 0.01162146034667894, 0.01221553919312778, 0.025429467709771437, 0.01321263997545636], [0.920211144648247, 0.01744666821453448, 0.011551025462425509, 0.012150483708691278, 0.025484064700874547, 0.01315661326522715], [0.9126713460954117, 0.019414281373442723, 0.01169853134812114, 0.012483054795908033, 0.029932988959789325, 0.013799797427327055]], [[0.9199630205949656, 0.01747482837528604, 0.011664180015255531, 0.012254996186117468, 0.02539635392829901, 0.013246620900076278], [0.06601774604462475, 0.036841580762559896, 0.021220674744980454, 0.014736227180527384, 0.8474871751888762, 0.013696596078431374], [0.8801955333079369, 0.03850993270538703, 0.0127211846251676, 0.01782547068028434, 0.03643833333800965, 0.014309545343214436], [0.8580792591209425, 0.05663750726035371, 0.012763585001857229, 0.017535652670894405, 0.04061085003770325, 0.014373145908248883], [0.8563679439174292, 0.057874668251428604, 0.012752684905019565, 0.018086107561196454, 0.040561799601933755, 0.014356795762992387], [0.8555679511400293, 0.060849800032562455, 0.012797567656704065, 0.01821754047466129, 0.0381430208055237, 0.014424119890519137], [0.8440202741303845, 0.06326598705657431, 0.012681786045057767, 0.021608802758378155, 0.04417270253655572, 0.014250447473049689], [0.8152823486824192, 0.08457841950550467, 0.0127211846251676, 0.021899403432327443, 0.051209098411366706, 0.014309545343214436], [0.585246059543447, 0.30657748985520183, 0.012711066353457574, 0.022947556705930638, 0.058223459606313296, 0.014294367935649397], [0.13192647947183098, 0.3352305641796348, 0.011992447097241597, 0.021850851648470622, 0.4853003788320475, 0.013699278770774538], [0.6025775597886712, 0.1886307681157319, 0.016213607932875667, 0.04438963537051262, 0.1331220367250843, 0.015066392067124332], [0.30848093242173386, 0.08915438085156774, 0.011818042705402517, 0.022143924225570502, 0.555207552180292, 0.01319516761543327], [0.6261962653132, 0.27347720116757346, 0.012239836777455304, 0.02219121345893381, 0.052346857541346346, 0.013548625741491016], [0.7868534837585406, 0.11082122124671562, 0.013067958702219662, 0.021775138042478884, 0.053921213832818025, 0.013560984417227301], [0.6577085571973372, 0.246916436702155, 0.01230083793333312, 0.022219896201015228, 0.047214144490851685, 0.013640127475307741], [0.6004380486579074, 0.29687100823996504, 0.012654020235368293, 0.02339413159609534, 0.052433992512148454, 0.014208798758515478], [0.08133496334929974, 0.06615887197835175, 0.012160994037570963, 0.01709884191436803, 0.8094173392160809, 0.013828989504328506], [0.08243602936439842, 0.06699014081352248, 0.012032300598238892, 0.01705793243729013, 0.8077536474688114, 0.013729949317738792], [0.8433660739600632, 0.06234621952155164, 0.012741988548309708, 0.018626273575044254, 0.04857869316710355, 0.0143407512279276], [0.8218079966331939, 0.08366122178655645, 0.012731490272279662, 0.021239624112740458, 0.0462346633813468, 0.01432500381388253], [0.5846700545038329, 0.3046013382880892, 0.012672368402005196, 0.022489927139120236, 0.06132999065848158, 0.014236321008470833], [0.13287294275030911, 0.32165716518092824, 0.012083643451212838, 0.019445013045613795, 0.5001717737058888, 0.013769461866047232], [0.7853421825425788, 0.10212665379172292, 0.0127211846251676, 0.023497311245338236, 0.062003122451977984, 0.014309545343214438], [0.8193315879547804, 0.08120701848391866, 0.012786020152629897, 0.021707225768672664, 0.05056134900559042, 0.014406798634407884], [0.867478200488319, 0.054192936371101966, 0.012273717259224558, 0.01715309592465719, 0.03530260349255241, 0.013599446464144897], [0.06892922685631939, 0.04213014269028625, 0.011818042705402517, 0.01589481236611296, 0.8480326077664456, 0.01319516761543327], [0.08117877705933131, 0.048801158179231675, 0.012179249210791212, 0.01710464492650511, 0.8268931322625329, 0.013843038361607825], [0.8775458264253282, 0.04051589289330256, 0.012774694715941773, 0.016616902062792902, 0.03815687342325892, 0.014389810479375695], [0.8775458264253282, 0.04051589289330256, 0.012774694715941773, 0.016616902062792902, 0.03815687342325892, 0.014389810479375695], [0.8787461828243656, 0.0420650426345395, 0.012833609866390101, 0.016129804362899357, 0.035747177106757046, 0.014478183205048192], [0.8801955333079369, 0.03850993270538703, 0.0127211846251676, 0.01782547068028434, 0.03643833333800965, 0.014309545343214436], [0.07620737737313829, 0.04169686848141087, 0.012160994037570965, 0.01709884191436803, 0.8390069286891834, 0.013828989504328508], [0.8801955333079369, 0.03850993270538703, 0.0127211846251676, 0.01782547068028434, 0.03643833333800965, 0.014309545343214436], [0.8598971868817956, 0.057531548272489595, 0.01282135551509685, 0.017075723271807612, 0.038214384380702064, 0.014459801678108314], [0.8860322474922633, 0.03416703443638144, 0.01465497577778454, 0.01580488546721224, 0.03503893483854204, 0.014301921987816473], [0.920319719626168, 0.01743434579439252, 0.011501510903426791, 0.0121047507788162, 0.025522445482866044, 0.013117227414330218], [0.610888490885606, 0.2784686500786063, 0.03191225547953043, 0.01836179818867153, 0.04607443743193621, 0.014294367935649397], [0.796753221598218, 0.07015070372634376, 0.045768515096703904, 0.01862288611909147, 0.05451918972815969, 0.014185483731483237], [0.8171733741283531, 0.060981945911447004, 0.04307642284400459, 0.018359894104652587, 0.04612335891278343, 0.014285004098759256], [0.9127933538461536, 0.019414461538461537, 0.011601374358974358, 0.012395794871794872, 0.030065866666666663, 0.013729148717948718]], [[0.9199630205949656, 0.01747482837528604, 0.011664180015255531, 0.012254996186117468, 0.02539635392829901, 0.013246620900076278], [0.9199630205949656, 0.01747482837528604, 0.011664180015255531, 0.012254996186117468, 0.02539635392829901, 0.013246620900076278], [0.08131640946656787, 0.04681146036740767, 0.012110734796915358, 0.014812859411534686, 0.8311582250727483, 0.013790310884826044], [0.07160867540498755, 0.05406058173432402, 0.018375080625229447, 0.014763500705787457, 0.8274622122119328, 0.013729949317738792], [0.8800455627559394, 0.03400791989189443, 0.01957161520243312, 0.01580488546721224, 0.03626809469470418, 0.014301921987816473], [0.8778050320047966, 0.03506773041790303, 0.02044265854511306, 0.01627742031175391, 0.03614595122313858, 0.014261207497294606], [0.08548080355230167, 0.047869121527402886, 0.029364348393369537, 0.014720813389339324, 0.8088871668360441, 0.013677746301542336], [0.8387648210698495, 0.046712091488062046, 0.041609051822371304, 0.018193966855742195, 0.040497628542438116, 0.01422244022153683], [0.820726901448327, 0.05053460614623101, 0.04670685042674588, 0.02329475037641647, 0.0444828733599127, 0.014254018242366738], [0.7920345763863924, 0.05327765665709093, 0.041345442653557794, 0.017565616962641372, 0.08162649328813844, 0.014150214052178978], [0.7605084699406277, 0.12979514499959494, 0.012654020235368293, 0.021252448924178644, 0.06158111714171498, 0.014208798758515478], [0.3139420850443163, 0.08190838046857937, 0.011818042705402517, 0.015722671853653992, 0.5634136523126144, 0.01319516761543327], [0.4983459882092541, 0.3206596159741494, 0.01515246046805819, 0.038516642612740064, 0.11312412891543146, 0.014201163820366857], [0.12476501939644223, 0.07614436629783877, 0.011818042705402517, 0.017831457525876164, 0.756245946459007, 0.01319516761543327], [0.6313933430226405, 0.10275831553432488, 0.01220831319876565, 0.020510738560210615, 0.21962794931060184, 0.013501340373456535], [0.11236963954211754, 0.07547527812589246, 0.012098907060146328, 0.022334506469878314, 0.7639404603334133, 0.013781208468552], [0.8116035021520013, 0.08477574819682544, 0.012681786045057767, 0.022354493071116525, 0.05433402306194946, 0.014250447473049689], [0.6352974771300482, 0.0675232981308155, 0.012741988548309708, 0.018626273575044254, 0.2514702113878545, 0.0143407512279276], [0.8163233335000342, 0.08224711085108921, 0.012731490272279662, 0.021239624112740458, 0.053133437449973966, 0.01432500381388253], [0.1124414158621171, 0.0786483478472957, 0.012032300598238892, 0.019968940552777863, 0.7631790458218317, 0.013729949317738792], [0.1328729427503091, 0.11077400606362278, 0.012083643451212838, 0.01944501304561379, 0.7110549328231941, 0.013769461866047232], [0.5460340574452732, 0.3261667229360832, 0.012654020235368293, 0.024915215562039315, 0.07602118506272053, 0.014208798758515478], [0.5707018039199937, 0.10995093963104399, 0.012763585001857229, 0.0275748989966356, 0.2646356265422205, 0.014373145908248883], [0.7994254066962366, 0.0882714680632044, 0.01277469471594177, 0.025588797129414354, 0.059549822915826923, 0.014389810479375697], [0.8450940742546921, 0.06690418645114847, 0.012310229234723462, 0.019707889299639382, 0.042329406332403216, 0.013654214427393254], [0.867478200488319, 0.054192936371101966, 0.012273717259224558, 0.01715309592465719, 0.03530260349255241, 0.013599446464144897], [0.8550061198908284, 0.059945252414134766, 0.012701130392949532, 0.019246055034674064, 0.038821978272526016, 0.014279463994887337], [0.8538735074114097, 0.060843258969886564, 0.012763585001857229, 0.017535652670894405, 0.04061085003770325, 0.014373145908248883], [0.8787461828243656, 0.0420650426345395, 0.012833609866390101, 0.016129804362899357, 0.035747177106757046, 0.014478183205048192], [0.8787461828243656, 0.0420650426345395, 0.012833609866390101, 0.016129804362899357, 0.035747177106757046, 0.014478183205048192], [0.8775458264253282, 0.04051589289330256, 0.012774694715941773, 0.016616902062792902, 0.03815687342325892, 0.014389810479375695], [0.07550286851955082, 0.036326544025908514, 0.012125885694566112, 0.01630045393007884, 0.8459422770831673, 0.01380197074672825], [0.858807607798501, 0.0559091585827953, 0.012763585001857229, 0.017535652670894405, 0.04061085003770325, 0.014373145908248881], [0.875066023628874, 0.0423820887485418, 0.01480075573188596, 0.015937412698213534, 0.03743228086606738, 0.014381438326417247], [0.920319719626168, 0.01743434579439252, 0.011501510903426791, 0.0121047507788162, 0.025522445482866044, 0.013117227414330218], [0.08335468444621422, 0.05500187093267095, 0.034260703798173704, 0.023567596230014386, 0.7900971574074289, 0.013717987185497734], [0.5782550045811589, 0.30964346570033885, 0.015743882861410197, 0.02263242491467022, 0.05952983145952556, 0.014195390482896204], [0.12198802898799044, 0.3232971802058972, 0.012068315888610629, 0.02699757984810961, 0.5018912290234577, 0.013757666045934203], [0.5980007313846419, 0.06066730185782217, 0.2580376580060485, 0.01845436693950124, 0.050721034796135024, 0.014118907015851], [0.9128845962732918, 0.019414596273291923, 0.01152871635610766, 0.012330538302277433, 0.030165238095238092, 0.013676314699792962]], [[0.9199630205949656, 0.01747482837528604, 0.011664180015255531, 0.012254996186117468, 0.02539635392829901, 0.013246620900076278], [0.9199630205949656, 0.01747482837528604, 0.011664180015255531, 0.012254996186117468, 0.02539635392829901, 0.013246620900076278], [0.9199630205949656, 0.01747482837528604, 0.011664180015255531, 0.012254996186117468, 0.02539635392829901, 0.013246620900076278], [0.9199630205949656, 0.01747482837528604, 0.011664180015255531, 0.012254996186117468, 0.02539635392829901, 0.013246620900076278], [0.9199630205949656, 0.01747482837528604, 0.011664180015255531, 0.012254996186117468, 0.02539635392829901, 0.013246620900076278], [0.9199941311325079, 0.01747129756992205, 0.011649992358245454, 0.0122418920984258, 0.025407351367874066, 0.013235335473024606], [0.9199941311325079, 0.01747129756992205, 0.011649992358245454, 0.0122418920984258, 0.025407351367874066, 0.013235335473024606], [0.9199630205949656, 0.01747482837528604, 0.011664180015255531, 0.012254996186117468, 0.02539635392829901, 0.013246620900076278], [0.9199630205949656, 0.01747482837528604, 0.011664180015255531, 0.012254996186117468, 0.02539635392829901, 0.013246620900076278], [0.9201553806989123, 0.017452996991437167, 0.011576456067268379, 0.012173972074365502, 0.02546435238756461, 0.013176841780452057], [0.11256235141516308, 0.04553700683048163, 0.012399748642162436, 0.015607408109132248, 0.7994999318895074, 0.014393553113553115], [0.597884345405509, 0.28963166691310543, 0.01220831319876565, 0.018931094680280355, 0.0678432394288829, 0.013501340373456535], [0.7803014485964674, 0.11849188122207187, 0.012239836777455304, 0.02219121345893381, 0.05322699420358046, 0.013548625741491016], [0.2905047324855914, 0.07614436629783877, 0.011818042705402517, 0.017831457525876164, 0.5905062333698577, 0.01319516761543327], [0.6565912488624999, 0.2489230343307414, 0.012256466188231957, 0.020485590069437877, 0.048170090691432896, 0.013573569857655995], [0.819670511400498, 0.0834026895876294, 0.012681786045057767, 0.022354493071116525, 0.047640072422648824, 0.014250447473049689], [0.8365298611646959, 0.06920101487333279, 0.012741988548309708, 0.018626273575044254, 0.04856011061068974, 0.0143407512279276], [0.6164497573369394, 0.2857603842916785, 0.012786020152629897, 0.020855008268400244, 0.04974203131594412, 0.014406798634407884], [0.7880073172669221, 0.1043890841113723, 0.012774694715941773, 0.024736579629141935, 0.05570251379724637, 0.014389810479375697], [0.7614935433066373, 0.12299386737570994, 0.012711066353457574, 0.02370332391478709, 0.06480383111375863, 0.014294367935649399], [0.5574294692230456, 0.123095010281495, 0.012701130392949532, 0.025962885563513893, 0.2665320405441088, 0.014279463994887337], [0.3911937302637781, 0.4032527325316858, 0.016213607932875667, 0.026433213123969984, 0.14784032408056605, 0.015066392067124332], [0.7648918356457307, 0.11223024334205248, 0.012752684905019565, 0.02809810364484349, 0.06767033669936139, 0.014356795762992387], [0.7800607052161739, 0.10393830016181294, 0.012711066353457574, 0.025461119557857716, 0.06353444077504831, 0.014294367935649397], [0.8299481038081012, 0.07382096030967797, 0.01230083793333312, 0.02292657371072879, 0.04736339676285106, 0.013640127475307741], [0.8452849285698623, 0.0653893840205461, 0.012265011857658846, 0.020026821223693793, 0.04344746596644254, 0.01358638836179633], [0.08220098474313754, 0.049287637375392344, 0.01205977279363115, 0.01706666538555472, 0.8256338482706055, 0.013751091431678707], [0.08243602936439842, 0.04939949753866867, 0.012032300598238892, 0.01705793243729013, 0.8253442907436651, 0.013729949317738792], [0.8538735074114097, 0.060843258969886564, 0.012763585001857229, 0.017535652670894405, 0.04061085003770325, 0.014373145908248883], [0.8775458264253282, 0.04051589289330256, 0.012774694715941773, 0.016616902062792902, 0.03815687342325892, 0.014389810479375695], [0.8801955333079369, 0.03850993270538703, 0.0127211846251676, 0.01782547068028434, 0.03643833333800965, 0.014309545343214436], [0.08176496772339809, 0.04908013237162892, 0.012110734796915358, 0.017082865348163688, 0.8261709888750679, 0.013790310884826044], [0.8800455627559394, 0.03400791989189443, 0.01957161520243312, 0.01580488546721224, 0.03626809469470418, 0.014301921987816473], [0.9204419764705881, 0.017420470588235294, 0.011445756862745099, 0.012053254901960783, 0.025565662745098035, 0.013072878431372548], [0.845568996423951, 0.04670133727446962, 0.03169647233719272, 0.018193966855742195, 0.04361678688710764, 0.014222440221536828], [0.800066183759465, 0.09335819603513895, 0.012672368402005196, 0.020892019326109446, 0.05877491146881049, 0.014236321008470833], [0.1195601099973122, 0.3241991351904336, 0.012187516614946476, 0.024532118841206593, 0.5056717185470027, 0.013849400809098543], [0.7587198116969803, 0.12152928304589741, 0.017803340295575842, 0.02565161747102046, 0.06212669751135796, 0.014169249979167867], [0.13582196283640344, 0.07228510489226236, 0.01957086793228461, 0.014771080223550066, 0.743811765681746, 0.013739218433753699], [0.9128845962732918, 0.019414596273291923, 0.01152871635610766, 0.012330538302277433, 0.030165238095238092, 0.013676314699792962]], [[0.9199630205949656, 0.01747482837528604, 0.011664180015255531, 0.012254996186117468, 0.02539635392829901, 0.013246620900076278], [0.08198264451579877, 0.0758025040615095, 0.018375080625229447, 0.014763500705787457, 0.7953463207739361, 0.013729949317738792], [0.08151767014280002, 0.2810398200285472, 0.01838269553583837, 0.01479794880827522, 0.5904897890198691, 0.013772076464669917], [0.9199630205949656, 0.01747482837528604, 0.011664180015255531, 0.012254996186117468, 0.02539635392829901, 0.013246620900076278], [0.09643885738058709, 0.06217181875556498, 0.024952971683363218, 0.01484448759302261, 0.7877628750831335, 0.013828989504328506], [0.09899200171256604, 0.0670851798231386, 0.02492882832821816, 0.01486429416870512, 0.7802764846782797, 0.013853211289092296], [0.8216133603546243, 0.05949200770030082, 0.03583880649795137, 0.01756561696264137, 0.05133999443230318, 0.014150214052178978], [0.808804234415829, 0.061096853627815056, 0.037483057306142015, 0.01862288611909147, 0.05980748479963923, 0.014185483731483236], [0.9200999769319491, 0.01745928489042676, 0.011601722414455978, 0.012197308727412533, 0.02544476739715494, 0.013196939638600538], [0.8289431597388873, 0.0539152038898962, 0.04633275829660958, 0.01880564481478081, 0.03774921501745922, 0.014254018242366738], [0.751499899767281, 0.13390113712805493, 0.012711066353457574, 0.02420022368051801, 0.063393305135039, 0.014294367935649399], [0.6161780031794367, 0.27437365215191056, 0.01228258691365, 0.025182479206326006, 0.05837052760289374, 0.01361275094578306], [0.6150860344969646, 0.2748668827576306, 0.01229162551387402, 0.024748626395572973, 0.05938052198983865, 0.013626308846119092], [0.4788020503639798, 0.42353537655731643, 0.012256466188231955, 0.020897630292634098, 0.050934906740181446, 0.013573569857655994], [0.838802567770097, 0.07390963947345645, 0.01222379601838756, 0.020244617594075753, 0.04129481454109391, 0.013524564602889401], [0.08106568089995497, 0.2789157591083476, 0.012192467976538047, 0.01710884694952295, 0.5968640337765442, 0.013853211289092296], [0.08243602936439841, 0.07835809402989673, 0.012032300598238892, 0.017057932437290126, 0.7963856942524371, 0.013729949317738792], [0.8310314573451631, 0.07700978397805916, 0.012741988548309708, 0.018626273575044254, 0.04624974532549608, 0.0143407512279276], [0.6108613645459388, 0.29721419047857933, 0.012786020152629897, 0.02085500826840024, 0.0438766179200438, 0.014406798634407884], [0.5906223197331231, 0.30349864819008754, 0.01277469471594177, 0.024736579629141928, 0.05397794725232996, 0.014389810479375697], [0.7645674388153407, 0.11482608842763646, 0.012763585001857229, 0.0275748989966356, 0.0658948428502811, 0.014373145908248883], [0.5671182466525437, 0.31431942722308004, 0.012752684905019565, 0.028098103644843483, 0.06335474181152066, 0.014356795762992387], [0.7717740284976341, 0.1131581203862887, 0.012711066353457574, 0.025461119557857716, 0.06260129726911225, 0.014294367935649397], [0.11915733016035701, 0.08496907837809772, 0.011992447097241597, 0.02401954799010165, 0.7461623176034274, 0.013699278770774537], [0.8444047919076282, 0.0662695206827802, 0.012265011857658846, 0.020026821223693793, 0.04344746596644254, 0.01358638836179633], [0.867478200488319, 0.054192936371101966, 0.012273717259224558, 0.01715309592465719, 0.03530260349255241, 0.013599446464144897], [0.8521621922078962, 0.062080419960961454, 0.012752684905019565, 0.018086107561196454, 0.040561799601933755, 0.014356795762992387], [0.8538735074114097, 0.060843258969886564, 0.012763585001857229, 0.017535652670894405, 0.04061085003770325, 0.014373145908248883], [0.8779735904910283, 0.04073187552229551, 0.012721184625167598, 0.01782547068028434, 0.036438333338009644, 0.014309545343214436], [0.07641704704741056, 0.04177916372840109, 0.012134275676463961, 0.017090348597327637, 0.838770737422523, 0.013808427527873895], [0.08023384111741597, 0.04337387909343435, 0.012175936939786988, 0.016321781081936097, 0.8340540724707906, 0.013840489296636085], [0.8599402202779196, 0.055011152027043514, 0.012701130392949532, 0.019246055034674064, 0.038821978272526016, 0.014279463994887337], [0.8562962998175877, 0.060121451355004046, 0.012797567656704065, 0.018217540474661287, 0.038143020805523696, 0.014424119890519135], [0.8369648774308159, 0.04915965698679392, 0.036613111761841295, 0.018193966855742195, 0.044845946743269784, 0.01422244022153683], [0.11663684310881435, 0.07922235917645509, 0.011964467671735427, 0.022388541291561627, 0.7561100424498911, 0.013677746301542336], [0.7774862814352336, 0.10496000848285499, 0.012663114544049192, 0.023451894718665024, 0.06721626059766034, 0.01422244022153683], [0.1135440192114989, 0.11972110318958959, 0.01215266568280517, 0.02487037241689018, 0.7158892593488863, 0.013822580150329805], [0.392616898946769, 0.39961348066504926, 0.016213607932875667, 0.026433213123969984, 0.15005640726421174, 0.015066392067124332], [0.5897686103429225, 0.2889031078017933, 0.03860043661641672, 0.017763692638110742, 0.05090886634297807, 0.014055286257778634], [0.9128845962732918, 0.019414596273291923, 0.01152871635610766, 0.012330538302277433, 0.030165238095238092, 0.013676314699792962]], [[0.9199941311325079, 0.01747129756992205, 0.011649992358245454, 0.0122418920984258, 0.025407351367874066, 0.013235335473024606], [0.879833512527357, 0.03414286603408283, 0.01957320056227084, 0.015771674247509814, 0.036423920049851566, 0.014254826578927942], [0.8830231473048104, 0.03270992040197812, 0.018756307022464794, 0.016253660770662808, 0.0350348577988672, 0.01422210670121684], [0.9199630205949656, 0.01747482837528604, 0.011664180015255531, 0.012254996186117468, 0.02539635392829901, 0.013246620900076278], [0.6751191166337367, 0.0406416742584709, 0.21366640155938438, 0.017011085469601884, 0.04014322740362187, 0.013418494675184309], [0.10137285456165392, 0.11493206885683178, 0.011818042705402517, 0.01808995383408404, 0.7405919124265944, 0.01319516761543327], [0.8077071716710351, 0.09235802203492682, 0.013492995767814455, 0.02028372340477997, 0.052668058549391925, 0.013490028572051734], [0.28480066709983, 0.10016035979201066, 0.011818042705402517, 0.017831457525876164, 0.5721943052614474, 0.01319516761543327], [0.30679481666936426, 0.03725335840418949, 0.022379313053949405, 0.014033579794542957, 0.6063437644625206, 0.01319516761543327], [0.8111833122637361, 0.0912867450617629, 0.012248075894612827, 0.02073639901421573, 0.050984483348445034, 0.013560984417227301], [0.6353937362858824, 0.26259467693722477, 0.01228258691365, 0.02354974306788376, 0.052566505849576096, 0.01361275094578306], [0.4335252490297719, 0.28815155463186076, 0.01440088600756348, 0.02163908287710678, 0.22869487521166576, 0.013588352242031334], [0.3885648509183754, 0.3757694900267549, 0.011913118284795698, 0.020412916520029363, 0.19030862625042422, 0.013030997999620366], [0.6777289422885922, 0.09069337232525511, 0.011920155585836239, 0.019705595706259252, 0.18691038014287595, 0.013041553951181178], [0.08166110615635254, 0.056828357863357916, 0.011552850090351906, 0.01870947502610293, 0.8185191130788536, 0.012729097784981092], [0.8512816172590298, 0.06325389783646095, 0.01222379601838756, 0.020244617594075753, 0.03947150668915652, 0.013524564602889401], [0.8645188320977495, 0.05358494233282898, 0.012273717259224558, 0.01715309592465719, 0.03886996592139492, 0.013599446464144897], [0.8606998626189417, 0.060008429854890674, 0.012329569736596647, 0.01634544268975844, 0.036933469919609344, 0.01368322518020303], [0.5292964820597647, 0.3909967954780393, 0.012319804679278325, 0.01681416544103792, 0.03690417474765438, 0.013668577594225545], [0.812453243312481, 0.0930159751072693, 0.01273149027227966, 0.021239624112740454, 0.04623466338134679, 0.01432500381388253], [0.7934200907113947, 0.09739972522688295, 0.012774694715941773, 0.025588797129414354, 0.05642688173699042, 0.014389810479375697], [0.7726524963922269, 0.11225731249689462, 0.012763585001857229, 0.0275748989966356, 0.06037856120413675, 0.014373145908248883], [0.7948613217103886, 0.09732700046368396, 0.012774694715941773, 0.025588797129414354, 0.05505837550119568, 0.014389810479375697], [0.82141418623653, 0.07987142114199468, 0.012681786045057767, 0.02320671057138894, 0.04857544853197906, 0.014250447473049689], [0.8632387815335301, 0.05843235532589094, 0.012273717259224558, 0.01715309592465719, 0.03530260349255241, 0.013599446464144897], [0.06892922685631939, 0.048446328908476576, 0.011818042705402517, 0.01589481236611296, 0.8417164215482552, 0.01319516761543327], [0.8506476094637863, 0.06359500270507136, 0.012752684905019565, 0.018086107561196454, 0.040561799601933755, 0.014356795762992387], [0.8496303264663463, 0.06508643991494995, 0.012763585001857229, 0.017535652670894405, 0.04061085003770325, 0.014373145908248883], [0.07296180296739005, 0.03673194783833515, 0.012016756928614925, 0.01678769071593166, 0.8477838143642304, 0.01371798