{"round_id": "7b4bda99-6165-4221-97cc-27880f5e6d95", "seed_index": 0, "prediction": [[[0.9126713460954117, 0.019414281373442723, 0.01169853134812114, 0.012483054795908033, 0.029932988959789325, 0.013799797427327055], [0.9202753204381263, 0.017439384758797485, 0.011521758719801134, 0.012123452186747456, 0.025506750563194285, 0.013133333333333334], [0.9200566958122411, 0.017464196962724346, 0.01162146034667894, 0.01221553919312778, 0.025429467709771437, 0.01321263997545636], [0.9199941311325079, 0.01747129756992205, 0.011649992358245454, 0.0122418920984258, 0.025407351367874066, 0.013235335473024606], [0.9199941311325079, 0.01747129756992205, 0.011649992358245454, 0.0122418920984258, 0.025407351367874066, 0.013235335473024606], [0.9199941311325079, 0.01747129756992205, 0.011649992358245454, 0.0122418920984258, 0.025407351367874066, 0.013235335473024606], [0.9199941311325079, 0.01747129756992205, 0.011649992358245454, 0.0122418920984258, 0.025407351367874066, 0.013235335473024606], [0.9199941311325079, 0.01747129756992205, 0.011649992358245454, 0.0122418920984258, 0.025407351367874066, 0.013235335473024606], [0.9199941311325079, 0.01747129756992205, 0.011649992358245454, 0.0122418920984258, 0.025407351367874066, 0.013235335473024606], [0.9199941311325079, 0.01747129756992205, 0.011649992358245454, 0.0122418920984258, 0.025407351367874066, 0.013235335473024606], [0.9199941311325079, 0.01747129756992205, 0.011649992358245454, 0.0122418920984258, 0.025407351367874066, 0.013235335473024606], [0.9199941311325079, 0.01747129756992205, 0.011649992358245454, 0.0122418920984258, 0.025407351367874066, 0.013235335473024606], [0.9199941311325079, 0.01747129756992205, 0.011649992358245454, 0.0122418920984258, 0.025407351367874066, 0.013235335473024606], [0.9199941311325079, 0.01747129756992205, 0.011649992358245454, 0.0122418920984258, 0.025407351367874066, 0.013235335473024606], [0.9199941311325079, 0.01747129756992205, 0.011649992358245454, 0.0122418920984258, 0.025407351367874066, 0.013235335473024606], [0.9199941311325079, 0.01747129756992205, 0.011649992358245454, 0.0122418920984258, 0.025407351367874066, 0.013235335473024606], [0.9199941311325079, 0.01747129756992205, 0.011649992358245454, 0.0122418920984258, 0.025407351367874066, 0.013235335473024606], [0.9199630205949656, 0.01747482837528604, 0.011664180015255531, 0.012254996186117468, 0.02539635392829901, 0.013246620900076278], [0.9199630205949656, 0.01747482837528604, 0.011664180015255531, 0.012254996186117468, 0.02539635392829901, 0.013246620900076278], [0.9199630205949656, 0.01747482837528604, 0.011664180015255531, 0.012254996186117468, 0.02539635392829901, 0.013246620900076278], [0.9199630205949656, 0.01747482837528604, 0.011664180015255531, 0.012254996186117468, 0.02539635392829901, 0.013246620900076278], [0.9199941311325079, 0.01747129756992205, 0.011649992358245454, 0.0122418920984258, 0.025407351367874066, 0.013235335473024606], [0.9199941311325079, 0.01747129756992205, 0.011649992358245454, 0.0122418920984258, 0.025407351367874066, 0.013235335473024606], [0.9199941311325079, 0.01747129756992205, 0.011649992358245454, 0.0122418920984258, 0.025407351367874066, 0.013235335473024606], [0.9199941311325079, 0.01747129756992205, 0.011649992358245454, 0.0122418920984258, 0.025407351367874066, 0.013235335473024606], [0.9199941311325079, 0.01747129756992205, 0.011649992358245454, 0.0122418920984258, 0.025407351367874066, 0.013235335473024606], [0.9199941311325079, 0.01747129756992205, 0.011649992358245454, 0.0122418920984258, 0.025407351367874066, 0.013235335473024606], [0.9199941311325079, 0.01747129756992205, 0.011649992358245454, 0.0122418920984258, 0.025407351367874066, 0.013235335473024606], [0.9199941311325079, 0.01747129756992205, 0.011649992358245454, 0.0122418920984258, 0.025407351367874066, 0.013235335473024606], [0.9200566958122411, 0.017464196962724346, 0.01162146034667894, 0.01221553919312778, 0.025429467709771437, 0.01321263997545636], [0.9202753204381263, 0.017439384758797485, 0.011521758719801134, 0.012123452186747456, 0.025506750563194285, 0.013133333333333334], [0.9126713460954117, 0.019414281373442723, 0.01169853134812114, 0.012483054795908033, 0.029932988959789325, 0.013799797427327055], [0.9128357231149568, 0.01941452410383189, 0.011567634940255459, 0.012365492377420684, 0.030112010712814177, 0.013704614750721055], [0.9128845962732918, 0.019414596273291923, 0.01152871635610766, 0.012330538302277433, 0.030165238095238092, 0.013676314699792962], [0.9128845962732918, 0.019414596273291923, 0.01152871635610766, 0.012330538302277433, 0.030165238095238092, 0.013676314699792962], [0.9128845962732918, 0.019414596273291923, 0.01152871635610766, 0.012330538302277433, 0.030165238095238092, 0.013676314699792962], [0.9128845962732918, 0.019414596273291923, 0.01152871635610766, 0.012330538302277433, 0.030165238095238092, 0.013676314699792962], [0.9128845962732918, 0.019414596273291923, 0.01152871635610766, 0.012330538302277433, 0.030165238095238092, 0.013676314699792962], [0.9127933538461536, 0.019414461538461537, 0.011601374358974358, 0.012395794871794872, 0.030065866666666663, 0.013729148717948718], [0.9126713460954117, 0.019414281373442723, 0.01169853134812114, 0.012483054795908033, 0.029932988959789325, 0.013799797427327055]], [[0.9127933538461536, 0.019414461538461537, 0.011601374358974358, 0.012395794871794872, 0.030065866666666663, 0.013729148717948718], [0.06634915182219317, 0.03696557304286246, 0.021233617930371308, 0.014703072397450563, 0.8470925342541998, 0.013656050552922593], [0.8824015306886401, 0.032893505544873684, 0.01865569374842072, 0.015308004565106365, 0.036396531272533124, 0.01434473418042612], [0.8800455627559394, 0.03400791989189443, 0.01957161520243312, 0.01580488546721224, 0.03626809469470418, 0.014301921987816473], [0.0661718179154049, 0.056060273901692284, 0.022626267628152945, 0.014720813389339324, 0.826743080863868, 0.013677746301542336], [0.8800455627559394, 0.03400791989189443, 0.01957161520243312, 0.01580488546721224, 0.03626809469470418, 0.014301921987816473], [0.8788682350837685, 0.03852915346224872, 0.018390472530804253, 0.016428579005109096, 0.033446773074097276, 0.014336786843972198], [0.8435336134363276, 0.041943299121583906, 0.041609051822371304, 0.018193966855742195, 0.04049762854243811, 0.014222440221536828], [0.11226940460278487, 0.28612774425312776, 0.0326681296995023, 0.014736227180527382, 0.5405018981856264, 0.013696596078431373], [0.8180948616598052, 0.06073043890217047, 0.03912809240476099, 0.017385116937806467, 0.050571442718223066, 0.01409004737723401], [0.8293530975052744, 0.059580174938206776, 0.03310035312893713, 0.022653900349259296, 0.04113352503276054, 0.014178949045561787], [0.8335877027929501, 0.05421539872371881, 0.03235532114001179, 0.02225085025688985, 0.04337513712337941, 0.014215589963049917], [0.8247221408431844, 0.04203244727877917, 0.05408180956371874, 0.023294750376416463, 0.04161483369553436, 0.014254018242366736], [0.839946790561991, 0.045470210574472876, 0.046964957999568895, 0.01836179818867153, 0.0349618747396462, 0.014294367935649399], [0.8788682350837685, 0.03852915346224872, 0.018390472530804253, 0.016428579005109096, 0.033446773074097276, 0.014336786843972198], [0.8812645313083195, 0.03739798257364075, 0.017482559054421552, 0.015937412698213534, 0.033536076038987374, 0.014381438326417247], [0.8788682350837685, 0.03852915346224872, 0.018390472530804253, 0.016428579005109096, 0.033446773074097276, 0.014336786843972198], [0.8337482828825453, 0.05045431674937392, 0.044283154677033296, 0.01836179818867153, 0.038858079566726204, 0.014294367935649397], [0.9199630205949656, 0.01747482837528604, 0.011664180015255531, 0.012254996186117468, 0.02539635392829901, 0.013246620900076278], [0.9199630205949656, 0.01747482837528604, 0.011664180015255531, 0.012254996186117468, 0.02539635392829901, 0.013246620900076278], [0.1081417771828702, 0.040371289997332964, 0.027512091342557353, 0.015688969225064887, 0.7937846536141817, 0.014501218637992832], [0.09373564475235713, 0.04680640725508805, 0.035834797393674, 0.025747179440217115, 0.7840354818620275, 0.013840489296636085], [0.8778050320047966, 0.03506773041790303, 0.02044265854511306, 0.01627742031175391, 0.03614595122313858, 0.014261207497294606], [0.8812645313083195, 0.03739798257364075, 0.017482559054421552, 0.015937412698213534, 0.033536076038987374, 0.014381438326417247], [0.8693623476089346, 0.03128563083986166, 0.02839363122918511, 0.020122946529986654, 0.03656698270643198, 0.014268461085599905], [0.055526746798029554, 0.027872368691844555, 0.015226873344280242, 0.014013136288998359, 0.8741893447181172, 0.013171530158730158], [0.8919176431559653, 0.0310120168706864, 0.01717749177999972, 0.01440151422191932, 0.031888584755402224, 0.013602749216026971], [0.8870736703441583, 0.03864837627143293, 0.016204702669415972, 0.014923433300036648, 0.029516632313164107, 0.01363318510179191], [0.8836553010713143, 0.040118662180586157, 0.016957564508465764, 0.015330719212965225, 0.030341593916960945, 0.013596159109707495], [0.8572371952157897, 0.0452120867026139, 0.033198917462911696, 0.01693378711280732, 0.03385702908864998, 0.013560984417227301], [0.6754275401547843, 0.044495578194285366, 0.03629538487672929, 0.021024299647996198, 0.20922967156280015, 0.013527525563404676], [0.8179771607519144, 0.05813931855944287, 0.03235532114001179, 0.02225085025688985, 0.05506175932869107, 0.014215589963049917], [0.8197970338072593, 0.05906755513580887, 0.03310035312893713, 0.022653900349259296, 0.051202208533173595, 0.014178949045561787], [0.8197769549184849, 0.06220493778877276, 0.03235532114001179, 0.02225085025688985, 0.04919634593279075, 0.014215589963049917], [0.8083592903955573, 0.06354983905869922, 0.04171091036621588, 0.02329475037641647, 0.04883119156074438, 0.014254018242366738], [0.8219415140664914, 0.06418302035111838, 0.036613111761841295, 0.018193966855742195, 0.044845946743269784, 0.01422244022153683], [0.08834176128540071, 0.04799797858290796, 0.02499152506232663, 0.02351454883527919, 0.8013638753492593, 0.013790310884826044], [0.06473762487177463, 0.04408066134070693, 0.01839736148120272, 0.014864294168705121, 0.8440668468485182, 0.013853211289092296], [0.08131640946656786, 0.0559495729837892, 0.018385991592884954, 0.014812859411534686, 0.8157448556603971, 0.013790310884826044], [0.9202753204381263, 0.017439384758797485, 0.011521758719801134, 0.012123452186747456, 0.025506750563194285, 0.013133333333333334]], [[0.9128845962732918, 0.019414596273291923, 0.01152871635610766, 0.012330538302277433, 0.030165238095238092, 0.013676314699792962], [0.8824015306886401, 0.032893505544873684, 0.01865569374842072, 0.015308004565106365, 0.036396531272533124, 0.01434473418042612], [0.857350568498548, 0.059567669793693906, 0.012809343824225244, 0.017652284433644617, 0.038178349308087244, 0.014441784141800907], [0.8546886159139817, 0.05908870473799744, 0.012741988548309708, 0.018626273575044254, 0.040513665996739404, 0.0143407512279276], [0.8592118716003612, 0.055739500704601916, 0.012701130392949532, 0.019246055034674064, 0.038821978272526016, 0.014279463994887337], [0.8555679511400293, 0.060849800032562455, 0.012797567656704065, 0.01821754047466129, 0.0381430208055237, 0.014424119890519137], [0.8440983259240648, 0.06502436868855402, 0.012786020152629897, 0.020109317955661878, 0.043575168644681486, 0.014406798634407884], [0.8248233262334376, 0.073365649749069, 0.012774694715941773, 0.023990889316403568, 0.05065562950577234, 0.014389810479375697], [0.7822030497966297, 0.10346980347662603, 0.012663114544049192, 0.02191965435002454, 0.06552193761113381, 0.01422244022153683], [0.12919896561522098, 0.14389709289730587, 0.01198896118999324, 0.019999797031805752, 0.6812185871872429, 0.013696596078431374], [0.4005618394126099, 0.37968218008576693, 0.016213607932875667, 0.028727644855472655, 0.1597483356461504, 0.015066392067124332], [0.7692015591052587, 0.11322781857608338, 0.012752684905019565, 0.02634030800177286, 0.0641208336488732, 0.014356795762992387], [0.7768739270856329, 0.11074656601392388, 0.012711066353457574, 0.02370332391478709, 0.061670748696549, 0.014294367935649399], [0.8104965527780601, 0.0866452836163459, 0.012774694715941773, 0.024736579629141935, 0.05095707878113466, 0.014389810479375697], [0.8297715524686872, 0.0783040025558309, 0.012786020152629897, 0.020855008268400244, 0.043876617920043805, 0.014406798634407884], [0.8500152929525993, 0.0621003987234251, 0.012797567656704065, 0.01821754047466129, 0.04244508030209121, 0.014424119890519137], [0.8297715524686872, 0.0783040025558309, 0.012786020152629897, 0.020855008268400244, 0.043876617920043805, 0.014406798634407884], [0.8087432669627748, 0.09007036163704836, 0.0127211846251676, 0.022645093745065813, 0.05151054768672902, 0.014309545343214436], [0.12220954789081191, 0.06326412161205555, 0.01957272343863142, 0.014720813389339324, 0.7665550473676194, 0.013677746301542336], [0.8340837400494879, 0.05582037693064936, 0.03536306542337802, 0.017763692638110742, 0.04291383870059526, 0.014055286257778634], [0.12472076102402574, 0.10728667899067026, 0.012192467976538047, 0.01975607704934162, 0.7221908036703321, 0.013853211289092296], [0.10944584926665256, 0.09314379577089298, 0.012175936939786988, 0.02187187008032982, 0.7495220586457014, 0.013840489296636085], [0.8237188955522137, 0.07679680864720319, 0.012731490272279662, 0.022091841613012878, 0.05033596010140782, 0.01432500381388253], [0.8534191385199511, 0.061097979082450675, 0.012691371860307703, 0.01976325726469094, 0.038763427076675044, 0.014264826195924594], [0.08113631741874071, 0.04878095119766519, 0.012184211926110255, 0.017106222490129504, 0.8269454393881256, 0.013846857579228714], [0.8715370791149112, 0.051474247931176935, 0.012248075894612827, 0.01723035914388194, 0.03394925349818966, 0.0135609844172273], [0.8648964468135413, 0.05937920808913366, 0.012329569736596647, 0.01634544268975844, 0.03336610749076684, 0.01368322518020303], [0.6972828226652173, 0.22657781730142887, 0.012319804679278323, 0.01681416544103792, 0.03333681231881187, 0.013668577594225545], [0.6734112166316771, 0.2394243276404837, 0.012310229234723464, 0.019707889299639382, 0.04149212276608313, 0.013654214427393254], [0.6582390588998153, 0.24422011432612326, 0.01230083793333312, 0.02292657371072879, 0.04867328765469167, 0.013640127475307741], [0.8121505394730569, 0.0883149961351758, 0.012291625513874022, 0.023759758892473462, 0.04985677113930078, 0.013626308846119093], [0.7880534822583821, 0.10065750383490835, 0.012752684905019566, 0.027116781161556892, 0.057062752077140635, 0.014356795762992387], [0.6322045664803242, 0.17346020901036427, 0.016213607932875667, 0.02803794960284834, 0.13501727490646317, 0.015066392067124332], [0.7809932937125864, 0.1101675727886848, 0.012752684905019566, 0.027116781161556892, 0.05461287166915994, 0.014356795762992387], [0.5749237991124964, 0.3167003215043756, 0.012763585001857229, 0.026593576513349003, 0.054645571959672935, 0.014373145908248883], [0.5879605731199777, 0.310604492042266, 0.0127211846251676, 0.021899403432327443, 0.05250480143704685, 0.014309545343214436], [0.7860426615013757, 0.11035520059232644, 0.012672368402005196, 0.020892019326109446, 0.055801429169712355, 0.014236321008470833], [0.09830229489561934, 0.2859239087644269, 0.012134275676463961, 0.01966011903637565, 0.5701709740992403, 0.013808427527873895], [0.8535604212557639, 0.0446386585021805, 0.030190348318778544, 0.021068391882785368, 0.03638973271815856, 0.014152447322332963], [0.9200566958122411, 0.017464196962724346, 0.01162146034667894, 0.01221553919312778, 0.025429467709771437, 0.01321263997545636]], [[0.9128845962732918, 0.019414596273291923, 0.01152871635610766, 0.012330538302277433, 0.030165238095238092, 0.013676314699792962], [0.8812645313083195, 0.03739798257364075, 0.017482559054421552, 0.015937412698213534, 0.033536076038987374, 0.014381438326417247], [0.8525987265461401, 0.06117859410583903, 0.012741988548309708, 0.018626273575044254, 0.040513665996739404, 0.0143407512279276], [0.09972474829557278, 0.07507978618000563, 0.012125885694566112, 0.2377117162081582, 0.5615558928749689, 0.01380197074672825], [0.08935939123123164, 0.2857627725594989, 0.012160994037570963, 0.028268228262334015, 0.5706196244050359, 0.013828989504328506], [0.8592118716003612, 0.055739500704601916, 0.012701130392949532, 0.019246055034674064, 0.038821978272526016, 0.014279463994887337], [0.8555679511400293, 0.060849800032562455, 0.012797567656704065, 0.01821754047466129, 0.0381430208055237, 0.014424119890519137], [0.8397161492655617, 0.06499890097980675, 0.012731490272279662, 0.02049393380000209, 0.047734521868467085, 0.01432500381388253], [0.8023146684772893, 0.08121355613271794, 0.01277469471594177, 0.025959886902122246, 0.06334738329255306, 0.014389810479375697], [0.5670665422749545, 0.1137285069218658, 0.012711066353457574, 0.02344445647166156, 0.2687550600424111, 0.014294367935649399], [0.7452142575109304, 0.12712770959106373, 0.012701130392949532, 0.02470198968617418, 0.0759754488239949, 0.014279463994887337], [0.5653487214663288, 0.11393340791505888, 0.012663114544049192, 0.022675421558880998, 0.27115689429414547, 0.01422244022153683], [0.11341571143569973, 0.07279220577475388, 0.012016756928614923, 0.02236752482678271, 0.7656898138486509, 0.013717987185497733], [0.8271906835726669, 0.07647722708460103, 0.012731490272279662, 0.021239624112740458, 0.048035971143829403, 0.01432500381388253], [0.8500152929525993, 0.0621003987234251, 0.012797567656704065, 0.01821754047466129, 0.04244508030209121, 0.014424119890519137], [0.8297715524686872, 0.0783040025558309, 0.012786020152629897, 0.020855008268400244, 0.043876617920043805, 0.014406798634407884], [0.8104965527780601, 0.0866452836163459, 0.012774694715941773, 0.024736579629141935, 0.05095707878113466, 0.014389810479375697], [0.7839041713563453, 0.10551476548674009, 0.012763585001857229, 0.025817103353564977, 0.0576272288932436, 0.014373145908248883], [0.7806841040523707, 0.11000642874323875, 0.012701130392949532, 0.02420508992044326, 0.05812378289611028, 0.014279463994887335], [0.6333803385851581, 0.19117563063425275, 0.016213607932875667, 0.026433213123969984, 0.11773081765661918, 0.015066392067124332], [0.7825098338265747, 0.1036715710150712, 0.012701130392949532, 0.025962885563513893, 0.06087511520700345, 0.014279463994887338], [0.7840697796263373, 0.10254383949740829, 0.012711066353457574, 0.025461119557857723, 0.06091982702928962, 0.014294367935649399], [0.8034701711798392, 0.09038994319965055, 0.0127211846251676, 0.023497311245338236, 0.05561184440679006, 0.01430954534321444], [0.10170298462378867, 0.07663887393402977, 0.012083643451212838, 0.021283965892112792, 0.7745210702328087, 0.013769461866047232], [0.08065532269559668, 0.043539979872372694, 0.012125885694566112, 0.01630045393007884, 0.8335763870606574, 0.013801970746728252], [0.867969305941954, 0.054087660884973465, 0.01228258691365, 0.01670517837617239, 0.03534251693746689, 0.01361275094578306], [0.8660869451031732, 0.058612025034251204, 0.012339530095061335, 0.01586734548345337, 0.03339598856616091, 0.013698165717900064], [0.6978350149322373, 0.22644063997043762, 0.012329569736596647, 0.01634544268975844, 0.03336610749076684, 0.01368322518020303], [0.8551355796137008, 0.06653555724572016, 0.012273717259224558, 0.01715309592465719, 0.03530260349255241, 0.013599446464144897], [0.6757381010273211, 0.2370974432448396, 0.012310229234723464, 0.019707889299639382, 0.04149212276608313, 0.013654214427393254], [0.8298205344528429, 0.07836186617657313, 0.012256466188231955, 0.019867247248438503, 0.04612031607625739, 0.013573569857655994], [0.789300284063813, 0.0996109993928801, 0.01276358500185723, 0.02930641367352798, 0.05464557195967294, 0.014373145908248883], [0.7844854897648815, 0.10100148704321257, 0.012752684905019565, 0.03279067085473393, 0.05461287166915992, 0.014356795762992387], [0.7748722853108051, 0.11495339156253846, 0.012711066353457574, 0.027982051052723653, 0.055186837784825804, 0.014294367935649399], [0.5822597257113291, 0.3163053394509145, 0.0127211846251676, 0.021899403432327443, 0.05250480143704685, 0.014309545343214436], [0.3384178358788951, 0.07944917380840372, 0.011936276079969494, 0.02239987225380452, 0.5341407914260045, 0.01365605055292259], [0.5672254016787455, 0.3261025291727505, 0.012711066353457574, 0.024479797074571118, 0.055186837784825804, 0.014294367935649399], [0.7933445012738487, 0.10522056388839479, 0.0127211846251676, 0.021899403432327443, 0.05250480143704685, 0.014309545343214436], [0.6263604707085468, 0.2642110717602099, 0.03459405880206602, 0.01836179818867153, 0.04217823260485622, 0.014294367935649399], [0.9199941311325079, 0.01747129756992205, 0.011649992358245454, 0.0122418920984258, 0.025407351367874066, 0.013235335473024606]], [[0.9128845962732918, 0.019414596273291923, 0.01152871635610766, 0.012330538302277433, 0.030165238095238092, 0.013676314699792962], [0.874620403227914, 0.04277698531810319, 0.018390472530804253, 0.016428579005109096, 0.033446773074097276, 0.014336786843972198], [0.8364199907218999, 0.07009636728595132, 0.012731490272279662, 0.02049393380000209, 0.045933214105984485, 0.01432500381388253], [0.11627213266442557, 0.09224534123573742, 0.012110734796915358, 0.03426716770977463, 0.7313143127083208, 0.013790310884826042], [0.8322959968227073, 0.0694004551093891, 0.012654020235368293, 0.022648441283356965, 0.048792287790662685, 0.014208798758515478], [0.08587721353081668, 0.28367846396512303, 0.012071727561068233, 0.01680714020338866, 0.5878051631311032, 0.013760291608500078], [0.8423325340405295, 0.06495372714642912, 0.012681786045057767, 0.021608802758378155, 0.04417270253655572, 0.014250447473049689], [0.11899949419667788, 0.08142577485069227, 0.011964467671735425, 0.025507240727541517, 0.7484252762518104, 0.013677746301542336], [0.7841086964129591, 0.10407821995801599, 0.012711066353457574, 0.02294755670593064, 0.061860092633987285, 0.0142943679356494], [0.7697798939690746, 0.1112369640420584, 0.012701130392949532, 0.02394622247731773, 0.06805632512371236, 0.014279463994887337], [0.14332057739888335, 0.0915436907094195, 0.01205977279363115, 0.01932937572989788, 0.7199954919364893, 0.013751091431678707], [0.13653350119663155, 0.08483553442375824, 0.01213427567646396, 0.01739744414544741, 0.735290817029825, 0.013808427527873895], [0.8107702662221449, 0.08518407407064335, 0.012654020235368293, 0.023394131596095335, 0.05378870911723257, 0.014208798758515478], [0.8479831643461803, 0.06413252732984392, 0.012797567656704065, 0.01821754047466129, 0.04244508030209121, 0.014424119890519137], [0.8508152857299991, 0.059125266942291255, 0.012752684905019566, 0.018086107561196454, 0.04486385909850127, 0.014356795762992387], [0.8491359577265515, 0.0603393034288601, 0.012741988548309708, 0.018626273575044254, 0.04481572549330692, 0.0143407512279276], [0.8297715524686872, 0.0783040025558309, 0.012786020152629897, 0.020855008268400244, 0.043876617920043805, 0.014406798634407884], [0.8087432669627748, 0.09007036163704836, 0.0127211846251676, 0.022645093745065813, 0.05151054768672902, 0.014309545343214436], [0.7839041713563453, 0.10551476548674009, 0.012763585001857229, 0.025817103353564977, 0.0576272288932436, 0.014373145908248883], [0.7806841040523707, 0.11000642874323875, 0.012701130392949532, 0.02420508992044326, 0.05812378289611028, 0.014279463994887335], [0.7840697796263373, 0.10254383949740829, 0.012711066353457574, 0.025461119557857723, 0.06091982702928962, 0.014294367935649399], [0.8052234569951244, 0.08696486517894804, 0.01277469471594177, 0.025588797129414354, 0.055058375501195675, 0.014389810479375697], [0.8244984566857516, 0.07862358411843305, 0.012786020152629897, 0.021707225768672664, 0.04797791464010482, 0.014406798634407884], [0.8504828642044487, 0.06329445644753029, 0.012741988548309708, 0.018626273575044254, 0.040513665996739404, 0.0143407512279276], [0.8521621922078962, 0.062080419960961454, 0.012752684905019565, 0.018086107561196454, 0.040561799601933755, 0.014356795762992387], [0.8703411213629744, 0.054357848774450046, 0.012339530095061335, 0.01586734548345337, 0.03339598856616091, 0.013698165717900064], [0.8857277536012683, 0.039496100938089605, 0.01230083793333312, 0.015486880837648003, 0.03334829921435323, 0.01364012747530774], [0.7005454756534673, 0.22190467028320524, 0.01229162551387402, 0.016248729064859305, 0.03538319063847499, 0.013626308846119092], [0.06892922685631939, 0.04409114893772015, 0.011818042705402517, 0.01589481236611296, 0.8460716015190116, 0.01319516761543327], [0.8647912032163497, 0.05749338955831725, 0.01223174478738988, 0.018095907826698177, 0.033851266854851986, 0.013536487756392879], [0.07915468707416908, 0.23188549076067289, 0.011818042705402517, 0.017793898187369563, 0.6461527136569526, 0.013195167615433271], [0.8022674432012061, 0.08778291672432996, 0.012672368402005196, 0.02723952149427554, 0.05580142916971236, 0.014236321008470833], [0.5836570271876576, 0.10353500073897866, 0.012711066353457574, 0.23061569999943105, 0.05518683778482581, 0.0142943679356494], [0.33671197189632973, 0.10739261162193091, 0.01198896118999324, 0.020526488726337038, 0.5096833704869778, 0.013696596078431373], [0.579193440101185, 0.3149824791756086, 0.012672368402005196, 0.02311396214301794, 0.05580142916971236, 0.014236321008470833], [0.5623335437028099, 0.3309943871486862, 0.012711066353457574, 0.024479797074571118, 0.055186837784825804, 0.014294367935649399], [0.5724872904727955, 0.31867357602847585, 0.012752684905019566, 0.027116781161556892, 0.05461287166915994, 0.014356795762992387], [0.7759198819843659, 0.1174080488671301, 0.012711066353457574, 0.024479797074571118, 0.055186837784825804, 0.014294367935649399], [0.8121967874734991, 0.05971234198075723, 0.041710910366215874, 0.023294750376416463, 0.04883119156074437, 0.014254018242366736], [0.9199941311325079, 0.01747129756992205, 0.011649992358245454, 0.0122418920984258, 0.025407351367874066, 0.013235335473024606]], [[0.9128845962732918, 0.019414596273291923, 0.01152871635610766, 0.012330538302277433, 0.030165238095238092, 0.013676314699792962], [0.8348317445251715, 0.05292384582824432, 0.04175832911823863, 0.01836179818867153, 0.037829914404024535, 0.014294367935649397], [0.6197941785067531, 0.2783947974757534, 0.01277469471594177, 0.023990889316403564, 0.050655629505772334, 0.014389810479375697], [0.7830932947200127, 0.10686238589028829, 0.012711066353457574, 0.022947556705930638, 0.06009132839466131, 0.014294367935649397], [0.8227911976270188, 0.07539777835548782, 0.01277469471594177, 0.023990889316403564, 0.050655629505772334, 0.014389810479375697], [0.8441224324208171, 0.06316382876614172, 0.012681786045057767, 0.021608802758378155, 0.04417270253655572, 0.014250447473049689], [0.8153257341516991, 0.08453503403622482, 0.0127211846251676, 0.021899403432327446, 0.05120909841136671, 0.014309545343214438], [0.5847946324017748, 0.30702891699687407, 0.012711066353457574, 0.022947556705930638, 0.058223459606313296, 0.014294367935649397], [0.7831866802731823, 0.10820465484336708, 0.012701130392949532, 0.023449322711586812, 0.058178747784027124, 0.014279463994887338], [0.5949973794792479, 0.19066563317451804, 0.016213607932875667, 0.026433213123969984, 0.15662377422226412, 0.015066392067124332], [0.736747944351443, 0.13668344722043854, 0.012654020235368293, 0.021252448924178647, 0.07845334051005616, 0.014208798758515478], [0.7615584771807743, 0.1267283159767222, 0.012663114544049192, 0.020770450564090954, 0.06405720151282639, 0.014222440221536826], [0.1165450065461049, 0.09427767234919558, 0.012071727561068233, 0.02051390811701545, 0.7428313938181156, 0.013760291608500078], [0.8196708146495986, 0.08656830694925953, 0.012681786045057767, 0.022354493071116525, 0.04447415181191803, 0.014250447473049689], [0.08020594848049831, 0.08288512444919159, 0.01217924921079121, 0.016323192461540893, 0.7945634470363702, 0.013843038361607825], [0.08153489175300974, 0.28786111412907733, 0.012137626252587333, 0.017091413689051253, 0.587563948104489, 0.013811006071785413], [0.8520722320420535, 0.058142826063780476, 0.012691371860307703, 0.01976325726469094, 0.04306548657324255, 0.014264826195924594], [0.09290492908199167, 0.06324919933517072, 0.011992447097241597, 0.019399022447657007, 0.7987551232671645, 0.013699278770774538], [0.8056321841184186, 0.09101424141286289, 0.012672368402005196, 0.021637709638847813, 0.054807175419394526, 0.014236321008470833], [0.14332057739888335, 0.0915436907094195, 0.01205977279363115, 0.01932937572989788, 0.7199954919364893, 0.013751091431678707], [0.11679624986523798, 0.08982704431283509, 0.012110734796915358, 0.02157891182735073, 0.7458967483128347, 0.013790310884826044], [0.8267445059994124, 0.07454110137911228, 0.012681786045057767, 0.02320671057138894, 0.04857544853197906, 0.014250447473049689], [0.8504828642044487, 0.06329445644753029, 0.012741988548309708, 0.018626273575044254, 0.040513665996739404, 0.0143407512279276], [0.8504828642044487, 0.06329445644753029, 0.012741988548309708, 0.018626273575044254, 0.040513665996739404, 0.0143407512279276], [0.8531448167890151, 0.06377342150322675, 0.012809343824225244, 0.017652284433644617, 0.038178349308087244, 0.014441784141800907], [0.8702897964682846, 0.052160349468387913, 0.01229162551387402, 0.01624872906485931, 0.03538319063847499, 0.013626308846119092], [0.06554333169100617, 0.03781436913433503, 0.011792057322443119, 0.015667305520594907, 0.8560090343260354, 0.013173902005585174], [0.8669530179966718, 0.05569166833590677, 0.012239836777455304, 0.017667032353230673, 0.03389981879524453, 0.013548625741491016], [0.06892922685631939, 0.04213014269028625, 0.011818042705402517, 0.01589481236611296, 0.8480326077664456, 0.01319516761543327], [0.8443859149818966, 0.06628839760851177, 0.012265011857658846, 0.020026821223693793, 0.04344746596644254, 0.01358638836179633], [0.8740044884295588, 0.048280104345108286, 0.01223174478738988, 0.01809590782669818, 0.033851266854851986, 0.013536487756392879], [0.09830229489561934, 0.07650014867215466, 0.012134275676463961, 0.01966011903637565, 0.7795947341915125, 0.013808427527873895], [0.7914700284370552, 0.09650668254256897, 0.0127211846251676, 0.02954336219460528, 0.05544919685738857, 0.014309545343214438], [0.7724739754006839, 0.11642767885242951, 0.012663114544049192, 0.02555876492107087, 0.05865402606022971, 0.014222440221536828], [0.12988159663126372, 0.34247938166735925, 0.01198896118999324, 0.025227604518436766, 0.4767258599145155, 0.013696596078431373], [0.7762994737993626, 0.11659624277003348, 0.012701130392949532, 0.02498156308022729, 0.05514212596253961, 0.014279463994887335], [0.603340262565496, 0.16689056573838493, 0.016213607932875667, 0.028727644855472655, 0.16976152684064647, 0.015066392067124332], [0.12344111721728207, 0.10076786736650951, 0.011964467671735425, 0.027105194293550253, 0.7230436071493802, 0.013677746301542334], [0.8147623992248667, 0.06730171351786467, 0.03136466462152117, 0.01756561696264137, 0.0548553916209269, 0.014150214052178976], [0.9199941311325079, 0.01747129756992205, 0.011649992358245454, 0.0122418920984258, 0.025407351367874066, 0.013235335473024606]], [[0.9128845962732918, 0.019414596273291923, 0.01152871635610766, 0.012330538302277433, 0.030165238095238092, 0.013676314699792962], [0.81670229086331, 0.04645366002670933, 0.0548124071312845, 0.023294750376416463, 0.044482873359912696, 0.014254018242366736], [0.7760887867637076, 0.10873025467863635, 0.016213320331610104, 0.02294755670593064, 0.061725713584465845, 0.0142943679356494], [0.7816710819897426, 0.10169534434905089, 0.012752684905019565, 0.02558454079291641, 0.0639395522002781, 0.014356795762992387], [0.7878797084901544, 0.10044158693034201, 0.012711066353457574, 0.02294755670593064, 0.06172571358446583, 0.014294367935649399], [0.11694940229386692, 0.08657704951750675, 0.01205977279363115, 0.02304554455230393, 0.7476171394110126, 0.013751091431678707], [0.10144372835718943, 0.06978853723837317, 0.01205977279363115, 0.022741511730016137, 0.7802153584491115, 0.013751091431678707], [0.8122788306410429, 0.08541473447833946, 0.012672368402005196, 0.020892019326109446, 0.05450572614403222, 0.014236321008470833], [0.12743280379577135, 0.11445620262722364, 0.012071727561068233, 0.02182462103520174, 0.7104543533722348, 0.013760291608500078], [0.7648579970033039, 0.11937527925412861, 0.012627654382469886, 0.020364852450830154, 0.06860496693009945, 0.014169249979167867], [0.14213784703585855, 0.10721886013527888, 0.012044344945696232, 0.019995314662581608, 0.704864414786831, 0.013739218433753697], [0.7504995625090591, 0.13674967510047775, 0.012701130392949532, 0.02470198968617418, 0.061068178316452, 0.014279463994887335], [0.5575565766981924, 0.3314273154513194, 0.012663114544049192, 0.022675421558880995, 0.06145513152602108, 0.014222440221536828], [0.5888772976917711, 0.30747801119572765, 0.0127211846251676, 0.025103413457390103, 0.05151054768672902, 0.014309545343214436], [0.09422236331519399, 0.27661334118678516, 0.012192467976538047, 0.018878013814763048, 0.5842406024176273, 0.013853211289092294], [0.8350757368624899, 0.0695276399461603, 0.012663114544049194, 0.020815304174807384, 0.04769576425095667, 0.01422244022153683], [0.8500152929525993, 0.0621003987234251, 0.012797567656704065, 0.01821754047466129, 0.04244508030209121, 0.014424119890519137], [0.8289919913351494, 0.07647722708460103, 0.012731490272279662, 0.021239624112740458, 0.0462346633813468, 0.01432500381388253], [0.8104965527780601, 0.0866452836163459, 0.012774694715941773, 0.024736579629141935, 0.05095707878113466, 0.014389810479375697], [0.7691351090720073, 0.1185463428196294, 0.012711066353457574, 0.02420022368051801, 0.06111289013873819, 0.014294367935649399], [0.7966372477647048, 0.08963026830161482, 0.012640440955405377, 0.0242336510235782, 0.06266657688479609, 0.014191815069900712], [0.09950775069669122, 0.0703591792117994, 0.012192467976538047, 0.020475921627773834, 0.7836114691981051, 0.013853211289092296], [0.0800946332430054, 0.043319018958209096, 0.012192467976538047, 0.016328825061153636, 0.8342118434720015, 0.013853211289092296], [0.0999501312803821, 0.07064059207445085, 0.01215266568280517, 0.020481863210623945, 0.7829521676014081, 0.013822580150329805], [0.8504828642044487, 0.06329445644753029, 0.012741988548309708, 0.018626273575044254, 0.040513665996739404, 0.0143407512279276], [0.8688707362331132, 0.05318623059381433, 0.01228258691365, 0.01670517837617239, 0.03534251693746689, 0.01361275094578306], [0.8679905995708791, 0.05406636725604845, 0.012282586913650001, 0.016705178376172393, 0.0353425169374669, 0.013612750945783061], [0.8649998465130114, 0.05505497253642637, 0.012273717259224558, 0.01715309592465719, 0.03691892130253568, 0.013599446464144897], [0.8424246209152227, 0.0653893840205461, 0.012265011857658846, 0.020026821223693793, 0.046307773621082085, 0.01358638836179633], [0.8284790672938875, 0.07382096030967798, 0.01230083793333312, 0.022926573710728794, 0.04883243327706484, 0.013640127475307741], [0.8546397697259065, 0.060574412278797035, 0.012223796018387561, 0.019626274773076383, 0.03941118260094321, 0.013524564602889401], [0.11330399798547297, 0.08350550463883076, 0.012160994037570963, 0.019959002726528466, 0.7572415111072682, 0.013828989504328506], [0.7899405653193361, 0.1015280846462871, 0.012711066353457574, 0.026339077960443977, 0.055186837784825804, 0.014294367935649399], [0.7918099655506193, 0.099350900950652, 0.012752684905019566, 0.027116781161556892, 0.05461287166915994, 0.014356795762992387], [0.7768895976626001, 0.11299703800282318, 0.012711066353457574, 0.024976696840302036, 0.058131233205167526, 0.014294367935649399], [0.7755574285614547, 0.10790174897650841, 0.012763585001857229, 0.028562574099067685, 0.060841517452863134, 0.014373145908248883], [0.7881607559700872, 0.10473496059930905, 0.012701130392949532, 0.02498156308022729, 0.05514212596253961, 0.014279463994887335], [0.7887724233692318, 0.10241665255406664, 0.012663114544049192, 0.023451894718665024, 0.05847347459245041, 0.014222440221536828], [0.8226603243102674, 0.04924880514398918, 0.04171091036621588, 0.02329475037641647, 0.04883119156074438, 0.014254018242366738], [0.9199941311325079, 0.01747129756992205, 0.011649992358245454, 0.0122418920984258, 0.025407351367874066, 0.013235335473024606]], [[0.9128845962732918, 0.019414596273291923, 0.01152871635610766, 0.012330538302277433, 0.030165238095238092, 0.013676314699792962], [0.6063061799126446, 0.06179026214170466, 0.24616962923576338, 0.01756561696264137, 0.054018097695067054, 0.014150214052178978], [0.12901402047078026, 0.11584748793479865, 0.011964467671735425, 0.02186010887849317, 0.70763616874265, 0.013677746301542336], [0.36920158033447803, 0.17480271863648408, 0.018014915695358274, 0.028727644855472655, 0.3941867484110826, 0.015066392067124332], [0.7853217631463444, 0.09826440323470692, 0.012752684905019565, 0.02558454079291641, 0.06371981215802025, 0.014356795762992387], [0.789451682789656, 0.10044158693034201, 0.012711066353457574, 0.022947556705930638, 0.060153739284964106, 0.014294367935649397], [0.8230700404181522, 0.07679072776977146, 0.0127211846251676, 0.021899403432327443, 0.051209098411366706, 0.014309545343214436], [0.8419810819833456, 0.06714161262927311, 0.012786020152629897, 0.020109317955661878, 0.043575168644681486, 0.014406798634407884], [0.7978503887072776, 0.09475546313065082, 0.012645081384955443, 0.018877900263120397, 0.06167577603109942, 0.014195390482896204], [0.12767044173194642, 0.1360136066852784, 0.01209213110382164, 0.0199914471891356, 0.6904563794769796, 0.013775993812838361], [0.7547528151030507, 0.13555079983717197, 0.012654020235368293, 0.021252448924178644, 0.06158111714171498, 0.014208798758515478], [0.3951397793170857, 0.3923775062366392, 0.016213607932875667, 0.028727644855472655, 0.15247506959080245, 0.015066392067124332], [0.3622040564104145, 0.08571873781221107, 0.011992447097241597, 0.021850851648470622, 0.5045346282608877, 0.013699278770774538], [0.7508968949988424, 0.12971288284447452, 0.012663114544049192, 0.031049535865076028, 0.06145513152602108, 0.014222440221536828], [0.10708924136193682, 0.09207401908554687, 0.012192467976538047, 0.020268305814045966, 0.75452275447284, 0.013853211289092296], [0.09605290579686816, 0.07402401778695367, 0.012110734796915358, 0.01966096181964555, 0.7843610689147912, 0.013790310884826044], [0.8289919913351494, 0.07647722708460103, 0.012731490272279662, 0.021239624112740458, 0.0462346633813468, 0.01432500381388253], [0.8104965527780601, 0.0866452836163459, 0.012774694715941773, 0.024736579629141935, 0.05095707878113466, 0.014389810479375697], [0.7822440498521335, 0.10887869722557587, 0.012711066353457574, 0.02370332391478709, 0.058168494718396475, 0.014294367935649399], [0.7806841040523707, 0.11000642874323875, 0.012701130392949532, 0.02420508992044326, 0.05812378289611028, 0.014279463994887335], [0.12472076102402574, 0.10728667899067026, 0.012192467976538047, 0.01975607704934162, 0.7221908036703321, 0.013853211289092296], [0.10923979469167167, 0.0929750456661541, 0.012192467976538047, 0.021866213627056756, 0.7498732667494872, 0.013853211289092296], [0.8126961275843941, 0.08299967053926816, 0.012654020235368293, 0.024246349096367754, 0.05319503378608603, 0.014208798758515478], [0.11572620637850613, 0.0890532978887069, 0.01219081827820354, 0.02155497322178588, 0.7476227625222611, 0.013851941710536355], [0.8267445059994124, 0.07454110137911228, 0.012681786045057767, 0.02320671057138894, 0.04857544853197906, 0.014250447473049689], [0.06540318489771534, 0.0377584409061366, 0.011815164209846482, 0.015678642481807982, 0.8561517555581508, 0.013192811946342697], [0.8657095321066873, 0.055627794938287047, 0.01223174478738988, 0.018095907826698177, 0.03479853258454463, 0.013536487756392879], [0.08169628737885976, 0.06031351237656461, 0.011792057322443119, 0.01911795517713152, 0.8139062857394158, 0.013173902005585174], [0.6621328174224077, 0.07666111039515613, 0.012256466188231957, 0.02199642122018548, 0.21337961491