{"prediction": [[[0.9016768770186335, 0.02791996149068323, 0.012591928364389233, 0.014125510144927536, 0.029406835196687367, 0.01427888778467909], [0.9016768770186335, 0.02791996149068323, 0.012591928364389233, 0.014125510144927536, 0.029406835196687367, 0.01427888778467909], [0.9016768770186335, 0.02791996149068323, 0.012591928364389233, 0.014125510144927536, 0.029406835196687367, 0.01427888778467909], [0.9016768770186335, 0.02791996149068323, 0.012591928364389233, 0.014125510144927536, 0.029406835196687367, 0.01427888778467909], [0.9016768770186335, 0.02791996149068323, 0.012591928364389233, 0.014125510144927536, 0.029406835196687367, 0.01427888778467909], [0.9016768770186335, 0.02791996149068323, 0.012591928364389233, 0.014125510144927536, 0.029406835196687367, 0.01427888778467909], [0.9016768770186335, 0.02791996149068323, 0.012591928364389233, 0.014125510144927536, 0.029406835196687367, 0.01427888778467909], [0.9016768770186335, 0.02791996149068323, 0.012591928364389233, 0.014125510144927536, 0.029406835196687367, 0.01427888778467909], [0.9016768770186335, 0.02791996149068323, 0.012591928364389233, 0.014125510144927536, 0.029406835196687367, 0.01427888778467909], [0.9016768770186335, 0.02791996149068323, 0.012591928364389233, 0.014125510144927536, 0.029406835196687367, 0.01427888778467909], [0.9016768770186335, 0.02791996149068323, 0.012591928364389233, 0.014125510144927536, 0.029406835196687367, 0.01427888778467909], [0.9016768770186335, 0.02791996149068323, 0.012591928364389233, 0.014125510144927536, 0.029406835196687367, 0.01427888778467909], [0.9016768770186335, 0.02791996149068323, 0.012591928364389233, 0.014125510144927536, 0.029406835196687367, 0.01427888778467909], [0.9016768770186335, 0.02791996149068323, 0.012591928364389233, 0.014125510144927536, 0.029406835196687367, 0.01427888778467909], [0.9016768770186335, 0.02791996149068323, 0.012591928364389233, 0.014125510144927536, 0.029406835196687367, 0.01427888778467909], [0.9016834190358467, 0.02787783559950556, 0.012625590028842192, 0.01415158920477956, 0.029357357643180877, 0.014304208487845076], [0.901705422060164, 0.027736151929504703, 0.012738805631520307, 0.014239301934569026, 0.029190947837536715, 0.014389370606705153], [0.9118649601491492, 0.023821877417851314, 0.012319601336129884, 0.013470413112716538, 0.02493763908956731, 0.013585508894585567], [0.9117527712839392, 0.023765917165209385, 0.012409206013192207, 0.013545453903973001, 0.024867558521245586, 0.013659093112440557], [0.9117206657496563, 0.023749902796882164, 0.012434848540424882, 0.013566928626012532, 0.024847503285954455, 0.013680151001069845], [0.9117206657496563, 0.023749902796882164, 0.012434848540424882, 0.013566928626012532, 0.024847503285954455, 0.013680151001069845], [0.9117206657496563, 0.023749902796882164, 0.012434848540424882, 0.013566928626012532, 0.024847503285954455, 0.013680151001069845], [0.9117206657496563, 0.023749902796882164, 0.012434848540424882, 0.013566928626012532, 0.024847503285954455, 0.013680151001069845], [0.9117206657496563, 0.023749902796882164, 0.012434848540424882, 0.013566928626012532, 0.024847503285954455, 0.013680151001069845], [0.9117047011441647, 0.023741939588100686, 0.012447599389778794, 0.013577607017543859, 0.02483753073989321, 0.013690622120518688], [0.9117047011441647, 0.023741939588100686, 0.012447599389778794, 0.013577607017543859, 0.02483753073989321, 0.013690622120518688], [0.9117047011441647, 0.023741939588100686, 0.012447599389778794, 0.013577607017543859, 0.02483753073989321, 0.013690622120518688], [0.9117047011441647, 0.023741939588100686, 0.012447599389778794, 0.013577607017543859, 0.02483753073989321, 0.013690622120518688], [0.9117047011441647, 0.023741939588100686, 0.012447599389778794, 0.013577607017543859, 0.02483753073989321, 0.013690622120518688], [0.9117047011441647, 0.023741939588100686, 0.012447599389778794, 0.013577607017543859, 0.02483753073989321, 0.013690622120518688], [0.9117047011441647, 0.023741939588100686, 0.012447599389778794, 0.013577607017543859, 0.02483753073989321, 0.013690622120518688], [0.911803412173108, 0.023791177042351307, 0.012368759392116022, 0.0135115812697678, 0.0248991921623081, 0.013625877960348684], [0.901705422060164, 0.027736151929504703, 0.012738805631520307, 0.014239301934569026, 0.029190947837536715, 0.014389370606705153], [0.9016834190358467, 0.02787783559950556, 0.012625590028842192, 0.01415158920477956, 0.029357357643180877, 0.014304208487845076], [0.9016768770186335, 0.02791996149068323, 0.012591928364389233, 0.014125510144927536, 0.029406835196687367, 0.01427888778467909], [0.9016768770186335, 0.02791996149068323, 0.012591928364389233, 0.014125510144927536, 0.029406835196687367, 0.01427888778467909], [0.9016768770186335, 0.02791996149068323, 0.012591928364389233, 0.014125510144927536, 0.029406835196687367, 0.01427888778467909], [0.9016768770186335, 0.02791996149068323, 0.012591928364389233, 0.014125510144927536, 0.029406835196687367, 0.01427888778467909], [0.9016768770186335, 0.02791996149068323, 0.012591928364389233, 0.014125510144927536, 0.029406835196687367, 0.01427888778467909], [0.9016768770186335, 0.02791996149068323, 0.012591928364389233, 0.014125510144927536, 0.029406835196687367, 0.01427888778467909]], [[0.9016834190358467, 0.02787783559950556, 0.012625590028842192, 0.01415158920477956, 0.029357357643180877, 0.014304208487845076], [0.735527457803162, 0.11188281672615254, 0.044128001350402964, 0.03644069326505993, 0.0563930761032202, 0.015627954752002345], [0.7557329745808987, 0.09206279711483904, 0.05400315975906646, 0.03552039475128553, 0.04818382424588366, 0.014496849548026644], [0.770312194149152, 0.08516075042507976, 0.06027015280872677, 0.019281263268038418, 0.05046721508798207, 0.014508424261020815], [0.10623647523358218, 0.07699898330074337, 0.02199261919686047, 0.03514849011471628, 0.7448001523441617, 0.014823279809935853], [0.7718012979633735, 0.09674623582680583, 0.05232695092135621, 0.018334971236655777, 0.046330368355979555, 0.014460175695829134], [0.7683822521882135, 0.09250210378309724, 0.05640407000332859, 0.018042859073142105, 0.050184841685874365, 0.014483873266343978], [0.09469614993861017, 0.30272815552360904, 0.025216690594831864, 0.0512138509370738, 0.5112315082212224, 0.014913644784652565], [0.7900554410200253, 0.07556119521147107, 0.05859041624114225, 0.017958327078532343, 0.043393324261881625, 0.014441296186947481], [0.7748663093188677, 0.09383836340132526, 0.05263737277569283, 0.018432299594988544, 0.045722898932699145, 0.014502755976426699], [0.7764175011349042, 0.09868208635478717, 0.0535434212053531, 0.01861710267692807, 0.03830260081752263, 0.014437287810504925], [0.07380485044082996, 0.13436403717268097, 0.07454127762855203, 0.03683581751098481, 0.6655144697185621, 0.014939547528390138], [0.09184350297896085, 0.0910232462533182, 0.07061251690332537, 0.04836120397742448, 0.6832458851023183, 0.014913644784652565], [0.7528221408267567, 0.09266520055436797, 0.07025575600183397, 0.019281263268038418, 0.05046721508798207, 0.014508424261020815], [0.5117372025414761, 0.11395373837199195, 0.27799418013772764, 0.02867244628951606, 0.05306108018640499, 0.014581352472882978], [0.7389855865284903, 0.10334647966758223, 0.06855840349362329, 0.02781959617757874, 0.04682443465010714, 0.014465499482618214], [0.10530012317996174, 0.07160371375116512, 0.050609763950012, 0.0349786751720822, 0.7226350936612821, 0.014872630285496787], [0.777131039462322, 0.09879145346483034, 0.052941530849437285, 0.018334971236655777, 0.03834082929092561, 0.014460175695829134], [0.775930562742583, 0.09929342615111215, 0.053869839351248526, 0.018721525205954603, 0.0377062432138253, 0.014478403335276332], [0.7788105944744161, 0.09726903738274947, 0.0532519527037739, 0.018432299594988544, 0.0377333598676452, 0.014502755976426699], [0.7803944355626962, 0.09186728927976485, 0.04551186759046596, 0.018132511171792674, 0.049565898394584994, 0.014527998000695359], [0.7904675084227788, 0.08634042235486983, 0.0438201323443138, 0.021125552219908597, 0.04369220562205604, 0.014554179036072874], [0.7641886816726542, 0.09717060384620856, 0.04841549505695211, 0.02683715367508807, 0.04885419012214245, 0.01453387562695459], [0.0726003550910301, 0.09167651001686183, 0.05082291325396565, 0.03433675659885278, 0.7357401852293538, 0.014823279809935854], [0.772854113127727, 0.08666274447906686, 0.040038177685197886, 0.0246726416207911, 0.061221254598926536, 0.014551068488290523], [0.9117047011441647, 0.023741939588100686, 0.012447599389778794, 0.013577607017543859, 0.02483753073989321, 0.013690622120518688], [0.9117047011441647, 0.023741939588100686, 0.012447599389778794, 0.013577607017543859, 0.02483753073989321, 0.013690622120518688], [0.9117047011441647, 0.023741939588100686, 0.012447599389778794, 0.013577607017543859, 0.02483753073989321, 0.013690622120518688], [0.9117047011441647, 0.023741939588100686, 0.012447599389778794, 0.013577607017543859, 0.02483753073989321, 0.013690622120518688], [0.9117047011441647, 0.023741939588100686, 0.012447599389778794, 0.013577607017543859, 0.02483753073989321, 0.013690622120518688], [0.9117047011441647, 0.023741939588100686, 0.012447599389778794, 0.013577607017543859, 0.02483753073989321, 0.013690622120518688], [0.8252577453451783, 0.07560694373525896, 0.023814564649875837, 0.021540855633376273, 0.03921558904611156, 0.014564301590199035], [0.7671746543961295, 0.10308840247579965, 0.042960261385240305, 0.029097596923656148, 0.041974277164680725, 0.015704807654493457], [0.7642785020949346, 0.10487285852364582, 0.04346262789808999, 0.02930437510280704, 0.042455619910157553, 0.01562601647036492], [0.7540204977810868, 0.10085307779578427, 0.05085063392512886, 0.026905938151639497, 0.05183488275754809, 0.015534969588812366], [0.7540204977810868, 0.10085307779578427, 0.05085063392512886, 0.026905938151639497, 0.05183488275754809, 0.015534969588812366], [0.10023920285031818, 0.10746692910774508, 0.018576089085995354, 0.06399966955789144, 0.6936888420695004, 0.016029267328549472], [0.10023920285031818, 0.10746692910774508, 0.018576089085995354, 0.06399966955789144, 0.6936888420695004, 0.016029267328549472], [0.6941749995197053, 0.1393820880677079, 0.027804914961606274, 0.08081280143208633, 0.04235771357893608, 0.0154674824399583], [0.9016768770186335, 0.02791996149068323, 0.012591928364389233, 0.014125510144927536, 0.029406835196687367, 0.01427888778467909]], [[0.901705422060164, 0.027736151929504703, 0.012738805631520307, 0.014239301934569026, 0.029190947837536715, 0.014389370606705153], [0.6979223634301561, 0.11511089946378496, 0.06628964917925798, 0.0462395599042666, 0.058824858253297085, 0.015612669769237373], [0.10807352939411828, 0.35786170698924563, 0.013425357075095982, 0.03310483667686567, 0.4727112900547386, 0.014823279809935853], [0.7180571130714511, 0.16808868342807545, 0.013611682145649753, 0.03113886067164332, 0.05453100980339044, 0.014572650879789924], [0.4962829454774497, 0.3883120657938368, 0.013606480475503427, 0.027504990509708463, 0.05972888052529497, 0.014564637218206545], [0.6959355272286447, 0.18801668837778898, 0.013633174230602403, 0.028584610074334722, 0.05922423863268061, 0.0146057614559485], [0.4931586735553578, 0.3883763539935031, 0.013576353198243537, 0.029092778458376926, 0.061277617477539424, 0.0145182233169791], [0.11284178426705843, 0.15423337722055677, 0.013630436351694518, 0.041404640618361986, 0.6629093860736945, 0.014980375468633705], [0.12492729841197901, 0.1527714269206231, 0.01354332331170849, 0.03177932913081103, 0.6620649774402256, 0.014913644784652565], [0.7002548842550729, 0.18401977333471772, 0.013601335898025188, 0.027851652376455226, 0.0597156426224863, 0.014556711513242499], [0.33325521067248043, 0.44916851287106785, 0.016444718510971085, 0.05590015790253645, 0.12991192055003234, 0.015319479492911802], [0.10821133506186932, 0.3926709752494397, 0.01354332331170849, 0.025471418432656434, 0.4451893031596733, 0.014913644784652565], [0.6964129165807256, 0.18832330675514336, 0.013576353198243537, 0.030944450531254185, 0.05622474961765402, 0.0145182233169791], [0.5217005954747068, 0.3706728038030529, 0.016366821448122508, 0.0272139189309535, 0.04942304579102426, 0.014622814552140125], [0.7177426923389458, 0.17371220406601703, 0.018823320047035758, 0.025874407055193817, 0.04926662252247881, 0.014580753970328694], [0.11484736197870181, 0.15314293714326188, 0.01350911375161333, 0.028653598761951067, 0.6749595489257035, 0.014887439438768527], [0.4908106456000933, 0.4012068817097562, 0.013564136641152231, 0.026232573084209426, 0.05368636040181556, 0.014499402562973222], [0.505668707976099, 0.38306128662466193, 0.013633174230602403, 0.030436282147211988, 0.05259478756547612, 0.0146057614559485], [0.5279138732762158, 0.2443881877274181, 0.016444718510971085, 0.05636600847968731, 0.13956773251279583, 0.015319479492911802], [0.5113185846364855, 0.3774114099642755, 0.013633174230602403, 0.030436282147211988, 0.05259478756547612, 0.0146057614559485], [0.7211297548954045, 0.16534270414694954, 0.013638677225645181, 0.02863290237315083, 0.05664172202200406, 0.014614239336845844], [0.5242842066103296, 0.36327262101792157, 0.013611682145649753, 0.02984252498808171, 0.0544163143582273, 0.014572650879789924], [0.7481711361599527, 0.14526286247480658, 0.013649873849420766, 0.02966782174561334, 0.048616816982455666, 0.014631488787751015], [0.7657416887640854, 0.129398261358292, 0.01362226060817172, 0.025743348406834628, 0.05090549286741171, 0.014588947995204549], [0.7670579547321675, 0.12624860194290036, 0.013627639376889898, 0.025380905813146386, 0.05308766364111877, 0.014597234493777162], [0.09398424134695427, 0.09286450369774649, 0.027063039636272115, 0.024832807151775365, 0.7464321283573159, 0.014823279809935853], [0.9117047011441647, 0.023741939588100686, 0.012447599389778794, 0.013577607017543859, 0.02483753073989321, 0.013690622120518688], [0.797043110793109, 0.08428034517674458, 0.018585805486082855, 0.021496914133193983, 0.06407826317816491, 0.01451556123270463], [0.09398424134695427, 0.31427682597262796, 0.02706303963627211, 0.02483280715177536, 0.5250198060824344, 0.014823279809935853], [0.9117047011441647, 0.023741939588100686, 0.012447599389778794, 0.013577607017543859, 0.02483753073989321, 0.013690622120518688], [0.9117047011441647, 0.023741939588100686, 0.012447599389778794, 0.013577607017543859, 0.02483753073989321, 0.013690622120518688], [0.8252577453451783, 0.07560694373525896, 0.023814564649875837, 0.021540855633376273, 0.03921558904611156, 0.014564301590199035], [0.7605335243039713, 0.12048790080219528, 0.014387375900122559, 0.030440719408841008, 0.05844859992552343, 0.015701879659346413], [0.7419804428264521, 0.13421298643518714, 0.014259347910172866, 0.030076720237294546, 0.06390027542565827, 0.015570227165234917], [0.10106763998310313, 0.12827559105975456, 0.014197207098417715, 0.0234569706922112, 0.7169733238379639, 0.016029267328549472], [0.7411843016290552, 0.1347806649836924, 0.014233930594524772, 0.030129509954166217, 0.06412030150934508, 0.0155512913292163], [0.7403802484694479, 0.13535398505814555, 0.014208260684435453, 0.030182824289342193, 0.06434251418765238, 0.015532167310976381], [0.7428018087812226, 0.13246574908411576, 0.014164573614394592, 0.03217753330850283, 0.06292547193680467, 0.015464863274959408], [0.07834479291242999, 0.09802800571229997, 0.04533592345452539, 0.05456074616244631, 0.707701264429749, 0.016029267328549472], [0.9016768770186335, 0.02791996149068323, 0.012591928364389233, 0.014125510144927536, 0.029406835196687367, 0.01427888778467909]], [[0.9118649601491492, 0.023821877417851314, 0.012319601336129884, 0.013470413112716538, 0.02493763908956731, 0.013585508894585567], [0.7645565266957223, 0.07963027594451139, 0.06281350873751511, 0.02802404927324833, 0.050467215087982076, 0.014508424261020815], [0.599200066946571, 0.13461675998440062, 0.012994886333299701, 0.1924704504576455, 0.04692609351818145, 0.013791742759901702], [0.5823028093182674, 0.3133359865629384, 0.013017271247831013, 0.027999391425328743, 0.04951831262172244, 0.013826228823912018], [0.5767183854938255, 0.3192025693903305, 0.013012708043212999, 0.026219771530271184, 0.05102736676389788, 0.01381919877846204], [0.41301031406700134, 0.3933362937411071, 0.01534410244647887, 0.040926696401154504, 0.1229715638596234, 0.014411029484634644], [0.2758580881809971, 0.29854014458118705, 0.013010437733758073, 0.030618215011243455, 0.3678432775292603, 0.014129836963553946], [0.5715167346914489, 0.32945620055614433, 0.012955460554427941, 0.021924959662148302, 0.05041564089253002, 0.013731003643300373], [0.5949909230233008, 0.30196658953974587, 0.012994886333299701, 0.026823560020912636, 0.04943229832283933, 0.013791742759901703], [0.74622709917579, 0.15229706337580312, 0.013017271247831013, 0.025114024754941427, 0.049518312621722446, 0.01382622882391202], [0.5788803254445454, 0.3209810558185686, 0.01298630699703417, 0.026338430330850655, 0.04703535592268803, 0.01377852548631304], [0.57666830998056, 0.32345871560667877, 0.012990572993918401, 0.02605097068043636, 0.04704633308308157, 0.013785097655324973], [0.5886181779030555, 0.3164984255272342, 0.012994886333299701, 0.02368515928307357, 0.04441160819343551, 0.013791742759901703], [0.7694360128508991, 0.14055407014266155, 0.013026555734718927, 0.023540291508958422, 0.03960253731447495, 0.013840532448286893], [0.6178792453751445, 0.2932165862748812, 0.013949996848327307, 0.024512857331214617, 0.036593505314743584, 0.013847808855688896], [0.5218030531963839, 0.37457111854883285, 0.013586149464062341, 0.027297641149347296, 0.04820872225649254, 0.014533315384881205], [0.11516059757825683, 0.15358184973585576, 0.01348978126040906, 0.02868396687790683, 0.6742111742620747, 0.014872630285496787], [0.7014264908425958, 0.18636971621569895, 0.013606480475503427, 0.02935666258258572, 0.05467601266540958, 0.014564637218206545], [0.7109191585945452, 0.17781083600621567, 0.013633174230602403, 0.030436282147211988, 0.052594787565476114, 0.0146057614559485], [0.7072755516743575, 0.18178887904329027, 0.013638677225645181, 0.030078425038218518, 0.05260422768164258, 0.014614239336845844], [0.7144453720751005, 0.1731114555531509, 0.013611682145649753, 0.029842524988081716, 0.05441631435822731, 0.014572650879789924], [0.1016445222306942, 0.15475829818431294, 0.01350222382617662, 0.027814905100744247, 0.687397889067913, 0.014882161590158899], [0.7639182587050483, 0.13122169141732914, 0.01362226060817172, 0.025743348406834628, 0.05090549286741171, 0.014588947995204549], [0.7781541223566945, 0.11735939954320389, 0.013661332074831086, 0.025811126279499615, 0.05036487848521755, 0.014649141260553274], [0.7779667418579115, 0.11608682286166654, 0.013667162170051811, 0.025431998003964677, 0.05218915203639806, 0.014658123070007448], [0.7852188537998636, 0.10932841460490575, 0.013638581099286534, 0.025409312176586242, 0.051790747074199055, 0.014614091245158799], [0.8422005507563347, 0.06421654938944359, 0.018634343720832357, 0.02149431529352027, 0.038784815371196095, 0.014669425468672968], [0.9051339260053618, 0.026099805898123322, 0.012867562823949956, 0.014191459159964254, 0.027383380518319927, 0.014323865594280605], [0.7483790622961948, 0.10908179831997854, 0.03104697111291365, 0.025106472503999472, 0.07194340461150077, 0.01444229115541267], [0.9117047011441647, 0.023741939588100686, 0.012447599389778794, 0.013577607017543859, 0.02483753073989321, 0.013690622120518688], [0.9117047011441647, 0.023741939588100686, 0.012447599389778794, 0.013577607017543859, 0.02483753073989321, 0.013690622120518688], [0.9117047011441647, 0.023741939588100686, 0.012447599389778794, 0.013577607017543859, 0.02483753073989321, 0.013690622120518688], [0.7887780065093405, 0.0952367940451927, 0.027733007279944877, 0.02476956031484255, 0.04780598877198991, 0.01567664307868929], [0.7605335243039713, 0.12048790080219528, 0.014387375900122559, 0.030440719408841008, 0.05844859992552343, 0.015701879659346413], [0.7467375112120628, 0.13082101816986827, 0.0144112203532922, 0.029761293408439825, 0.06258558510421983, 0.015683371752116964], [0.7612199029884447, 0.12000087688986914, 0.014411525850618808, 0.03038752714429977, 0.058260470567255335, 0.015719696559512164], [0.7418813538681914, 0.1342836405806857, 0.01425618443196374, 0.030083290526671344, 0.06392766021053559, 0.015567870381951983], [0.7418813538681914, 0.1342836405806857, 0.01425618443196374, 0.030083290526671344, 0.06392766021053559, 0.015567870381951983], [0.7572345800228196, 0.09909580993692657, 0.05017211827375113, 0.026744005119501424, 0.051135132932028225, 0.0156183537149729], [0.9016768770186335, 0.02791996149068323, 0.012591928364389233, 0.014125510144927536, 0.029406835196687367, 0.01427888778467909]], [[0.9117527712839392, 0.023765917165209385, 0.012409206013192207, 0.013545453903973001, 0.024867558521245586, 0.013659093112440557], [0.07844327874434748, 0.08492196838822243, 0.04528629415209914, 0.04420570180418282, 0.7322385109153545, 0.014904245995793597], [0.7605293122135539, 0.13220951630969408, 0.015051576411334835, 0.030243659532939934, 0.048213101567225136, 0.01375283396525204], [0.7582656357369203, 0.13963078006956253, 0.012994886333299701, 0.02669297769195099, 0.048623977408364716, 0.013791742759901702], [0.5805311176298078, 0.31551943122045545, 0.013017271247831013, 0.025114024754941427, 0.05199192632305234, 0.01382622882391202], [0.5722917153812245, 0.158334665221886, 0.013012708043212997, 0.02508305107344782, 0.21745866150176663, 0.01381919877846204], [0.5711387898166208, 0.3199413122224752, 0.012965590792471397, 0.025832152156187317, 0.056375544785452446, 0.013746610226792917], [0.09459788454674264, 0.12438192247580056, 0.013010437733758073, 0.031106907533425147, 0.7227730107467195, 0.014129836963553946], [0.6040529421519061, 0.2994946549766718, 0.012999247807660385, 0.02457946000968583, 0.0450752330331392, 0.013798462020936698], [0.7603558179831486, 0.14083024786056458, 0.012994886333299701, 0.02510121154490418, 0.04692609351818145, 0.013791742759901702], [0.08721773979099227, 0.3287475718605897, 0.013010437733758073, 0.025465358169582064, 0.5314290554815239, 0.014129836963553946], [0.5873537118985616, 0.32124596842621916, 0.012959392043763066, 0.02110713869819192, 0.04359672846126007, 0.013737060472004247], [0.09407078203337885, 0.29960005931414146, 0.013010437733758073, 0.022971994454719757, 0.5562168895004479, 0.014129836963553946], [0.6080888490494638, 0.3014013495730546, 0.013003658227269529, 0.02414592424538168, 0.03955496221810488, 0.013805256686725593], [0.6182494921767842, 0.2937650574686146, 0.01303127885295417, 0.024512857331214624, 0.036593505314743584, 0.013847808855688896], [0.7120630070485336, 0.184598267539307, 0.013616941864157947, 0.025874407055193817, 0.04926662252247881, 0.014580753970328694], [0.5095174035978673, 0.38429598314758506, 0.013611682145649754, 0.026503613139999473, 0.051498667089108725, 0.014572650879789926], [0.7210750854004722, 0.17402089192493572, 0.013644243400474312, 0.02721391893095349, 0.04942304579102425, 0.014622814552140123], [0.7127655261651104, 0.17629890455253738, 0.013638677225645181, 0.030078425038218518, 0.05260422768164258, 0.014614239336845844], [0.5210253440477252, 0.37407063327768264, 0.013644243400474314, 0.0272139189309535, 0.04942304579102426, 0.014622814552140125], [0.5298081117323361, 0.36059660373830377, 0.013616941864157947, 0.02921331890327606, 0.05218426979159741, 0.014580753970328694], [0.09088188290483094, 0.12524088759731675, 0.01354332331170849, 0.0266231787366455, 0.7287970826648457, 0.014913644784652565], [0.7647456713641881, 0.1282859031546112, 0.01359615958027696, 0.026826891404348234, 0.05199663758716511, 0.014548736909410376], [0.7778283478462618, 0.11608682286166655, 0.013667162170051813, 0.025431998003964677, 0.05232754604804778, 0.01465812307000745], [0.6595446770163261, 0.08523826081933722, 0.013045783178350106, 0.023113392342736155, 0.20518773251153483, 0.01387015413171535], [0.8214267214979732, 0.08645345740126059, 0.013045783178350107, 0.023113392342736155, 0.04209049144796438, 0.01387015413171535], [0.8052969659137759, 0.08206077776444515, 0.036261684517084655, 0.024916748076847982, 0.03761713649570159, 0.01384668723214474], [0.9182446952561669, 0.021395118785578746, 0.012029603289057559, 0.012966630487033523, 0.02230360708412397, 0.013060345098039215], [0.9182446952561669, 0.021395118785578746, 0.012029603289057559, 0.012966630487033523, 0.02230360708412397, 0.013060345098039215], [0.9182446952561669, 0.021395118785578746, 0.012029603289057559, 0.012966630487033523, 0.02230360708412397, 0.013060345098039215], [0.9182446952561669, 0.021395118785578746, 0.012029603289057559, 0.012966630487033523, 0.02230360708412397, 0.013060345098039215], [0.9182446952561669, 0.021395118785578746, 0.012029603289057559, 0.012966630487033523, 0.02230360708412397, 0.013060345098039215], [0.9117047011441647, 0.023741939588100686, 0.012447599389778794, 0.013577607017543859, 0.02483753073989321, 0.013690622120518688], [0.8017701927459152, 0.07814078002833265, 0.04087906531796227, 0.023035529009090304, 0.0416125254522807, 0.014561907446418842], [0.80493324893012, 0.09391613550371976, 0.013673061178467977, 0.025814090994558246, 0.04699625234641989, 0.014667211046713934], [0.7928545537921334, 0.10290385169044136, 0.013638581099286536, 0.025409312176586242, 0.05057960999639376, 0.014614091245158799], [0.07847901526342861, 0.10124333754992214, 0.013577137842241349, 0.0231075862812401, 0.7686533755347776, 0.014939547528390138], [0.07789993802044703, 0.083306042212994, 0.0168185846357503, 0.05079394563911972, 0.7562678447070362, 0.014913644784652565], [0.8006809363403741, 0.07877284456197083, 0.0411101850851263, 0.023074648151644252, 0.04185153742205962, 0.014509848438824751], [0.9016768770186335, 0.02791996149068323, 0.012591928364389233, 0.014125510144927536, 0.029406835196687367, 0.01427888778467909]], [[0.9117206657496563, 0.023749902796882164, 0.012434848540424882, 0.013566928626012532, 0.024847503285954455, 0.013680151001069845], [0.4217788583197831, 0.1468748782328224, 0.35125098911386327, 0.018550554259869692, 0.046769460796748, 0.014775259276913501], [0.11022950780835979, 0.29357432554003515, 0.013010437733758073, 0.027907212885795347, 0.5411486790684976, 0.014129836963553946], [0.26595520569521597, 0.12472610254780861, 0.013010437733758073, 0.030356911655410934, 0.5518215054042523, 0.014129836963553946], [0.589733865433074, 0.3035450620849883, 0.012994886333299701, 0.026823560020912636, 0.05311088336782357, 0.013791742759901702], [0.7324077042862097, 0.1593470257640955, 0.013017271247831013, 0.024786308081739768, 0.05661546179621206, 0.01382622882391202], [0.5915198949041871, 0.3042675287432751, 0.013021886842518548, 0.02536249606837597, 0.05199485386045682, 0.013833339581186403], [0.6044380045858088, 0.29770926374971013, 0.012999247807660385, 0.02457946000968583, 0.0464755618261982, 0.013798462020936698], [0.626340587544539, 0.281883501464393, 0.01303127885295417, 0.023421664117686328, 0.04147515916473859, 0.013847808855688896], [0.6070895949133108, 0.2964580022152671, 0.012999247807660385, 0.02457946000968583, 0.0450752330331392, 0.013798462020936698], [0.7512507373545715, 0.15131747515559488, 0.012969630622978904, 0.02501070665912345, 0.04569861624247919, 0.01375283396525204], [0.09407078203337885, 0.29960005931414146, 0.013010437733758073, 0.022971994454719757, 0.5562168895004479, 0.014129836963553946], [0.6056279039450985, 0.3036128005017773, 0.012977841848944204, 0.02533542833174572, 0.038680541242096834, 0.01376548413033739], [0.6070575531735833, 0.30243264544893483, 0.013003658227269529, 0.024145924245381672, 0.039554962218104874, 0.013805256686725593], [0.5963214069560893, 0.31115672775906517, 0.012999247807660385, 0.023163407747855216, 0.04256074770839325, 0.013798462020936698], [0.11620443347602931, 0.37645681776615175, 0.013425357075095982, 0.02878516651686032, 0.45030494535592674, 0.014823279809935853], [0.4983328823393336, 0.3894633247189612, 0.013606480475503427, 0.02935666258258573, 0.05467601266540958, 0.014564637218206545], [0.7176648362156318, 0.1761485505298205, 0.013611682145649754, 0.026503613139999473, 0.05149866708910872, 0.014572650879789924], [0.7191577494844642, 0.17465563726098804, 0.013611682145649754, 0.026503613139999473, 0.05149866708910872, 0.014572650879789924], [0.7332944613405985, 0.16639609641136144, 0.013649873849420766, 0.026328909897531096, 0.04569916971333707, 0.014631488787751015], [0.7532565169626244, 0.14188343315975296, 0.01362226060817172, 0.025743348406834628, 0.05090549286741171, 0.014588947995204549], [0.7619954359288903, 0.1331645259197897, 0.01359615958027696, 0.026826891404348234, 0.04986825025728434, 0.014548736909410376], [0.09808465899896283, 0.11682262219001689, 0.01346753102515413, 0.02467211198398832, 0.7320974897317768, 0.014855586070101012], [0.7830840906591825, 0.11177612379237663, 0.013638581099286536, 0.025409312176586242, 0.05147780102740941, 0.014614091245158799], [0.8214267214979734, 0.08645345740126059, 0.013045783178350107, 0.023113392342736155, 0.04209049144796438, 0.01387015413171535], [0.643719838552251, 0.2642732384730437, 0.013040891590726075, 0.022796552424539967, 0.04230686077804788, 0.013862618181391376], [0.8013438412241389, 0.10554512300304045, 0.013036057147440577, 0.024508150887048705, 0.04171165747104143, 0.013855170267289905], [0.7885396413621786, 0.08604045167312434, 0.041854974079484006, 0.027586593734633492, 0.0422187496838259, 0.013759589466753616], [0.08857835398210945, 0.0690521947351581, 0.022546271918548612, 0.043783041420133346, 0.7619103009804965, 0.014129836963553946], [0.6419431112954042, 0.2406404073776754, 0.0437068838903313, 0.016669315777918595, 0.04332215524995654, 0.013718126408714077], [0.6281647483144174, 0.0750104623842516, 0.22183377138169708, 0.017696227795318386, 0.04355630549041398, 0.01373848463390151], [0.07754075521718812, 0.05344711571839222, 0.02393265513763635, 0.03196720694390509, 0.7989844308405226, 0.014127836142355599], [0.9117047011441647, 0.023741939588100686, 0.012447599389778794, 0.013577607017543859, 0.02483753073989321, 0.013690622120518688], [0.09290432005701704, 0.0632627290061864, 0.026952084835373258, 0.03353508785158618, 0.7684562311228101, 0.014889547127026927], [0.794638861390283, 0.10077567781484047, 0.013606390626624849, 0.02687909776965197, 0.049535473601032276, 0.014564498797567344], [0.7928545537921334, 0.10290385169044136, 0.013638581099286536, 0.025409312176586242, 0.05057960999639376, 0.014614091245158799], [0.07789993802044703, 0.083306042212994, 0.0168185846357503, 0.05079394563911972, 0.7562678447070362, 0.014913644784652565], [0.9119504809411765, 0.023864535529411764, 0.01225129631372549, 0.013413210039215686, 0.02499106101960784, 0.013529416156862744], [0.8204759038588949, 0.06323715915970218, 0.02378380113315197, 0.04481668397197452, 0.03308845203931936, 0.014597999836957233], [0.9016955125535824, 0.027799962033067976, 0.01268781669728516, 0.014199798734435599, 0.02926589385588895, 0.014351016125739946]], [[0.9117206657496563, 0.023749902796882164, 0.012434848540424882, 0.013566928626012532, 0.024847503285954455, 0.013680151001069845], [0.10632195302497366, 0.07165959106271977, 0.03391366717122371, 0.03871146923254813, 0.7341731409163816, 0.015220178592152947], [0.7287125189037197, 0.15577968833007885, 0.015144745371432778, 0.026110889886737203, 0.06051170489267863, 0.013740452615352696], [0.4012691361646089, 0.3264693838690115, 0.012965590792471397, 0.02425044218016912, 0.22129883676694598, 0.013746610226792915], [0.5669490694802213, 0.3217796210884459, 0.013017271247831013, 0.024786308081739768, 0.05964150127785004, 0.013826228823912018], [0.40369722623399357, 0.48309784533808653, 0.013012708043212997, 0.02508305107344782, 0.06128997053279701, 0.01381919877846204], [0.5739291140146436, 0.15671978374102655, 0.012990572993918401, 0.024515523439739277, 0.21805990815534726, 0.013785097655324973], [0.7657821911387905, 0.1338594994779515, 0.013021886842518548, 0.02569021274157763, 0.04781287021797535, 0.013833339581186403], [0.7714575039582281, 0.13134325114738488, 0.012999247807660385, 0.024579460009685826, 0.045822075056103986, 0.013798462020936698], [0.08897934232996686, 0.0860556040220988, 0.013010437733758073, 0.02204639011991468, 0.7757783888307076, 0.014129836963553946], [0.5996869281994853, 0.30755313451903404, 0.012973714071717728, 0.024343584786081153, 0.041683513521987174, 0.013759124901694661], [0.6056070271654099, 0.30388317145710836, 0.013003658227269529, 0.02414592424538168, 0.039554962218104874, 0.013805256686725593], [0.44567735670374875, 0.46381284191876954, 0.013003658227269529, 0.02414592424538168, 0.039554962218104874, 0.013805256686725593], [0.27378218799155296, 0.2980521671619781, 0.012949235030058438, 0.023006208960991023, 0.37813084438072037, 0.014079356474699099], [0.7517357012669265, 0.1533809021633631, 0.012994886333299701, 0.02368515928307357, 0.0444116081934355, 0.013791742759901703], [0.5045287354150029, 0.38326747164329195, 0.013606480475503427, 0.02935666258258573, 0.05467601266540958, 0.014564637218206545], [0.6988924470602932, 0.18858340631650566, 0.013601335898025188, 0.029703324449332477, 0.05466277476260089, 0.014556711513242497], [0.12020252571727422, 0.3952904206897866, 0.01350222382617662, 0.02551402487779788, 0.43060864329880555, 0.014882161590158899], [0.3361904959244143, 0.1618650700807949, 0.013524215068027277, 0.025300354579361226, 0.44822085693702496, 0.01489900741037737], [0.509691161557523, 0.38104899403254044, 0.013581225030457398, 0.02810215654315345, 0.05305073400408818, 0.01452572883223759], [0.11138622301371601, 0.14529260383006587, 0.01348978126040906, 0.025795783116824456, 0.6891629784934877, 0.014872630285496787], [0.7549731639098837, 0.1398659087970162, 0.013591127355591752, 0.027177830451488742, 0.0498509851915393, 0.014540984294480102], [0.5550037435766917, 0.3404711433540187, 0.013627639376889898, 0.025380905813146382, 0.05091933338547617, 0.01459723449377716], [0.7749180625991953, 0.12397064290239462, 0.013667162170051813, 0.025431998003964677, 0.047354011254386326, 0.01465812307000745], [0.7967697418952364, 0.10905689765503748, 0.013012629235271345, 0.022450229225113187, 0.04489142462191797, 0.013819077367423521], [0.7896958192763779, 0.11282105776699816, 0.013008118420684793, 0.023570078765549764, 0.04709279773665017, 0.013812128033739317], [0.6331782464581758, 0.2697969156035144, 0.01303127885295417, 0.02667065113325604, 0.04347509909641077, 0.013847808855688896], [0.4393463552868831, 0.2951079081926219, 0.012999247807660385, 0.19208225116905797, 0.04666577552283994, 0.013798462020936698], [0.09235965592637987, 0.3004661341355057, 0.013010437733758073, 0.028891675881042557, 0.5511422593597599, 0.014129836963553946], [0.5878560678991855, 0.30423673291908204, 0.015148742278872408, 0.02733328764446795, 0.05167855903159919, 0.013746610226792917], [0.760135494760982, 0.12922442388309208, 0.016701330014392092, 0.031116234646894197, 0.04903077393473791, 0.013791742759901702], [0.78719248802395, 0.08027856940014594, 0.053514018959959116, 0.024776401384443848, 0.04053563176868466, 0.01370289046281624], [0.9117527712839392, 0.023765917165209385, 0.012409206013192207, 0.013545453903973001, 0.024867558521245586, 0.013659093112440557], [0.9117749813148788, 0.023776995617070355, 0.012391466974240676, 0.013530598077662437, 0.024881432372164548, 0.013644525643983083], [0.09345776434921108, 0.0635929895539977, 0.027008947591780783, 0.033641516748351065, 0.7674431956865584, 0.014855586070101012], [0.7886067219362789, 0.10290385169044136, 0.013638581099286536, 0.025409312176586242, 0.05482744185224823, 0.014614091245158799], [0.7853607372162391, 0.10290385169044136, 0.013638581099286536, 0.025409312176586242, 0.05807342657228797, 0.014614091245158799], [0.8219263507417313, 0.07438505365405769, 0.02371859585313941, 0.02149431529352027, 0.04380625898887837, 0.014669425468672968], [0.9118361310104529, 0.02380749732868757, 0.012342627022841657, 0.013489696322106077, 0.024919630507162213, 0.013604417808749516], [0.9017109059001513, 0.027700839939485626, 0.012767022491174987, 0.014261162682803832, 0.029149473323247604, 0.014410595663136662]], [[0.9117206657496563, 0.023749902796882164, 0.012434848540424882, 0.013566928626012532, 0.024847503285954455, 0.013680151001069845], [0.5600371515034165, 0.29873736928069505, 0.05494576692653561, 0.018617102676928073, 0.053225321801920106, 0.014437287810504927], [0.2510917680271983, 0.38655326526302586, 0.01534410244647887, 0.04651039411586451, 0.28608944066279773, 0.014411029484634644], [0.10795222257609191, 0.12729676094826523, 0.013010437733758073, 0.20737564384195778, 0.5302350979363731, 0.014129836963553946], [0.5647101017355225, 0.15510387945623905, 0.01298630699703417, 0.026525331566162026, 0.22689585475872914, 0.01377852548631304], [0.24546843563220044, 0.38614972718572266, 0.01534410244647887, 0.046510394115864516, 0.2921163111350989, 0.014411029484634645], [0.28548823902534526, 0.12367523639796188, 0.013010437733758073, 0.027907212885795347, 0.5357890369935855, 0.014129836963553946], [0.7457392302919584, 0.14943238708929354, 0.012990572993918401, 0.024515523439739277, 0.05353718852976539, 0.013785097655324973], [0.7691487885440641, 0.13310082964014341, 0.013021886842518548, 0.02569021274157763, 0.0452049426505099, 0.013833339581186403], [0.6083647424311384, 0.2949447827008043, 0.012973714071717728, 0.025759637047911767, 0.044197998846733116, 0.013759124901694661], [0.08065549666266768, 0.10745977859515385, 0.013010437733758073, 0.02204639011991468, 0.7626980599249517, 0.014129836963553946], [0.6137391886819326, 0.29550151576494327, 0.012977841848944205, 0.02533542833174572, 0.038680541242096834, 0.013765484130337392], [0.7741186676241495, 0.13587141536941114, 0.013026555734718927, 0.023540291508958422, 0.03960253731447495, 0.013840532448286893], [0.7580303080156234, 0.14628598021583283, 0.012994886333299701, 0.024485474481906973, 0.04441160819343551, 0.013791742759901703], [0.5871111357498252, 0.3130158898374135, 0.012990572993918401, 0.02605097068043636, 0.04704633308308157, 0.013785097655324973], [0.7094027472360711, 0.17932724736468988, 0.013633174230602403, 0.030436282147211988, 0.05259478756547612, 0.0146057614559485], [0.5391407532503326, 0.24328297029321563, 0.016444718510971085, 0.05590015790253645, 0.12991192055003234, 0.015319479492911802], [0.7126999058943014, 0.1747759474824973, 0.013601335898025188, 0.029703324449332477, 0.054662774762600896, 0.014556711513242499], [0.7038115209200749, 0.1788852637608486, 0.013606480475503427, 0.031433728136032985, 0.05769836948933337, 0.014564637218206545], [0.5036429523666373, 0.38248889697955446, 0.013638677225645181, 0.02968321522865954, 0.055932018862657605, 0.014614239336845844], [0.7173109237549403, 0.16717267271792222, 0.013581225030457396, 0.03144106839123569, 0.05596838127320677, 0.014525728832237588], [0.10774087514631307, 0.14482219708992553, 0.013511865216465448, 0.025771884814659765, 0.6932636306056094, 0.014889547127026927], [0.5495727711862394, 0.345567178936138, 0.01362226060817172, 0.025743348406834628, 0.05090549286741171, 0.014588947995204549], [0.7574348896638002, 0.13803999726691016, 0.013627639376889898, 0.025380905813146382, 0.05091933338547617, 0.01459723449377716], [0.25024014619002394, 0.11169164261675893, 0.013010437733758073, 0.023695215267791062, 0.5872327212281141, 0.014129836963553946], [0.08362418242678715, 0.27830760637999574, 0.013010437733758073, 0.023695215267791062, 0.5872327212281141, 0.014129836963553946], [0.5959994074015486, 0.13295442303624927, 0.012999247807660385, 0.030374629671804293, 0.21387383006180066, 0.013798462020936696], [0.7523903649260035, 0.13995636455863353, 0.012994886333299701, 0.031057092623446997, 0.04980954879871461, 0.013791742759901703], [0.08858993156740032, 0.30203491857510845, 0.013010437733758073, 0.02904709046406853, 0.5531877846961106, 0.014129836963553946], [0.2556618995695605, 0.13815580962180976