{"prediction": [[[0.901705422060164, 0.027736151929504703, 0.012738805631520307, 0.014239301934569026, 0.029190947837536715, 0.014389370606705153], [0.9016890904615386, 0.02784131569230769, 0.012654772102564103, 0.014174197743589743, 0.02931446441025641, 0.014326159589743589], [0.9016768770186335, 0.02791996149068323, 0.012591928364389233, 0.014125510144927536, 0.029406835196687367, 0.01427888778467909], [0.9016768770186335, 0.02791996149068323, 0.012591928364389233, 0.014125510144927536, 0.029406835196687367, 0.01427888778467909], [0.9016768770186335, 0.02791996149068323, 0.012591928364389233, 0.014125510144927536, 0.029406835196687367, 0.01427888778467909], [0.9016768770186335, 0.02791996149068323, 0.012591928364389233, 0.014125510144927536, 0.029406835196687367, 0.01427888778467909], [0.9016890904615386, 0.02784131569230769, 0.012654772102564103, 0.014174197743589743, 0.02931446441025641, 0.014326159589743589], [0.9017109059001513, 0.027700839939485626, 0.012767022491174987, 0.014261162682803832, 0.029149473323247604, 0.014410595663136662], [0.9017171165311654, 0.02766084793736826, 0.012798979022382816, 0.014285920706614474, 0.029102502057613173, 0.014434633744855967], [0.9016955125535824, 0.027799962033067976, 0.01268781669728516, 0.014199798734435599, 0.02926589385588895, 0.014351016125739946], [0.9016768770186335, 0.02791996149068323, 0.012591928364389233, 0.014125510144927536, 0.029406835196687367, 0.01427888778467909], [0.9016768770186335, 0.02791996149068323, 0.012591928364389233, 0.014125510144927536, 0.029406835196687367, 0.01427888778467909], [0.9016768770186335, 0.02791996149068323, 0.012591928364389233, 0.014125510144927536, 0.029406835196687367, 0.01427888778467909], [0.9016834190358467, 0.02787783559950556, 0.012625590028842192, 0.01415158920477956, 0.029357357643180877, 0.014304208487845076], [0.901705422060164, 0.027736151929504703, 0.012738805631520307, 0.014239301934569026, 0.029190947837536715, 0.014389370606705153], [0.9118649601491492, 0.023821877417851314, 0.012319601336129884, 0.013470413112716538, 0.02493763908956731, 0.013585508894585567], [0.9117527712839392, 0.023765917165209385, 0.012409206013192207, 0.013545453903973001, 0.024867558521245586, 0.013659093112440557], [0.9117206657496563, 0.023749902796882164, 0.012434848540424882, 0.013566928626012532, 0.024847503285954455, 0.013680151001069845], [0.9117206657496563, 0.023749902796882164, 0.012434848540424882, 0.013566928626012532, 0.024847503285954455, 0.013680151001069845], [0.9117206657496563, 0.023749902796882164, 0.012434848540424882, 0.013566928626012532, 0.024847503285954455, 0.013680151001069845], [0.9117206657496563, 0.023749902796882164, 0.012434848540424882, 0.013566928626012532, 0.024847503285954455, 0.013680151001069845], [0.9117206657496563, 0.023749902796882164, 0.012434848540424882, 0.013566928626012532, 0.024847503285954455, 0.013680151001069845], [0.9117206657496563, 0.023749902796882164, 0.012434848540424882, 0.013566928626012532, 0.024847503285954455, 0.013680151001069845], [0.9117206657496563, 0.023749902796882164, 0.012434848540424882, 0.013566928626012532, 0.024847503285954455, 0.013680151001069845], [0.9117206657496563, 0.023749902796882164, 0.012434848540424882, 0.013566928626012532, 0.024847503285954455, 0.013680151001069845], [0.9117206657496563, 0.023749902796882164, 0.012434848540424882, 0.013566928626012532, 0.024847503285954455, 0.013680151001069845], [0.9117206657496563, 0.023749902796882164, 0.012434848540424882, 0.013566928626012532, 0.024847503285954455, 0.013680151001069845], [0.9117206657496563, 0.023749902796882164, 0.012434848540424882, 0.013566928626012532, 0.024847503285954455, 0.013680151001069845], [0.9117527712839392, 0.023765917165209385, 0.012409206013192207, 0.013545453903973001, 0.024867558521245586, 0.013659093112440557], [0.9118649601491492, 0.023821877417851314, 0.012319601336129884, 0.013470413112716538, 0.02493763908956731, 0.013585508894585567], [0.9017171165311654, 0.02766084793736826, 0.012798979022382816, 0.014285920706614474, 0.029102502057613173, 0.014434633744855967], [0.901711685515573, 0.027695819776232235, 0.012771033968349964, 0.014264270537244229, 0.02914357705876424, 0.014413613143836306], [0.9016955125535824, 0.027799962033067976, 0.01268781669728516, 0.014199798734435599, 0.02926589385588895, 0.014351016125739946], [0.9016834190358467, 0.02787783559950556, 0.012625590028842192, 0.01415158920477956, 0.029357357643180877, 0.014304208487845076], [0.9016768770186335, 0.02791996149068323, 0.012591928364389233, 0.014125510144927536, 0.029406835196687367, 0.01427888778467909], [0.9016768770186335, 0.02791996149068323, 0.012591928364389233, 0.014125510144927536, 0.029406835196687367, 0.01427888778467909], [0.9016768770186335, 0.02791996149068323, 0.012591928364389233, 0.014125510144927536, 0.029406835196687367, 0.01427888778467909], [0.9016768770186335, 0.02791996149068323, 0.012591928364389233, 0.014125510144927536, 0.029406835196687367, 0.01427888778467909], [0.9016890904615386, 0.02784131569230769, 0.012654772102564103, 0.014174197743589743, 0.02931446441025641, 0.014326159589743589], [0.901705422060164, 0.027736151929504703, 0.012738805631520307, 0.014239301934569026, 0.029190947837536715, 0.014389370606705153]], [[0.9118649601491492, 0.023821877417851314, 0.012319601336129884, 0.013470413112716538, 0.02493763908956731, 0.013585508894585567], [0.7814272399063058, 0.10294569397893227, 0.03368084447033708, 0.020399704852565148, 0.04704376081543292, 0.014502755976426699], [0.7539416218293867, 0.1124029215538946, 0.046890124766301985, 0.020688930463531208, 0.05159799805160905, 0.014478403335276332], [0.7557796251032826, 0.1114205612434694, 0.04627223811882735, 0.020399704852565148, 0.05162511470542895, 0.014502755976426699], [0.7876552545383453, 0.08809706402236579, 0.05103586422908385, 0.020347533803446123, 0.038380410140414746, 0.014483873266343978], [0.08123388800274238, 0.08313682782385007, 0.042574314930673623, 0.03021245743720677, 0.7480192319955913, 0.014823279809935853], [0.7922254199416047, 0.07477523512602513, 0.04780332612132277, 0.02004534478922544, 0.05064561012883799, 0.01450506389298396], [0.9118361310104529, 0.02380749732868757, 0.012342627022841657, 0.013489696322106077, 0.024919630507162213, 0.013604417808749516], [0.911724666055046, 0.023751898165137616, 0.012431653516819572, 0.013564252905198776, 0.024850002140672782, 0.013677527217125382], [0.8174094541173331, 0.07207326941773329, 0.04158980615371907, 0.021225516527339006, 0.03301989909186234, 0.01468205469201307], [0.10652456401234692, 0.08868284521415214, 0.05597701908639476, 0.029698363167750007, 0.7041612396288983, 0.01495596889045773], [0.09655210277167495, 0.10711459079451152, 0.022608647474965833, 0.03576014340805816, 0.7229841400821558, 0.014980375468633705], [0.09697816132356638, 0.31223815315781567, 0.02262636665108161, 0.03585048934496413, 0.5173508606321143, 0.01495596889045773], [0.5085796034719591, 0.3150964424201103, 0.07710164445594779, 0.02061616593038229, 0.06407259239417516, 0.014533551327425322], [0.49722400700946306, 0.1185517170878663, 0.2795812810026058, 0.02959611735756878, 0.06061317628839148, 0.014433701254104567], [0.09223901974667745, 0.07792989906775277, 0.05370967048861555, 0.022548131983177594, 0.737801589546538, 0.01577168916723855], [0.08675199565299246, 0.09613520288187592, 0.0168185846357503, 0.0432696966514561, 0.7421108753932726, 0.014913644784652565], [0.7333600497206471, 0.09986208537677362, 0.0625231415079501, 0.029244387263169525, 0.060535644457995356, 0.01447469167346415], [0.7467997612560948, 0.08853929948691062, 0.06566392375413023, 0.020609486758224584, 0.06382725092564881, 0.01456027781899095], [0.07064949586317905, 0.08944944303436304, 0.03692771450807374, 0.0362999791572128, 0.7517838203101446, 0.014889547127026927], [0.8237068035057744, 0.08275774160305076, 0.026700084592133612, 0.019944821517270214, 0.03250909356426342, 0.014381455217507225], [0.1177750017159155, 0.06501516451349641, 0.018824800358653637, 0.020685359338534888, 0.7627954280776059, 0.014904245995793597], [0.7816472545357755, 0.08722300836202408, 0.04027209635471602, 0.03016615296748166, 0.04624525926195949, 0.014446228518043095], [0.5758052768707076, 0.08424655235276844, 0.040545874026645695, 0.02093493790235826, 0.2639334832205654, 0.014533875626954589], [0.7884472980317195, 0.0874341604395331, 0.034544957914680346, 0.02243503414749049, 0.052528973639374664, 0.014609575827201774], [0.6559339446676596, 0.23783749518270847, 0.03094702210244006, 0.020589356234982148, 0.04089322349978093, 0.01379895831242858], [0.8299604692127983, 0.07338367765892923, 0.03359296377821666, 0.02113663980501502, 0.02814982404454011, 0.013776425500500657], [0.8234492101661826, 0.07596590029118144, 0.034752699559980345, 0.018580402793369935, 0.03353366078057163, 0.013718126408714077], [0.6459553505070984, 0.24887157333345525, 0.033195227962341325, 0.018542957358594972, 0.039736414976883155, 0.013698475861626815], [0.08763118827519593, 0.0736359989548228, 0.03389676937359403, 0.02988980238274299, 0.7608164040500902, 0.014129836963553946], [0.7769851933155607, 0.10000373053898381, 0.03987002003247466, 0.017722181846661793, 0.050963631605976285, 0.014455242660342576], [0.9118361310104529, 0.02380749732868757, 0.012342627022841657, 0.013489696322106077, 0.024919630507162213, 0.013604417808749516], [0.062372093170147996, 0.04298695267733835, 0.013425357075095984, 0.02692391847782237, 0.8394683987896595, 0.014823279809935853], [0.7871295219314115, 0.08789124065128186, 0.05593291075782333, 0.019063893540646276, 0.034755262779075896, 0.015227170339761197], [0.8002849337190194, 0.07378473091344667, 0.027391433084077828, 0.030529220642753575, 0.05342832916781929, 0.014581352472882978], [0.8024150771115971, 0.07264623004454046, 0.026675336884373936, 0.030194024273457812, 0.05345975585882884, 0.014609575827201772], [0.7976881069582686, 0.06812689909514179, 0.03126120644958699, 0.02803063592476611, 0.06030546643866292, 0.014587685133573454], [0.07809080241855618, 0.08772201780321741, 0.02593779387638586, 0.03446663620983696, 0.7588837422816263, 0.01489900741037737], [0.8182387859026743, 0.06748889803807137, 0.03209412766892153, 0.016368549452071106, 0.0512634578200876, 0.014546181118174094], [0.9118649601491492, 0.023821877417851314, 0.012319601336129884, 0.013470413112716538, 0.02493763908956731, 0.013585508894585567]], [[0.9117527712839392, 0.023765917165209385, 0.012409206013192207, 0.013545453903973001, 0.024867558521245586, 0.013659093112440557], [0.7481362516263858, 0.1104206000211625, 0.046890124766301985, 0.020688930463531208, 0.059385689787342245, 0.014478403335276332], [0.30673531317019737, 0.46089621748852777, 0.016444718510971085, 0.04671789153179919, 0.15388637980559275, 0.015319479492911802], [0.5132427494822427, 0.37210161464996566, 0.013633174230602403, 0.028946748244666552, 0.057469951936574164, 0.0146057614559485], [0.7138235715831347, 0.17185522866596056, 0.013638677225645181, 0.028588891135673075, 0.0574793920527406, 0.014614239336845844], [0.7300784541417983, 0.15609790852868746, 0.013611682145649753, 0.028508510373643, 0.05713079393043156, 0.014572650879789924], [0.7403770507078185, 0.147081902542623, 0.013644243400474312, 0.029218816164597025, 0.0550551726323471, 0.014622814552140123], [0.7837002501529573, 0.07743394446126671, 0.03352212615393409, 0.020302376494232378, 0.07058112704178042, 0.014460175695829134], [0.911724666055046, 0.023751898165137616, 0.012431653516819572, 0.013564252905198776, 0.024850002140672782, 0.013677527217125382], [0.9118361310104529, 0.02380749732868757, 0.012342627022841657, 0.013489696322106077, 0.024919630507162213, 0.013604417808749516], [0.09326215279108598, 0.08786218753561177, 0.06731899435289065, 0.03415150626175783, 0.7024749019890103, 0.01493025706964344], [0.7397179516244494, 0.14782670666203376, 0.013548227000389223, 0.026454064563873947, 0.05796029719106853, 0.014492752958185055], [0.09560623218404896, 0.14808414159938887, 0.013586536051857286, 0.024965807702186406, 0.7028105356795049, 0.014946746783013441], [0.5341512032810428, 0.3574698784185657, 0.018390101952237465, 0.02903808835216183, 0.04640974370151208, 0.014540984294480103], [0.09959041051126631, 0.1536303573726717, 0.013511865216465448, 0.022072440169686847, 0.6963053796028829, 0.014889547127026927], [0.05694590151306741, 0.026274903988995874, 0.012696838881247135, 0.014055334983952315, 0.027592024575882626, 0.8624349960568547], [0.7418354780466252, 0.1647640776154265, 0.013541912187676372, 0.021887496828137405, 0.04347475027903317, 0.01449628504310142], [0.09564139076867828, 0.13693290014222598, 0.013583853946229537, 0.024968375548877146, 0.7139287873683998, 0.014944692225589227], [0.7573375573058957, 0.13908249899035843, 0.013591127355591752, 0.02903808835216183, 0.04640974370151209, 0.014540984294480103], [0.7403161913253903, 0.14735617144183855, 0.013569666974740898, 0.0264282195826461, 0.057819018337151175, 0.014510732338232923], [0.11456167234168681, 0.1490359726408358, 0.013630436351694518, 0.023960619950291678, 0.6838309232468575, 0.014980375468633705], [0.7329073098589906, 0.15633381109402075, 0.01356413664115223, 0.025149188589473556, 0.057546151253389674, 0.01449940256297322], [0.11564080262281215, 0.1617529739505791, 0.013565009686856063, 0.02401233723276432, 0.670098619437345, 0.01493025706964344], [0.10445533486576565, 0.3697862425338359, 0.01354332331170849, 0.026504577697657898, 0.4707968768063794, 0.014913644784652565], [0.759095942556287, 0.13019714658507264, 0.013591127355591752, 0.02772216427085883, 0.054852634937709505, 0.014540984294480103], [0.783390275000054, 0.11900948058012682, 0.013026555734718927, 0.02655544336233495, 0.04417771287447835, 0.013840532448286893], [0.763108585658346, 0.13441769035856355, 0.012994886333299701, 0.02670031113645009, 0.0489867837534389, 0.013791742759901702], [0.0854531325871882, 0.30494816270938524, 0.012988539005503626, 0.0235020972808814, 0.5589962937030412, 0.014111774714000247], [0.7551708277977986, 0.13630393610336292, 0.012961593885031767, 0.02674797085760587, 0.05507521874084802, 0.013740452615352696], [0.07802535296360548, 0.32520227633564863, 0.013010437733758073, 0.018295153008080826, 0.551336942995353, 0.014129836963553946], [0.7816982303872451, 0.1044927282519232, 0.04290189888093086, 0.018042859073142105, 0.038380410140414746, 0.014483873266343978], [0.9117047011441647, 0.023741939588100686, 0.012447599389778794, 0.013577607017543859, 0.02483753073989321, 0.013690622120518688], [0.9086788997530864, 0.024827722469135803, 0.012640989958847736, 0.013860282139917695, 0.026009878847736624, 0.013982226831275719], [0.9117047011441647, 0.023741939588100686, 0.012447599389778794, 0.013577607017543859, 0.02483753073989321, 0.013690622120518688], [0.7901480600393381, 0.08604800824116403, 0.05559685442637038, 0.019163609437265573, 0.033707874722446754, 0.015335593133415138], [0.7910817063252796, 0.11427763764867507, 0.013655569692235347, 0.022171487786382144, 0.04417333477866785, 0.014640263768759834], [0.778572666790142, 0.12407737374258514, 0.013627639376889898, 0.02136654236378324, 0.04775854323282247, 0.01459723449377716], [0.11393705991315917, 0.11781797390987514, 0.013577137842241349, 0.031791189052602684, 0.7079370917537315, 0.014939547528390138], [0.8185723585179046, 0.07092599965667706, 0.03906524329181911, 0.017950635224273086, 0.03887838089851098, 0.014607382410815179], [0.9117527712839392, 0.023765917165209385, 0.012409206013192207, 0.013545453903973001, 0.024867558521245586, 0.013659093112440557]], [[0.9117206657496563, 0.023749902796882164, 0.012434848540424882, 0.013566928626012532, 0.024847503285954455, 0.013680151001069845], [0.5566047880222362, 0.10345065688121162, 0.04627223811882735, 0.020399704852565148, 0.258769856148733, 0.014502755976426699], [0.7062176386182581, 0.17129049596152346, 0.013633174230602401, 0.028946748244666545, 0.06530618148900087, 0.0146057614559485], [0.7061961480959119, 0.17641312073134754, 0.013606480475503427, 0.027867128680040286, 0.06135248479899022, 0.014564637218206545], [0.7346696715601875, 0.152789281690254, 0.013644243400474312, 0.029218816164597025, 0.0550551726323471, 0.014622814552140123], [0.532970364869509, 0.3532059978009768, 0.013611682145649753, 0.028508510373643, 0.05713079393043156, 0.014572650879789924], [0.7105197166270958, 0.16879143758527512, 0.013606480475503427, 0.02994419423348755, 0.0625735338604314, 0.014564637218206545], [0.12702269596282706, 0.14749698011307524, 0.01354332331170849, 0.029358836068207467, 0.6676645197595291, 0.014913644784652565], [0.7575611002330817, 0.11912891373368338, 0.023634258758790806, 0.029145081191620285, 0.05374360132813705, 0.01678704475468669], [0.7534503759685056, 0.11289416741477573, 0.046890124766301985, 0.020688930463531208, 0.05159799805160905, 0.014478403335276332], [0.710847726028703, 0.17676404634804727, 0.013606480475503427, 0.029718800752917544, 0.05449830917662221, 0.014564637218206545], [0.7282994924734605, 0.16261690065040246, 0.013611682145649753, 0.026800822634547507, 0.054098451216149826, 0.014572650879789924], [0.7392037495364101, 0.15456053142984133, 0.013616941864157947, 0.02617161654974185, 0.05186640664951993, 0.014580753970328694], [0.7328058319289719, 0.1609584490372795, 0.013616941864157947, 0.02617161654974185, 0.05186640664951992, 0.014580753970328694], [0.746835738460231, 0.13772125871081697, 0.01665646147667295, 0.022212134402188666, 0.062048678117852765, 0.014525728832237588], [0.04991774315789473, 0.023838427134502925, 0.012293101598440546, 0.013448220506822612, 0.024958364756335283, 0.8755441428460039], [0.7251999578905501, 0.15907435051602561, 0.013611682145649754, 0.02896872346182259, 0.058572635106161966, 0.014572650879789924], [0.11501675989058667, 0.14805202038547027, 0.013630436351694518, 0.027030732592210144, 0.6812896753114047, 0.014980375468633705], [0.11765718546919307, 0.1627072389117515, 0.013630436351694518, 0.03185190329016651, 0.6591728605085606, 0.014980375468633705], [0.11491908803943233, 0.15241886907400698, 0.013630436351694518, 0.03154934086403429, 0.6725018902021982, 0.014980375468633705], [0.09986637684088462, 0.1462279520134477, 0.013598574978579164, 0.030647110932152048, 0.6947040163444785, 0.01495596889045773], [0.7196923446251455, 0.16500710239481514, 0.013601335898025188, 0.028619939954596614, 0.05852256561417501, 0.014556711513242499], [0.7139371071182845, 0.17108269358317205, 0.013606480475503427, 0.02827327808784985, 0.05853580351698369, 0.014564637218206545], [0.5065578198690132, 0.3727179624526753, 0.013581225030457396, 0.031738277885783726, 0.06087898592983271, 0.014525728832237588], [0.10328618936932898, 0.174191929921687, 0.013623827458626586, 0.026406920272260534, 0.6675158200805185, 0.014975312897578304], [0.5941351548831465, 0.3008427302136401, 0.012969630622978904, 0.02802585851249998, 0.05027379180248259, 0.013752833965252042], [0.5966041720133415, 0.3000197126288245, 0.013017271247831013, 0.027220142240023858, 0.04931247304606714, 0.013826228823912018], [0.4235157788714922, 0.46854117813600216, 0.01298630699703417, 0.02819114755701206, 0.052987062952146335, 0.01377852548631304], [0.2404331417732043, 0.4002808463539919, 0.01534410244647887, 0.033502209491600925, 0.29602867045008924, 0.014411029484634644], [0.7547789794432309, 0.139283201228605, 0.01298630699703417, 0.02339737471120465, 0.05577561213361217, 0.013778525486313042], [0.7179675930775553, 0.16365898183339786, 0.013606480475503425, 0.029524199409976776, 0.060678107985359886, 0.014564637218206545], [0.7599581561061137, 0.101779015321746, 0.04958333176021601, 0.018132511171792674, 0.05601898763943626, 0.014527998000695359], [0.9117047011441647, 0.023741939588100686, 0.012447599389778794, 0.013577607017543859, 0.02483753073989321, 0.013690622120518688], [0.9117047011441647, 0.023741939588100686, 0.012447599389778794, 0.013577607017543859, 0.02483753073989321, 0.013690622120518688], [0.9117047011441647, 0.023741939588100686, 0.012447599389778794, 0.013577607017543859, 0.02483753073989321, 0.013690622120518688], [0.7830292898772608, 0.09261388091815288, 0.055452987801487295, 0.019068308880192744, 0.03455354484980653, 0.015281987673099452], [0.7717423031830479, 0.1305728005413462, 0.01362226060817172, 0.021728984957471484, 0.04774470271475802, 0.014588947995204549], [0.10827504992743661, 0.3319724668958012, 0.013524215068027277, 0.03126034820746413, 0.5000689124908934, 0.01489900741037737], [0.7976881069582686, 0.06812689909514179, 0.03126120644958699, 0.02803063592476611, 0.06030546643866292, 0.014587685133573454], [0.9117206657496563, 0.023749902796882164, 0.012434848540424882, 0.013566928626012532, 0.024847503285954455, 0.013680151001069845]], [[0.9117206657496563, 0.023749902796882164, 0.012434848540424882, 0.013566928626012532, 0.024847503285954455, 0.013680151001069845], [0.7760895492449398, 0.08781925990425835, 0.05132901650729673, 0.020437185902096693, 0.049796990440713035, 0.014527998000695359], [0.705709420594271, 0.16691023426902407, 0.013606480475503427, 0.0297349974683883, 0.06947422997460644, 0.014564637218206545], [0.11272149812488663, 0.1485873256025679, 0.013447924187182495, 0.03468963417938767, 0.6757130511453686, 0.014840566760606537], [0.7477603994239549, 0.14097674824629552, 0.013586149464062341, 0.02930253838299083, 0.053840849097815384, 0.014533315384881205], [0.11533427039761476, 0.36322847030282973, 0.013492550809959009, 0.034574997746927405, 0.4584949589156003, 0.014874751827068721], [0.7085161312091097, 0.17641696494975376, 0.013576353198243537, 0.027547454026050647, 0.05942487329986323, 0.0145182233169791], [0.12637728198505496, 0.1539092641346258, 0.01361985485027626, 0.03846571464370381, 0.6526556146023115, 0.014972269784027808], [0.12702269596282706, 0.3583801392303807, 0.01354332331170849, 0.029358836068207467, 0.45678136064222363, 0.014913644784652565], [0.49838904045889676, 0.3860215361308454, 0.013606480475503427, 0.027867128680040286, 0.059551177036507606, 0.014564637218206545], [0.5149531960430601, 0.37288996592541407, 0.013581225030457396, 0.028399366037701483, 0.055650518131129284, 0.014525728832237588], [0.12035651790361225, 0.1422458419961912, 0.01348978126040906, 0.024532653178412734, 0.6845025753758778, 0.014872630285496787], [0.7430550638635509, 0.15042211426007676, 0.013586149464062343, 0.027594850643895337, 0.05080850638353367, 0.014533315384881205], [0.33958548172280706, 0.14946657308014843, 0.013524215068027277, 0.02404458382259954, 0.4584801388960403, 0.01489900741037737], [0.13456451168362274, 0.17473064090543178, 0.013524215068027277, 0.021085088171032874, 0.641196536761508, 0.01489900741037737], [0.7121194376164857, 0.16640902502759974, 0.013601335898025188, 0.03223336344693938, 0.0610801264977075, 0.014556711513242499], [0.7217378498629206, 0.16039407347984128, 0.013638677225645181, 0.03044056320855034, 0.05917459688619684, 0.014614239336845844], [0.722490320591366, 0.16033139775942593, 0.013581225030457396, 0.028399366037701483, 0.06067196174881155, 0.014525728832237588], [0.1252161471122351, 0.35971202838877664, 0.013630436351694518, 0.03154934086403429, 0.4549116718146257, 0.014980375468633705], [0.5028932039502836, 0.381658584704041, 0.013576353198243537, 0.031306588701586, 0.056047046128866664, 0.0145182233169791], [0.7061318595010905, 0.17346816514149915, 0.013601335898025188, 0.030697005508043877, 0.06154492243809881, 0.014556711513242499], [0.3106644999437061, 0.4772485520272985, 0.016444718510971085, 0.04625204095464833, 0.1340707090704643, 0.015319479492911804], [0.5139082576544518, 0.3720453305894709, 0.013633174230602403, 0.029352897652476118, 0.05645457841705023, 0.0146057614559485], [0.5042629141637677, 0.38075688653768885, 0.013606480475503427, 0.02827327808784985, 0.05853580351698369, 0.014564637218206545], [0.10949588576497148, 0.3716849797530323, 0.013630436351694518, 0.03154934086403429, 0.4586589817976337, 0.014980375468633705], [0.09258517016745157, 0.3039724197376004, 0.013010437733758073, 0.02412225833547596, 0.55217987706216, 0.014129836963553946], [0.5902470306077697, 0.3041722265821325, 0.012994886333299701, 0.02980732996345746, 0.0489867837534389, 0.013791742759901702], [0.4158410960769204, 0.3143724182272658, 0.012990572993918401, 0.18929034949871648, 0.05372046554785399, 0.013785097655324973], [0.08128311269460801, 0.33281197123947, 0.013010437733758073, 0.018295153008080826, 0.5404694883605291, 0.014129836963553946], [0.7560217817394317, 0.14155031747940205, 0.01295546055442794, 0.021916568234496024, 0.053824868348941825, 0.013731003643300373], [0.16690639273782243, 0.42633608807424017, 0.013626472831899484, 0.025779958965879687, 0.35237374807302313, 0.014977339317135172], [0.724376863358098, 0.14224816264381676, 0.013611682145649754, 0.041148596813643974, 0.06404204415900161, 0.014572650879789924], [0.7209103574039418, 0.11990384339042026, 0.07775886193789217, 0.019879771605395957, 0.04627735529537397, 0.01526981036697575], [0.9117047011441647, 0.023741939588100686, 0.012447599389778794, 0.013577607017543859, 0.02483753073989321, 0.013690622120518688], [0.9117047011441647, 0.023741939588100686, 0.012447599389778794, 0.013577607017543859, 0.02483753073989321, 0.013690622120518688], [0.07907825430758873, 0.12602276099750684, 0.0468376793499775, 0.030883897414104626, 0.7023541281208864, 0.014823279809935853], [0.5260248072526963, 0.3690980793931271, 0.013616941864157947, 0.025530017669458026, 0.05114939985023172, 0.014580753970328694], [0.7719746242818668, 0.13034047944252733, 0.01362226060817172, 0.021728984957471484, 0.04774470271475802, 0.014588947995204549], [0.799941721804702, 0.07511958535143554, 0.026675336884373936, 0.03019402427345782, 0.053459755858828846, 0.014609575827201774], [0.9117206657496563, 0.023749902796882164, 0.012434848540424882, 0.013566928626012532, 0.024847503285954455, 0.013680151001069845]], [[0.9117206657496563, 0.023749902796882164, 0.012434848540424882, 0.013566928626012532, 0.024847503285954455, 0.013680151001069845], [0.7839189699497997, 0.08227053481146372, 0.04963728126114458, 0.027678058806067087, 0.04194097613545201, 0.014554179036072874], [0.5330276766603516, 0.14311207015377472, 0.013644243400474312, 0.03550887487422768, 0.2600843203590315, 0.014622814552140123], [0.7287620993691946, 0.14749121036319246, 0.013611682145649754, 0.032010764351795534, 0.06355159289037787, 0.014572650879789924], [0.7423932908615103, 0.1431120701537747, 0.013644243400474312, 0.029218816164597025, 0.05700876486750335, 0.014622814552140123], [0.7131422420586649, 0.16820835080865149, 0.013576353198243536, 0.029454916628708742, 0.06109991398875206, 0.0145182233169791], [0.719222836490478, 0.1640153110132024, 0.013633174230602403, 0.031052964873194387, 0.05746995193657416, 0.0146057614559485], [0.7005270336526247, 0.18004837292997417, 0.013576353198243537, 0.027547454026050647, 0.06378256287612773, 0.0145182233169791], [0.49276883021226486, 0.37908868874633456, 0.013606480475503427, 0.02994419423348755, 0.07002716911420284, 0.014564637218206545], [0.7098391588408429, 0.16761850705480136, 0.013611682145649753, 0.030585575927090262, 0.06377242515182562, 0.014572650879789924], [0.1170425000883286, 0.14555985981147485, 0.01348978126040906, 0.024532653178412734, 0.6845025753758778, 0.014872630285496787], [0.7412774414104288, 0.1521997367131989, 0.013586149464062341, 0.02759485064389533, 0.050808506383533666, 0.014533315384881205], [0.7323829998759143, 0.15613521690426344, 0.013644243400474314, 0.027511128425501533, 0.05570359684170626, 0.014622814552140125], [0.7096534130656045, 0.16525159185141253, 0.013606480475503427, 0.03188670158019262, 0.06503717580908036, 0.014564637218206545], [0.04959286091182596, 0.023791177042351307, 0.012368759392116024, 0.0135115812697678, 0.024899192162308105, 0.8758364292216309], [0.5624821346003948, 0.16623954257903803, 0.016444718510971085, 0.09525811000250425, 0.14425601481418002, 0.015319479492911802], [0.5191253321418092, 0.16355832735306652, 0.013633174230602403, 0.030798420317543804, 0.25827898450102943, 0.0146057614559485], [0.7104496006134479, 0.16611309048439188, 0.013576353198243537, 0.031306588701586, 0.06403614368535158, 0.014518223316979101], [0.337362486015405, 0.15981047560447048, 0.013565009686856063, 0.02401233723276432, 0.45031943439086064, 0.01493025706964344], [0.7143574829642483, 0.17145948778224354, 0.013611682145649754, 0.02887788818799477, 0.05712080804007363, 0.014572650879789924], [0.5072895476524223, 0.37406361247301717, 0.013576353198243537, 0.02795360343386022, 0.06259865992547756, 0.0145182233169791], [0.10517210427271627, 0.15852769165431246, 0.01348978126040906, 0.026864046514958072, 0.6810737460121072, 0.014872630285496787], [0.7021500403316382, 0.1791067926960216, 0.013606480475503427, 0.02827327808784985, 0.06229877119078034, 0.014564637218206545], [0.510910358443315, 0.37374947556334726, 0.013611682145649754, 0.03013973448262975, 0.05701609848526843, 0.014572650879789924], [0.7370971650976161, 0.15012345390881054, 0.013586149464062341, 0.030933762491977573, 0.05372615365265225, 0.014533315384881205], [0.08424767785873884, 0.28329420934111205, 0.013010437733758073, 0.022375124858516587, 0.5829427132443205, 0.014129836963553946], [0.7780710854312741, 0.12186289540239897, 0.01297371407171773, 0.028303648204281752, 0.04502953198863291, 0.013759124901694661], [0.5973200581957417, 0.2941818234036702, 0.012969630622978904, 0.030649073314876277, 0.05112658049748086, 0.01375283396525204], [0.07982483660474139, 0.33150114440634787, 0.013010437733758073, 0.024587887428015404, 0.5369458568635832, 0.014129836963553946], [0.3058032846491654, 0.37733346681039803, 0.013010437733758075, 0.016684807585656623, 0.273038166257468, 0.014129836963553946], [0.3725419582247164, 0.24503831765111175, 0.013630436351694518, 0.025775579131349334, 0.32803333317249417, 0.014980375468633705], [0.716608395240047, 0.15445240955545578, 0.017205036216288203, 0.05310665067026589, 0.04327966256899852, 0.015347845748944395], [0.056781361818679814, 0.026244775677896466, 0.012726214553090478, 0.014078757235460605, 0.027556124166894916, 0.8626127665479777], [0.18076566930030138, 0.042639417927821784, 0.6650428842468258, 0.02055877530064957, 0.07401945292294093, 0.01697380030146055], [0.9117047011441647, 0.023741939588100686, 0.012447599389778794, 0.013577607017543859, 0.02483753073989321, 0.013690622120518688], [0.9117749813148788, 0.023776995617070355, 0.012391466974240676, 0.013530598077662437, 0.024881432372164548, 0.013644525643983083], [0.7512153701009038, 0.11052180132695592, 0.04958333176021601, 0.018132511171792674, 0.05601898763943626, 0.014527998000695359], [0.729110844202241, 0.16601204244358234, 0.013616941864157947, 0.025530017669458026, 0.05114939985023172, 0.014580753970328694], [0.817276839570605, 0.06741276621910212, 0.015827497157304374, 0.027225238949389732, 0.057676305630715664, 0.014581352472882978], [0.9117047011441647, 0.023741939588100686, 0.012447599389778794, 0.013577607017543859, 0.02483753073989321, 0.013690622120518688]], [[0.9117206657496563, 0.023749902796882164, 0.012434848540424882, 0.013566928626012532, 0.024847503285954455, 0.013680151001069845], [0.7738403164941628, 0.0787732673793601, 0.05771023587251915, 0.031239430879095045, 0.04392832511384206, 0.014508424261020815], [0.5240867756102179, 0.14749121036319243, 0.013611682145649753, 0.23565325181694702, 0.064584429184203, 0.014572650879789924], [0.7065642383569843, 0.1616443785887282, 0.013606480475503427, 0.03712818893544298, 0.06649207642513436, 0.014564637218206545], [0.7121172215475216, 0.1652636529861985, 0.013606480475503427, 0.031874473912138365, 0.0625735338604314, 0.014564637218206545], [0.34756086485822013, 0.14846567606849925, 0.013470321462113133, 0.03284303162623346, 0.4428023823730033, 0.01485772361193069], [0.5194712531674491, 0.24259562258262235, 0.016444718510971085, 0.0640536007156035, 0.1421153255304421, 0.015319479492911802], [0.34756086485822013, 0.14514074662353219, 0.013470321462113133, 0.03284303162623346, 0.4461273118179703, 0.01485772361193069], [0.4889709148455906, 0.17849151723235673, 0.013606480475503427, 0.028410333552671467, 0.27595611667567116, 0.014564637218206545], [0.4953110606699315, 0.38093934991411715, 0.013638677225645181, 0.0281936813261141, 0.0673029915273462, 0.014614239336845844], [0.7175525677006452, 0.1679664931604881, 0.013581225030457398, 0.02839936603770149, 0.05797461923847035, 0.01452572883223759], [0.7348670890251249, 0.15672886168548394, 0.013616941864157947, 0.02617161654974185, 0.05403473690516253, 0.014580753970328694], [0.7402122182208709, 0.15008553761590943, 0.013649873849420766, 0.026626119392079123, 0.05479476213396873, 0.014631488787751015], [0.47724482785291655, 0.1683038284691272, 0.013644243400474312, 0.02240939198721912, 0.30377489373812255, 0.014622814552140123], [0.04925431395881006, 0.023741939588100686, 0.012447599389778794, 0.013577607017543859, 0.02483753073989321, 0.8761410093058732], [0.049495352249134955, 0.02377699561707036, 0.012391466974240676, 0.013530598077662437, 0.02488143237216455, 0.8759241547097271], [0.69806031438158, 0.17759837898416198, 0.013606480475503427, 0.031886701580192627, 0.06428348736035538, 0.014564637218206545], [0.12478926238390693, 0.15581664799423037, 0.01348978126040906, 0.02742083693949511, 0.6636108411364617, 0.014872630285496787], [0.725622168759342, 0.1622209932091321, 0.013581225030457398, 0.02839936603770149, 0.05565051813112929, 0.01452572883223759], [0.7050751168027217, 0.17482846963692086, 0.013576353198243537, 0.031306588701586, 0.0606952483435488, 0.0145182233169791], [0.10429647258176512, 0.1599775249645701, 0.013550117600209988, 0.026787847432206767, 0.6804691880481786, 0.014918849373069441], [0.49247227249722847, 0.18024996106282978, 0.013564136641152231, 0.02363081464950855, 0.2755834125863078, 0.014499402562973222], [0.5005560753225758, 0.3749595379394917, 0.013581225030457396, 0.029830815283125624, 0.06654661759211164, 0.014525728832237586], [0.11599849201699682, 0.16843953552623747, 0.01354332331170849, 0.024029479484965068, 0.6630755248754395, 0.014913644784652565], [0.7414229582501478, 0.14608476359890288, 0.013616941864157949, 0.029510528397824094, 0.05478405391863853, 0.014580753970328694], [0.7832444786879267, 0.11640525661721268, 0.012973714071717728, 0.027358736639457683, 0.046258689081990566, 0.01375912490169466], [0.2612223058904982, 0.13248446606454922, 0.013010437733758073, 0.02786918777529978, 0.5512837655723408, 0.014129836963553946], [0.08544316705909322, 0.3023247224841037, 0.013010437733758073, 0.020317031149568995, 0.5647748046099221, 0.014129836963553946], [0.6063114080212155, 0.12408941368388177, 0.012969630622978904, 0.026832172702890407, 0.2160445410037814, 0.013752833965252042], [0.615379884310252, 0.28207583586796126, 0.012999247807660385, 0.02607894252999475, 0.04966762746319473, 0.013798462020936698], [0.7032211791620083, 0.1552998001123991, 0.013611682145649753, 0.04448776002087511, 0.0688069276792777, 0.014572650879789924], [0.38401571478056046, 0.1393681150944987, 0.014263007902431487, 0.3726858054244145, 0.07426139811122726, 0.015405958686867652], [0.052355889382716035, 0.024827722469135803, 0.012640989958847736, 0.013860282139917694, 0.026009878847736617, 0.870305237201646], [0.7066212206068421, 0.15498895111226416, 0.03687627323472126, 0.04670599314901665, 0.03941153574099111, 0.015396026156164866], [0.4780901787939779, 0.13810956902272667, 0.3099315241919104, 0.018432299594988544, 0.040933672419969806, 0.014502755976426699], [0.7515840417999187, 0.101779015321746, 0.057957446066411046, 0.018132511171792674, 0.05601898763943626, 0.014527998000695359], [0.8943745906313644, 0.030148226748133056, 0.01339457207513012, 0.015070788413668249, 0.031773390812400985, 0.015238431319303008], [0.062372093170147996, 0.04298695267733835, 0.013425357075095984, 0.02692391847782237, 0.8394683987896595, 0.014823279809935853], [0.9117047011441647, 0.023741939588100686, 0.012447599389778794, 0.013577607017543859, 0.02483753073989321, 0.013690622120518688], [0.9117047011441647, 0.023741939588100686, 0.012447599389778794, 0.013577607017543859, 0.02483753073989321, 0.013690622120518688]], [[0.9117206657496563, 0.023749902796882164, 0.012434848540424882, 0.013566928626012532, 0.024847503285954455, 0.013680151001069845], [0.09377855096953683, 0.09308720088744935, 0.03917580391490108, 0.03425463960779668, 0.7248047972099386, 0.01489900741037737], [0.1212887341292666, 0.14092022714642288, 0.013577137842241349, 0.03696016158584027, 0.6723141917678387, 0.014939547528390138], [0.1273738303705361, 0.14173733381188275, 0.013524215068027277, 0.02939132819241043, 0.673074285146766, 0.01489900741037737], [0.7087610854623241, 0.1685431526573554, 0.013606480475503427, 0.03195111032617909, 0.0625735338604314, 0.014564637218206545], [0.5024768654128311, 0.37041348983959355, 0.013606480475503427, 0.03636499319343385, 0.0625735338604314, 0.014564637218206545], [0.4996075574354657, 0.18033356881740414, 0.013633174230602403, 0.2343499861240053, 0.057469951936574164, 0.0146057614559485], [0.6895320019991508, 0.17985609927512136, 0.013606480475503427, 0.03636499319343385, 0.06607578783858392, 0.014564637218206545], [0.49391081299092404, 0.38099917633428837, 0.013638677225645181, 0.029959592211168007, 0.06687750190112846, 0.014614239336845844], [0.6924198975808138, 0.18775178276272955, 0.013601335898025188, 0.02821379054678705, 0.06345648169840189, 0.0145567115132425], [0.11553759699896504, 0.38420859160137283, 0.013598574978579164, 0.030647110932152048, 0.441052156598473, 0.01495596889045773], [0.3385442281237085, 0.16033232638488198, 0.01354332331170849, 0.024029479484965068, 0.4486369979100833, 0.014913644784652565], [0.507257632852101, 0.37531190028388584, 0.013611682145649754, 0.02896872346182259, 0.06027741037675082, 0.014572650879789924], [0.04970507595818815, 0.023807497328687574, 0.012342627022841657, 0.013489696322106079, 0.024919630507162213, 0.8757354728610144], [0.05598963860589812, 0.026099805898123322, 0.012867562823949956, 0.014191459159964254, 0.027383380518319927, 0.8634681529937442], [0.0888524516786883, 0.18971035722834018, 0.01346753102515413, 0.02110134431574166, 0.6720127296819747, 0.014855586070101012], [0.5124417930513112, 0.37622171097685625, 0.013611682145649754, 0.026800822634547507, 0.05635134031184535, 0.014572650879789924], [0.5158693439407623, 0.3719738180277119, 0.013581225030457396, 0.028399366037701483, 0.055650518131129284, 0.014525728832237588], [0.7076795059367271, 0.17603387062372466, 0.013606480475503427, 0.029718800752917537, 0.058396704992920524, 0.014564637218206545], [0.10974526948767584, 0.18194631791992963, 0.01348978126040906, 0.026864046514958072, 0.6530819545315304, 0.014872630285496787], [0.30618986367526363, 0.5208319197595382, 0.016444718510971085, 0.03502927705055918, 0.10618474151075606, 0.015319479492911804], [0.10480716891680755, 0.3779456124622276, 0.013607904171124523, 0.027194380471852297, 0.46148181870164307, 0.014963115276344887], [0.10220411903430501, 0.38191410689487854, 0.013617203407547029, 0.03224612195419276, 0.4550482099939552, 0.014970238715121398], [0.1020146359243867, 0.3723885132578193, 0.013630436351694518, 0.03221672579411452, 0.46476931320335113, 0.014980375468633705], [0.7338018211766302, 0.14778478167464335, 0.013581225030457398, 0.031738277885783726, 0.05856816540024788, 0.01452572883223759], [0.7707237112982683, 0.12425417379851827, 0.012969630622978904, 0.02802585851249998, 0.05027379180248259, 0.013752833965252042], [0.08842200148473599, 0.12471432669310552, 0.013010437733758073, 0.027069818616913252, 0.7326535785079332, 0.014129836963553946], [0.7676920141397944, 0.12530867715798744, 0.012969630622978904, 0.02802585851249998, 0.05225098560148728, 0.013752833965252042], [0.7935085450733121, 0.10851622820396284, 0.013026555734718927, 0.025361757552725378, 0.04574638098699383, 0.013840532448286893], [0.7676826032138225, 0.12450214809965761, 0.012994886333299