{"prediction": [[[0.9117206657496563, 0.023749902796882164, 0.012434848540424882, 0.013566928626012532, 0.024847503285954455, 0.013680151001069845], [0.9117047011441647, 0.023741939588100686, 0.012447599389778794, 0.013577607017543859, 0.02483753073989321, 0.013690622120518688], [0.9117206657496563, 0.023749902796882164, 0.012434848540424882, 0.013566928626012532, 0.024847503285954455, 0.013680151001069845], [0.9117206657496563, 0.023749902796882164, 0.012434848540424882, 0.013566928626012532, 0.024847503285954455, 0.013680151001069845], [0.9117206657496563, 0.023749902796882164, 0.012434848540424882, 0.013566928626012532, 0.024847503285954455, 0.013680151001069845], [0.9117206657496563, 0.023749902796882164, 0.012434848540424882, 0.013566928626012532, 0.024847503285954455, 0.013680151001069845], [0.9117047011441647, 0.023741939588100686, 0.012447599389778794, 0.013577607017543859, 0.02483753073989321, 0.013690622120518688], [0.9117047011441647, 0.023741939588100686, 0.012447599389778794, 0.013577607017543859, 0.02483753073989321, 0.013690622120518688], [0.9182446952561669, 0.021395118785578746, 0.012029603289057559, 0.012966630487033523, 0.02230360708412397, 0.013060345098039215], [0.9182446952561669, 0.021395118785578746, 0.012029603289057559, 0.012966630487033523, 0.02230360708412397, 0.013060345098039215], [0.9182446952561669, 0.021395118785578746, 0.012029603289057559, 0.012966630487033523, 0.02230360708412397, 0.013060345098039215], [0.9182446952561669, 0.021395118785578746, 0.012029603289057559, 0.012966630487033523, 0.02230360708412397, 0.013060345098039215], [0.9182446952561669, 0.021395118785578746, 0.012029603289057559, 0.012966630487033523, 0.02230360708412397, 0.013060345098039215], [0.9182446952561669, 0.021395118785578746, 0.012029603289057559, 0.012966630487033523, 0.02230360708412397, 0.013060345098039215], [0.9182446952561669, 0.021395118785578746, 0.012029603289057559, 0.012966630487033523, 0.02230360708412397, 0.013060345098039215], [0.9117047011441647, 0.023741939588100686, 0.012447599389778794, 0.013577607017543859, 0.02483753073989321, 0.013690622120518688], [0.9117047011441647, 0.023741939588100686, 0.012447599389778794, 0.013577607017543859, 0.02483753073989321, 0.013690622120518688], [0.9117047011441647, 0.023741939588100686, 0.012447599389778794, 0.013577607017543859, 0.02483753073989321, 0.013690622120518688], [0.9117047011441647, 0.023741939588100686, 0.012447599389778794, 0.013577607017543859, 0.02483753073989321, 0.013690622120518688], [0.9117047011441647, 0.023741939588100686, 0.012447599389778794, 0.013577607017543859, 0.02483753073989321, 0.013690622120518688], [0.9117206657496563, 0.023749902796882164, 0.012434848540424882, 0.013566928626012532, 0.024847503285954455, 0.013680151001069845], [0.9117527712839392, 0.023765917165209385, 0.012409206013192207, 0.013545453903973001, 0.024867558521245586, 0.013659093112440557], [0.911803412173108, 0.023791177042351307, 0.012368759392116022, 0.0135115812697678, 0.0248991921623081, 0.013625877960348684], [0.9017267017334131, 0.027599126120741183, 0.012848299262801354, 0.01432413110181311, 0.029030008766686592, 0.01447173301454473], [0.9017018720292505, 0.02775901157830591, 0.01272053910217347, 0.014225150111720496, 0.029217796871826116, 0.014375630306723543], [0.9016768770186335, 0.02791996149068323, 0.012591928364389233, 0.014125510144927536, 0.029406835196687367, 0.01427888778467909], [0.9016768770186335, 0.02791996149068323, 0.012591928364389233, 0.014125510144927536, 0.029406835196687367, 0.01427888778467909], [0.8974322783783785, 0.02949401216216216, 0.012819597747747748, 0.014487886036036034, 0.031111489639639632, 0.014654736036036035], [0.9016768770186335, 0.02791996149068323, 0.012591928364389233, 0.014125510144927536, 0.029406835196687367, 0.01427888778467909], [0.9016768770186335, 0.02791996149068323, 0.012591928364389233, 0.014125510144927536, 0.029406835196687367, 0.01427888778467909], [0.9016768770186335, 0.02791996149068323, 0.012591928364389233, 0.014125510144927536, 0.029406835196687367, 0.01427888778467909], [0.9016768770186335, 0.02791996149068323, 0.012591928364389233, 0.014125510144927536, 0.029406835196687367, 0.01427888778467909], [0.9016768770186335, 0.02791996149068323, 0.012591928364389233, 0.014125510144927536, 0.029406835196687367, 0.01427888778467909], [0.9016768770186335, 0.02791996149068323, 0.012591928364389233, 0.014125510144927536, 0.029406835196687367, 0.01427888778467909], [0.9016768770186335, 0.02791996149068323, 0.012591928364389233, 0.014125510144927536, 0.029406835196687367, 0.01427888778467909], [0.9016768770186335, 0.02791996149068323, 0.012591928364389233, 0.014125510144927536, 0.029406835196687367, 0.01427888778467909], [0.9016768770186335, 0.02791996149068323, 0.012591928364389233, 0.014125510144927536, 0.029406835196687367, 0.01427888778467909], [0.9016768770186335, 0.02791996149068323, 0.012591928364389233, 0.014125510144927536, 0.029406835196687367, 0.01427888778467909], [0.9016768770186335, 0.02791996149068323, 0.012591928364389233, 0.014125510144927536, 0.029406835196687367, 0.01427888778467909], [0.9016768770186335, 0.02791996149068323, 0.012591928364389233, 0.014125510144927536, 0.029406835196687367, 0.01427888778467909]], [[0.9117047011441647, 0.023741939588100686, 0.012447599389778794, 0.013577607017543859, 0.02483753073989321, 0.013690622120518688], [0.8422005507563347, 0.06421654938944359, 0.018634343720832357, 0.02149431529352027, 0.038784815371196095, 0.014669425468672968], [0.8252086449047492, 0.07058851408378815, 0.03019827964760581, 0.024798296986884114, 0.03453683890829973, 0.014669425468672968], [0.8252086449047492, 0.07058851408378815, 0.03019827964760581, 0.024798296986884114, 0.03453683890829973, 0.014669425468672968], [0.8252086449047492, 0.07058851408378815, 0.03019827964760581, 0.024798296986884114, 0.03453683890829973, 0.014669425468672968], [0.7669190224865154, 0.09688693782854421, 0.04699662880577268, 0.03331520659981221, 0.04124329313212357, 0.014638911147231757], [0.7508281516763118, 0.10171539961437769, 0.053047547181734225, 0.03183806190765701, 0.048010561800928185, 0.014560277818990948], [0.0718545557205951, 0.062111886044662834, 0.287725084251963, 0.03412736281475671, 0.5292936717292538, 0.014887439438768527], [0.6107397004573106, 0.2552836897157019, 0.05015875294096047, 0.029579334654526078, 0.04053563176868467, 0.013702890462816242], [0.44909834555814004, 0.2589928084547042, 0.045414508156332245, 0.1968408992734652, 0.03585448024492985, 0.01379895831242858], [0.42008102434394, 0.2650724736527074, 0.2255184471656653, 0.028844256486641767, 0.04668484003861691, 0.01379895831242858], [0.7440958299037814, 0.09404191287757982, 0.06785020564773125, 0.02485621464352596, 0.055374354181842535, 0.013781482745538986], [0.5883718533199473, 0.08677696489823922, 0.06841690021940035, 0.02341172202420872, 0.2192183500441406, 0.013804209494063756], [0.645239379407502, 0.06930260756537711, 0.20934412651549422, 0.028454501802533255, 0.033787394329947255, 0.013871990379146278], [0.6420406571688756, 0.07394648030170443, 0.21024581469679285, 0.02845450180253325, 0.03144055565094749, 0.013871990379146276], [0.5786466331058517, 0.28550179894701944, 0.05268380137708084, 0.03396150219307515, 0.03453683890829973, 0.014669425468672968], [0.7744539587216783, 0.08850895404793988, 0.04747006603460258, 0.040360756818806416, 0.03453683890829973, 0.014669425468672968], [0.5865325260125945, 0.06360432150261998, 0.033708589537924265, 0.2685010162383747, 0.03303776580172873, 0.0146157809067579], [0.9117047011441647, 0.023741939588100686, 0.012447599389778794, 0.013577607017543859, 0.02483753073989321, 0.013690622120518688], [0.06206876074777048, 0.05111457418785124, 0.01346753102515413, 0.057614337876802445, 0.8008792100923208, 0.014855586070101012], [0.8037243051611072, 0.07940469200054069, 0.032396354350875706, 0.03184199964448431, 0.03817363282973684, 0.014459016013255142], [0.7593168229779776, 0.10184608510535542, 0.04381011981317956, 0.03491381668961253, 0.04562846734980973, 0.014484688064065047], [0.09345776434921106, 0.09234593073046828, 0.027008947591780776, 0.024794457924821656, 0.7475373133336172, 0.014855586070101012], [0.9118877439252336, 0.023833242056074764, 0.012301404049844237, 0.013455173520249221, 0.02495187133956386, 0.013570565109034267], [0.8099635893815079, 0.06019278635548531, 0.03231233701325011, 0.040859188661840316, 0.042139080342078805, 0.014533018245837383], [0.788525674021356, 0.0837360508211051, 0.045511867590465965, 0.018132511171792674, 0.049565898394585, 0.01452799800069536], [0.7975854389296809, 0.08709831192061959, 0.04464783371063888, 0.018432299594988544, 0.03773335986764519, 0.014502755976426697], [0.8002004920551872, 0.08350321442763901, 0.04493930221221809, 0.01861710267692807, 0.03830260081752263, 0.014437287810504925], [0.3916687628139768, 0.07540388891688768, 0.05272455121048163, 0.050460730467194875, 0.4148284218068064, 0.014913644784652565], [0.806167421611892, 0.07030070928398234, 0.04760911426275086, 0.01794768987920401, 0.04357035593732091, 0.014404709024849789], [0.7736497543335226, 0.08499753069957322, 0.058641140941543685, 0.018042859073142105, 0.050184841685874365, 0.014483873266343978], [0.07908233540840395, 0.07779658524868584, 0.045566475218215975, 0.05725327201456011, 0.7254457460400331, 0.014855586070101012], [0.7498350141809934, 0.10660307858759456, 0.04492634740432763, 0.045128063626052414, 0.03902148220538586, 0.014486013995645941], [0.7639669403500329, 0.09482929368722078, 0.047721187805031616, 0.03623809791449832, 0.042684202424225576, 0.014560277818990951], [0.07202669912896086, 0.062252056322352776, 0.05048408202806727, 0.04298957169413003, 0.7573749605409922, 0.014872630285496789], [0.7901908704592668, 0.08853770317911214, 0.03726758480775913, 0.03161905547442464, 0.03783723417117505, 0.014547551908262285], [0.8029052638112355, 0.07748213054975407, 0.040638224539797464, 0.022994764496173725, 0.041363460521580055, 0.014616156081458996], [0.8097852436449353, 0.08086954841414896, 0.03531166067817955, 0.02480819757741485, 0.03456460019011229, 0.014660749495208819], [0.7595169605187648, 0.09306497556458096, 0.04052762959049835, 0.024649862237299078, 0.06658805716083024, 0.015652514928026443], [0.9016768770186335, 0.02791996149068323, 0.012591928364389233, 0.014125510144927536, 0.029406835196687367, 0.01427888778467909]], [[0.9117047011441647, 0.023741939588100686, 0.012447599389778794, 0.013577607017543859, 0.02483753073989321, 0.013690622120518688], [0.8422005507563347, 0.06421654938944359, 0.018634343720832357, 0.02149431529352027, 0.038784815371196095, 0.014669425468672968], [0.7994341741986484, 0.10290385169044136, 0.013638581099286536, 0.025409312176586242, 0.043999989589878746, 0.014614091245158799], [0.8115128693366349, 0.09391613550371976, 0.013673061178467977, 0.025814090994558246, 0.040416631939904885, 0.014667211046713934], [0.7701025645860452, 0.12650545766631882, 0.013667162170051813, 0.025431998003964677, 0.049634694503612166, 0.01465812307000745], [0.7657200556859615, 0.13219100222556776, 0.013661332074831087, 0.02581112627949962, 0.047967342473586826, 0.014649141260553274], [0.5477235814450387, 0.34287449365307116, 0.01362226060817172, 0.025743348406834628, 0.05544736789167925, 0.014588947995204549], [0.7199117937418195, 0.16516525804611254, 0.01358614946406234, 0.02900532888844279, 0.057798154474681694, 0.014533315384881203], [0.09031085371354597, 0.1202083546442384, 0.018035239401315246, 0.031151505276409627, 0.7261842868125042, 0.014109760151986533], [0.5939549400962867, 0.3052370296168797, 0.0145365280719232, 0.02739780716083432, 0.0450752330331392, 0.013798462020936698], [0.7513404763072201, 0.15169513568248996, 0.01587382133588915, 0.024731356945070906, 0.04256074770839325, 0.013798462020936698], [0.07755382836735113, 0.29488186092435686, 0.013010437733758073, 0.023695215267791062, 0.5767288207431888, 0.014129836963553946], [0.07559282211991725, 0.29488186092435686, 0.013010437733758073, 0.023695215267791062, 0.5786898269906228, 0.014129836963553946], [0.7791054874397751, 0.12458397256720558, 0.017713029269316796, 0.023541422438641484, 0.041237010917637575, 0.013819077367423521], [0.6344748767025119, 0.27264240399855816, 0.01808533268397817, 0.022777740837131286, 0.038193539754795086, 0.013826106023025418], [0.7744588128505185, 0.12817741855974402, 0.01646583460856014, 0.025814090994558246, 0.040416631939904885, 0.014667211046713934], [0.7769424907936109, 0.09272099113897872, 0.04511208590237316, 0.03601816778806443, 0.03453683890829973, 0.014669425468672968], [0.9117106810167163, 0.02374492237233799, 0.012442823295931608, 0.013573607205556826, 0.02484126616288833, 0.013686699946568964], [0.9117047011441647, 0.023741939588100686, 0.012447599389778794, 0.013577607017543859, 0.02483753073989321, 0.013690622120518688], [0.9117106810167163, 0.02374492237233799, 0.012442823295931608, 0.013573607205556826, 0.02484126616288833, 0.013686699946568964], [0.0978884968601454, 0.09815453459217466, 0.035815782081138524, 0.03365716256632745, 0.7195137851850925, 0.014970238715121398], [0.09038719859407086, 0.12450842470736989, 0.013583853946229537, 0.02657319134054415, 0.7300026391861962, 0.014944692225589227], [0.7696440521499743, 0.12519502055692572, 0.013591127355591752, 0.027177830451488742, 0.049850985191539306, 0.014540984294480103], [0.8156125109009237, 0.0718153610339659, 0.032256196417540337, 0.017821570526544754, 0.04794018208495242, 0.014554179036072874], [0.911803412173108, 0.023791177042351307, 0.012368759392116022, 0.0135115812697678, 0.0248991921623081, 0.013625877960348684], [0.7975854389296809, 0.08709831192061959, 0.04464783371063888, 0.018432299594988544, 0.03773335986764519, 0.014502755976426697], [0.7279558433215495, 0.15692803837995548, 0.013601335898025188, 0.02825780178426479, 0.05870026910296237, 0.014556711513242497], [0.5227217708084143, 0.26023418698657663, 0.016444718510971085, 0.04729603890940143, 0.13798380529172455, 0.015319479492911802], [0.32509149822034267, 0.15194059421638273, 0.013577137842241349, 0.03309518862485939, 0.4613560335677836, 0.014939547528390138], [0.12111027173948026, 0.15560440059339614, 0.01354332331170849, 0.029701779518811013, 0.6651265800519514, 0.014913644784652565], [0.7192909236491091, 0.15668828330964213, 0.013606480475503427, 0.033702507313352795, 0.06214716803418605, 0.014564637218206545], [0.7315356550224867, 0.14597281738417658, 0.013581225030457396, 0.03576335838635585, 0.058621215344285806, 0.014525728832237588], [0.1049688967728373, 0.13351625721171506, 0.01346753102515413, 0.03375170720093161, 0.6994400217192609, 0.014855586070101012], [0.7708065460719394, 0.1272668181483425, 0.01362226060817172, 0.025743348406834628, 0.0479720787695071, 0.014588947995204549], [0.7725834362691186, 0.11971300271674681, 0.013583407580019803, 0.025664669374403967, 0.05392639280481065, 0.014529091254899935], [0.09833798675247145, 0.12065349711541809, 0.013583853946229537, 0.03524677842243573, 0.7172331915378558, 0.014944692225589227], [0.07269345167375373, 0.10915866199094419, 0.01350222382617662, 0.022509416177363413, 0.7672540847416031, 0.014882161590158899], [0.794638861390283, 0.10077567781484047, 0.013606390626624849, 0.02687909776965197, 0.049535473601032276, 0.014564498797567344], [0.09983950345427209, 0.10703149311710108, 0.018580162811157305, 0.06377915203226527, 0.6947237550876981, 0.016045933497505962], [0.9016768770186335, 0.02791996149068323, 0.012591928364389233, 0.014125510144927536, 0.029406835196687367, 0.01427888778467909]], [[0.9117047011441647, 0.023741939588100686, 0.012447599389778794, 0.013577607017543859, 0.02483753073989321, 0.013690622120518688], [0.9117047011441647, 0.023741939588100686, 0.012447599389778794, 0.013577607017543859, 0.02483753073989321, 0.013690622120518688], [0.08248266762044765, 0.0709333515996943, 0.017249418719152827, 0.05353419399067487, 0.760585374074017, 0.015214993996013221], [0.7576412951625084, 0.13378602982395846, 0.013633079192192216, 0.025014349660491188, 0.055319631120501235, 0.014605615040348272], [0.765900107510841, 0.12612068355819492, 0.013661332074831086, 0.025811126279499615, 0.05385760931607993, 0.014649141260553274], [0.7494242331596362, 0.1397222617366761, 0.01362226060817172, 0.025743348406834628, 0.056898948093476835, 0.014588947995204549], [0.11107608452388554, 0.13600727183536745, 0.013447924187182495, 0.253629086585546, 0.4709990661074119, 0.014840566760606537], [0.5098618759088226, 0.1755892000447248, 0.013611682145649753, 0.028211300879094972, 0.2581532901419179, 0.014572650879789924], [0.4045573030196015, 0.4898454363111067, 0.012990572993918401, 0.024515523439739277, 0.05430606658030906, 0.013785097655324971], [0.5860393183487637, 0.31477110640921546, 0.013021886842518548, 0.026409809454691784, 0.04592453936362405, 0.013833339581186403], [0.41936961967983877, 0.48605528368483897, 0.013777139248624844, 0.024274160479747016, 0.042690457325763945, 0.013833339581186403], [0.4303980139539121, 0.47684204876460723, 0.012973714071717728, 0.024343584786081153, 0.041683513521987174, 0.013759124901694661], [0.7749968349764744, 0.13318936611093216, 0.012977841848944204, 0.025335428331745714, 0.039735044601565996, 0.01376548413033739], [0.7782488021744617, 0.13063899675971533, 0.013888255082918901, 0.023845378868831844, 0.039566439080332895, 0.013812128033739315], [0.08124223513644803, 0.10830326306445606, 0.012949235030058438, 0.02207173868428168, 0.7613541716100566, 0.014079356474699099], [0.7566552065200798, 0.14568281936901, 0.013638581099286536, 0.025409312176586242, 0.043999989589878746, 0.014614091245158799], [0.5608961616964669, 0.34144186419262285, 0.013638581099286536, 0.025409312176586242, 0.043999989589878746, 0.014614091245158799], [0.08351289735080843, 0.0618709490789348, 0.013447924187182495, 0.061078124640323514, 0.7652495379821441, 0.014840566760606539], [0.9117047011441647, 0.023741939588100686, 0.012447599389778794, 0.013577607017543859, 0.02483753073989321, 0.013690622120518688], [0.7409708961329587, 0.10488169701268622, 0.033776220852761246, 0.07121594751937986, 0.03468814519480947, 0.01446709328740442], [0.07195582604505128, 0.1642946436012195, 0.013583853946229537, 0.022466379275254578, 0.7127546049066559, 0.014944692225589227], [0.7726339316659028, 0.12285044101479543, 0.013601247032560247, 0.02647210087563486, 0.04988570480346228, 0.0145565746076444], [0.7668544750600838, 0.1286204118706267, 0.013627639376889898, 0.025380905813146382, 0.05091933338547617, 0.01459723449377716], [0.7689574740391324, 0.09240181147973041, 0.048415495056952106, 0.02683715367508807, 0.04885419012214244, 0.014533875626954589], [0.9117527712839392, 0.023765917165209385, 0.012409206013192207, 0.013545453903973001, 0.024867558521245586, 0.013659093112440557], [0.8068986516088732, 0.06991633321845112, 0.047396093491430306, 0.017958656980802703, 0.04338783379866379, 0.01444243090177884], [0.10089420373917923, 0.15642772801322005, 0.01346753102515413, 0.028911632365575875, 0.6854433187867697, 0.014855586070101012], [0.7213205069261873, 0.1569280383799555, 0.013601335898025188, 0.02825780178426479, 0.06533560549832455, 0.014556711513242499], [0.5210777087992617, 0.15237261831182047, 0.013606480475503427, 0.0299882054709653, 0.26839034972424247, 0.014564637218206545], [0.715547304222326, 0.15237261831182047, 0.013606480475503427, 0.0299882054709653, 0.07392075430117812, 0.014564637218206545], [0.719667721665825, 0.1569529991055885, 0.013633174230602403, 0.0327050613245318, 0.06243528221750361, 0.0146057614559485], [0.7253441103236926, 0.1557518209249717, 0.013638677225645183, 0.03234720421553834, 0.058303947973306396, 0.014614239336845846], [0.733710899253465, 0.14687080430858707, 0.013611682145649753, 0.03416481498320187, 0.05706914842930634, 0.014572650879789924], [0.7466350701582991, 0.13650741840351746, 0.013586149464062341, 0.0349588429925497, 0.05377920359669018, 0.014533315384881205], [0.10526509949074925, 0.11188953286696013, 0.013531053737640839, 0.033367987879876715, 0.7210420800289794, 0.014904245995793597], [0.7742561530469252, 0.12383722289965965, 0.01359615958027696, 0.026826891404348234, 0.04693483615937974, 0.014548736909410376], [0.7739141990039555, 0.1248328402137774, 0.013633079192192216, 0.02501434966049119, 0.04799991688923542, 0.014605615040348274], [0.7928545537921334, 0.10290385169044136, 0.013638581099286536, 0.025409312176586242, 0.05057960999639376, 0.014614091245158799], [0.10023920285031818, 0.10746692910774508, 0.018576089085995354, 0.06399966955789144, 0.6936888420695004, 0.016029267328549472], [0.9016768770186335, 0.02791996149068323, 0.012591928364389233, 0.014125510144927536, 0.029406835196687367, 0.01427888778467909]], [[0.9117047011441647, 0.023741939588100686, 0.012447599389778794, 0.013577607017543859, 0.02483753073989321, 0.013690622120518688], [0.9117047011441647, 0.023741939588100686, 0.012447599389778794, 0.013577607017543859, 0.02483753073989321, 0.013690622120518688], [0.0984322970693381, 0.07047846901198189, 0.05474398996314795, 0.03375594198364612, 0.7276497544434959, 0.014939547528390138], [0.7520539767775212, 0.13500988595789137, 0.013627639376889898, 0.025380905813146382, 0.05933035758077394, 0.01459723449377716], [0.5637868465305709, 0.1273784801196239, 0.013655569692235347, 0.026185851235745294, 0.2543529886530647, 0.014640263768759834], [0.736324672193602, 0.14844951294431444, 0.013616941864157947, 0.027582094794289316, 0.05944602423330745, 0.014580753970328694], [0.7147791546519464, 0.16510185691133264, 0.013581225030457398, 0.02980984428224895, 0.06220219029177711, 0.01452572883223759], [0.4934230665048286, 0.38467244627234337, 0.013638677225645181, 0.027831543155782283, 0.06582002750455476, 0.014614239336845844], [0.7310675176535235, 0.16569116304207482, 0.013012708043212997, 0.02541076774664948, 0.05099864473607699, 0.01381919877846204], [0.3996641515570799, 0.4964282499711238, 0.013017271247831015, 0.02478630808173977, 0.052277790318313665, 0.013826228823912021], [0.399465751459666, 0.4947685418478433, 0.012990572993918401, 0.028605408655976314, 0.050384627387270946, 0.013785097655324971], [0.2634286577873215, 0.1323411634305259, 0.013010437733758073, 0.02889167588104255, 0.5481982282037979, 0.014129836963553946], [0.09586541649123176, 0.1304467843339093, 0.013010437733758073, 0.024620819602596142, 0.7219267048749508, 0.014129836963553946], [0.6102590459642543, 0.29923115265826394, 0.013003658227269529, 0.02414592424538168, 0.039554962218104874, 0.013805256686725593], [0.6062778289710867, 0.30349010662532444, 0.013008118420684792, 0.023845378868831844, 0.039566439080332895, 0.013812128033739315], [0.5416219962289944, 0.36121448151650415, 0.013667162170051811, 0.026747922085267675, 0.04209031492917432, 0.014658123070007448], [0.55283632466782, 0.3495017012212698, 0.013638581099286536, 0.025409312176586242, 0.043999989589878746, 0.014614091245158799], [0.75451167578904, 0.10663779685703899, 0.04723784832449319, 0.03917777614637701, 0.03790525255870993, 0.014529650324340726], [0.9117206657496563, 0.023749902796882164, 0.012434848540424882, 0.013566928626012532, 0.024847503285954455, 0.013680151001069845], [0.06206876074777048, 0.06055143693294928, 0.03705968788789923, 0.06705120062190047, 0.7584133277393795, 0.014855586070101012], [0.791492086413254, 0.1056388755066124, 0.013606390626624847, 0.026879097769651965, 0.047819050886289224, 0.014564498797567344], [0.7856202425009803, 0.11185458569633741, 0.013638581099286536, 0.025409312176586242, 0.048863187281650705, 0.014614091245158799], [0.09088188290483094, 0.12524088759731675, 0.01354332331170849, 0.0266231787366455, 0.7287970826648457, 0.014913644784652565], [0.09814133601247904, 0.09840823074594604, 0.035868663109471684, 0.03370308991927926, 0.7189227113223662, 0.014955968890457732], [0.9117527712839392, 0.023765917165209385, 0.012409206013192207, 0.013545453903973001, 0.024867558521245586, 0.013659093112440557], [0.09005154728764989, 0.06467659416062674, 0.0453709293968748, 0.04428680405202461, 0.740724577975797, 0.014889547127026927], [0.7297632874318952, 0.15472030904096737, 0.013581225030457396, 0.03144106839123569, 0.05596838127320677, 0.014525728832237588], [0.7248301586946481, 0.15539863606677373, 0.013638677225645181, 0.02823769256359185, 0.06328059611249516, 0.014614239336845844], [0.7173245697660914, 0.15539863606677376, 0.013638677225645181, 0.02823769256359185, 0.07078618504105189, 0.014614239336845844], [0.7189988694081644, 0.1526373341077668, 0.013633174230602403, 0.028990759482144295, 0.07113410131537357, 0.0146057614559485], [0.2973764675768634, 0.26733006151852723, 0.016444718510971085, 0.045906553854609435, 0.357622719046117, 0.015319479492911802], [0.7152737926844357, 0.16124370337777716, 0.013601335898025188, 0.031972103626652294, 0.06335235289986701, 0.014556711513242497], [0.7211654624093734, 0.16008627020158997, 0.013606480475503427, 0.03162544175990553, 0.058951707935420934, 0.014564637218206545], [0.10618094215599992, 0.14334504255448288, 0.01348978126040906, 0.03658606364949291, 0.6855255400941184, 0.014872630285496787], [0.7466350701582991, 0.13650741840351746, 0.013586149464062341, 0.0349588429925497, 0.05377920359669018, 0.014533315384881205], [0.7826923139603996, 0.11842529050944284, 0.013655569692235347, 0.026185851235745294, 0.044400710833416936, 0.014640263768759834], [0.7843003105209846, 0.1171674939480139, 0.013661332074831087, 0.02581112627949962, 0.04441059591611764, 0.014649141260553274], [0.7859272023330178, 0.11589491726647651, 0.013667162170051811, 0.025431998003964677, 0.04442059715648172, 0.014658123070007448], [0.7438361262635595, 0.11173554817626831, 0.045134884114645016, 0.03779735854376916, 0.04587486730740823, 0.015621215594349664], [0.9016768770186335, 0.02791996149068323, 0.012591928364389233, 0.014125510144927536, 0.029406835196687367, 0.01427888778467909]], [[0.9117047011441647, 0.023741939588100686, 0.012447599389778794, 0.013577607017543859, 0.02483753073989321, 0.013690622120518688], [0.9117047011441647, 0.023741939588100686, 0.012447599389778794, 0.013577607017543859, 0.02483753073989321, 0.013690622120518688], [0.08720176935972118, 0.0684002770867594, 0.048796620071646736, 0.04087240776384555, 0.7397678499198361, 0.01496107579819106], [0.7506614864821274, 0.13395630457191676, 0.013591127355591752, 0.027177830451488742, 0.06007226684439532, 0.014540984294480103], [0.7311828862215973, 0.14637036850895535, 0.013616941864157947, 0.027582094794289316, 0.06666695464067139, 0.014580753970328694], [0.3410437405590619, 0.1457438141751997, 0.013524215068027277, 0.03241990713121395, 0.4523693156561198, 0.01489900741037737], [0.35433033439004946, 0.1502199134579673, 0.013524215068027277, 0.03935859156001793, 0.4276679381135605, 0.01489900741037737], [0.6858191100624698, 0.19048808548557145, 0.013601335898025188, 0.02992871792990249, 0.06560603911078842, 0.014556711513242499], [0.40019768069037664, 0.44011881601712394, 0.01534410244647887, 0.03162053354330449, 0.0983078378180813, 0.014411029484634644], [0.3980851451724958, 0.49511015278250164, 0.013012708043212997, 0.026392941965288422, 0.053579853258039004, 0.01381919877846204], [0.5589966484319159, 0.3307096809139265, 0.01298630699703417, 0.031024028125161765, 0.052504810045648574, 0.013778525486313042], [0.09488874604107836, 0.31779892612879845, 0.013010437733758073, 0.030399869896544363, 0.5297721832362667, 0.014129836963553946], [0.5856439719123663, 0.3229557084124143, 0.012959392043763066, 0.02110713869819192, 0.04359672846126007, 0.013737060472004247], [0.6039707686143396, 0.30601931437922103, 0.013026555734718927, 0.023540291508958422, 0.03960253731447495, 0.013840532448286893], [0.601039642705893, 0.3084505559166251, 0.013003658227269529, 0.024145924245381672, 0.039554962218104874, 0.013805256686725593], [0.5269574965418443, 0.372465162632775, 0.013627639376889898, 0.026696829894449388, 0.04565563706026416, 0.014597234493777162], [0.09065056668350031, 0.13966524210417253, 0.01350222382617662, 0.03804182092661027, 0.7032579848693813, 0.014882161590158899], [0.07787277296912572, 0.06706355706950726, 0.016819783342675886, 0.2904171664677061, 0.5329109920808829, 0.014915728070101995], [0.9117206657496563, 0.023749902796882164, 0.012434848540424882, 0.013566928626012532, 0.024847503285954455, 0.013680151001069845], [0.7883304076986221, 0.07477052941252366, 0.050467778662257774, 0.03045166762355741, 0.04136346052158007, 0.014616156081458997], [0.7999566386921078, 0.10060916845647522, 0.013673061178467977, 0.025814090994558246, 0.04527982963167685, 0.014667211046713934], [0.7957161552857183, 0.10484965186286455, 0.013673061178467977, 0.025814090994558246, 0.04527982963167685, 0.014667211046713934], [0.5833737771468347, 0.31375718477303177, 0.013606390626624847, 0.026879097769651965, 0.047819050886289224, 0.014564498797567344], [0.08767250601345683, 0.09702096866570012, 0.030147055604042648, 0.04102148719752188, 0.729207725449635, 0.01493025706964344], [0.9118649601491492, 0.023821877417851314, 0.012319601336129884, 0.013470413112716538, 0.02493763908956731, 0.013585508894585567], [0.7568644587747793, 0.10308835629070165, 0.04492634740432764, 0.03539498649619509, 0.04523983703835027, 0.014486013995645943], [0.742842788725823, 0.14756192674481677, 0.013616941864157947, 0.02921331890327606, 0.05218426979159741, 0.014580753970328694], [0.7357786696924389, 0.1512391557559602, 0.013644243400474314, 0.030552830779035742, 0.05416228581995072, 0.014622814552140125], [0.723649863914579, 0.1556182959653779, 0.013611682145649753, 0.029842524988081716, 0.06270498210652163, 0.014572650879789924], [0.5202005383175234, 0.15539863606677376, 0.013638677225645181, 0.02823769256359185, 0.2679102164896198, 0.014614239336845844], [0.7076091652918909, 0.15784571648582935, 0.013601335898025188, 0.034049169180099564, 0.07233790163091244, 0.0145567115132425], [0.11438394151138023, 0.18671393817209633, 0.013425357075095982, 0.029414655229222625, 0.641238828202269, 0.014823279809935853], [0.7320094637680419, 0.14347281741663928, 0.013611682145649754, 0.03624188053664915, 0.06009150525323017, 0.014572650879789926], [0.7466350701582991, 0.13650741840351746, 0.013586149464062341, 0.0349588429925497, 0.05377920359669018, 0.014533315384881205], [0.7826923139603996, 0.11842529050944284, 0.013655569692235347, 0.026185851235745294, 0.044400710833416936, 0.014640263768759834], [0.7825940084421772, 0.11887379602682124, 0.013661332074831087, 0.02581112627949962, 0.04441059591611764, 0.014649141260553274], [0.7739141990039555, 0.1248328402137774, 0.013633079192192216, 0.02501434966049119, 0.04799991688923542, 0.014605615040348274], [0.7928545537921334, 0.10290385169044136, 0.013638581099286536, 0.025409312176586242, 0.05057960999639376, 0.014614091245158799], [0.07834479291242999, 0.09802800571229997, 0.04533592345452539, 0.05456074616244631, 0.707701264429749, 0.016029267328549472], [0.9016768770186335, 0.02791996149068323, 0.012591928364389233, 0.014125510144927536, 0.029406835196687367, 0.01427888778467909]], [[0.9117047011441647, 0.023741939588100686, 0.012447599389778794, 0.013577607017543859, 0.02483753073989321, 0.013690622120518688], [0.09290432005701704, 0.0632627290061864, 0.04597746238480499, 0.024754144367233076, 0.7582117970577315, 0.014889547127026927], [0.7562000908856393, 0.12914333727158694, 0.013558007613120326, 0.025692026009226696, 0.060898717309391615, 0.01450782091103487], [0.0997465158493499, 0.1119372169691809, 0.013586536051857286, 0.026569883435844807, 0.7332131009107536, 0.014946746783013443], [0.5325048621890776, 0.14872834864118475, 0.013616941864157947, 0.027582094794289316, 0.2629869985409616, 0.014580753970328694], [0.7121354896423457, 0.16587553793785537, 0.013581225030457396, 0.02980984428224895, 0.06407217427485482, 0.014525728832237588], [0.48708800596581947, 0.38643004267643855, 0.013606480475503427, 0.029582056063155726, 0.06872877760087619, 0.014564637218206545], [0.6778261870756779, 0.20019195203837237, 0.013633174230602403, 0.02955636939591233, 0.06418655580348655, 0.0146057614559485], [0.3998491050243787, 0.49301701232813205, 0.013012708043212999, 0.026981297321198076, 0.05332067850461611, 0.01381919877846204], [0.39757155775192937, 0.49345493708239385, 0.013012708043212997, 0.028618038600911486, 0.053523559743090074, 0.01381919877846204], [0.26478207176655744, 0.212588109897595, 0.01534410244647887, 0.22121666872373216, 0.2716580176810019, 0.014411029484634644], [0.09195558392573083, 0.32132827617050475, 0.013010437733758073, 0.029047090464068538, 0.5305287747423839, 0.014129836963553946], [0.2543794929313397, 0.15767152867845766, 0.013010437733758073, 0.02904709046406853, 0.531761613228822, 0.014129836963553946], [0.5815340728048284, 0.3210341397053381, 0.012969630622978904, 0.02501070665912345, 0.045698616242479194, 0.013752833965252042], [0.0970185493746966, 0.2963543626400467, 0.012988539005503626, 0.022984236629164725, 0.556542537636588, 0.014111774714000247], [0.5303813838332264, 0.36870633853305984, 0.01362226060817172, 0.027059272488137623, 0.0456417965421997, 0.014588947995204547], [0.7397790699247043, 0.15964358924991504, 0.013627639376889898, 0.026696829894449388, 0.045655637060264154, 0.01459723449377716], [0.7098479064314378, 0.1151728492068403, 0.0693602031844241, 0.03474337420824347, 0.0563369768512182, 0.014538690117835906], [0.9117527712839392, 0.023765917165209385, 0.012409206013192207, 0.013545453903973001, 0.024867558521245586, 0.013659093112440557], [0.7953810323952144, 0.07804541721117182, 0.04511208590237316, 0.03225520011426779, 0.03453683890829973, 0.014669425468672968], [0.8017864739530911, 0.09877933319549176, 0.013673061178467977, 0.025814090994558246, 0.04527982963167685, 0.014667211046713934], [0.7987775930551941, 0.10178821409338865, 0.013673061178467977, 0.025814090994558246, 0.04527982963167685, 0.014667211046713934], [0.7950384012597494, 0.10552740588883334, 0.013673061178467977, 0.025814090994558246, 0.04527982963167685, 0.014667211046713934], [0.786924387700784, 0.1102065742190824, 0.013606390626624847, 0.026879097769651965, 0.047819050886289224, 0.014564498797567344], [0.7731030813746529, 0.0901908579995801, 0.04700044851019981, 0.026173861571528595, 0.048944065410465, 0.014587685133573454], [0.0966462347194307, 0.11749212901203979, 0.013598574978579164, 0.027190354095904264, 0.7301167383035881, 0.01495596889045773], [0.09035446297101618, 0.12771971895468032, 0.013586536051857284, 0.0265698834358448, 0.7268226518035878, 0.01494674678301344], [0.7448627025677076, 0.14525491006030827, 0.013586149464062341, 0.03063655299742954, 0.05112636952561113, 0.014533315384881205], [0.11257126168383277, 0.368941014875836, 0.013546042920107974, 0.025278435453921298, 0.4647475169961998, 0.014915728070101995], [0.7208334206251822, 0.15237261831182047, 0.013606480475503427, 0.0299882054709653, 0.06863463789832203, 0.014564637218206545], [0.715267381834923, 0.1609154792452122, 0.013633174230602401, 0.032309851514972815, 0.06326835171834094, 0.0146057614559485], [0.7173043363911414, 0.1542730250734317, 0.013606480475503425, 0.032168646632536706, 0.06808287420918006, 0.014564637218206545], [0.7214709430166418, 0.15668828330964213, 0.013606480475503427, 0.033702507313352795, 0.05996714866665318, 0.014564637218206545], [0.10888873130764033, 0.1507694506551618, 0.013565009686856063, 0.033060904033238886, 0.6787856472474595, 0.01493025706964344], [0.7420673714458292, 0.1410751171159875, 0.013586149464062341, 0.0349588429925497, 0.05377920359669018, 0.014533315384881205], [0.7633529108181679, 0.13472045340211397, 0.01362226060817172, 0.025743348406834628, 0.0479720787695071, 0.014588947995204549], [0.09944588832092721, 0.1220745988293187, 0.01350222382617662, 0.0354691893476629, 0.7146259380857555, 0.014882161590158899], [0.7739141990039555, 0.1248328402137774, 0.013633079192192216, 0.02501434966049119, 0.04799991688923542, 0.014605615040348274], [0.7430725214720204, 0.11217853731294604, 0.04525834982553987, 0.037885621733184535, 0.04600188316255622, 0.015603086493752841], [0.9016768770186335, 0.02791996149068323, 0.012591928364389233, 0.014125510144927536, 0.029406835196687367, 0.01427888778467909]], [[0.9117206657496563, 0.023749902796882164, 0.012434848540424882, 0.013566928626012532, 0.024847503285954455, 0.013680151001069845], [0.7482986165070415, 0.10203417204669583, 0.0499034142132824, 0.04063218981459377, 0.044672873698306144, 0.014458733720080328], [0.7594711766915739, 0.13458892107208384, 0.013559048905645642, 0.027220782115279757, 0.050645919957506676, 0.014514151257910274], [0.10532783281195264, 0.13791578103699037, 0.013630436351694518, 0.04027609207196665, 0.6878694822587621, 0.014980375468633705], [0.720608310531902, 0.16209433586165445, 0.013568877819366445, 0.025102337839661044, 0.06411943115394647, 0.014506706793469652], [0.12421431143802215, 0.3653453033742468, 0.013552830903734938, 0.041220035507711736, 0.440746590947451, 0.014920927828833325], [0.4852998955161721, 0.3885727291869873, 0.013571533129088653, 0.029428922128856998, 0.06861612249131852, 0.014510797547576365], [0.2699572347947597, 0.31176867706529254, 0.016444718510971085, 0.045906553854609435, 0.34060333628145534, 0.015319479492911802], [0.5632959297394783, 0.3291400296006607, 0.013012708043212997, 0.026216571965870378, 0.05451556187231563, 0.01381919877846204], [0.7270424178927605, 0.1649266509007635, 0.013017271247831013, 0.02798866952436551, 0.05319876161036742, 0.013826228823912018], [0.5676939367459349, 0.31306805155376916, 0.01298630699703417, 0.033341572576738705, 0.05913160664020984, 0.01377852548631304], [0.5757043511303804, 0.1502502484305982, 0.012965590792471397, 0.19692067377767283, 0.050412525642084226, 0.013746610226792917], [0.10466840692564484, 0.29983133381977317, 0.013010437733758073, 0.022598941461107976, 0.5457610430961619, 0.014129836963553946], [0.5941760738418936, 0.31154178754879247, 0.012999247807660385, 0.02404354441008932, 0.043440884370627354, 0.013798462020936696], [0.4417102494668479, 0.4677799491556704, 0.013003658227269529, 0.02414592424538168, 0.039554962218104874, 0.013805256686725593], [0.7305429593503975, 0.16887969982422185, 0.013627639376889898, 0.026696829894449388, 0.045655637060264154, 0.01459723449377716], [0.7491528749806231, 0.15027926994398408, 0.013601247032560247, 0.027788024956937864, 0.04462200847825028, 0.0145565746076444], [0.06190872788983229, 0.06039709492851253, 0.03699345370922919, 0.07018649850986333, 0.7556415946770657, 0.014872630285496787], [0.911803412173108, 0.023791177042351307, 0.012368759392116022, 0.0135115812697678, 0.0248991921623081, 0.013625877960348684], [0.8123729382468, 0.07167345251682726, 0.033548149975599705, 0.028951218420903944, 0.03878481537119609, 0.014669425468672968], [0.8017864739530911, 0.09877933319549176, 0.013673061178467977, 0.025814090994558246, 0.04527982963167685, 0.014667211046713934], [0.8017864739530911, 0.09877933319549176, 0.013673061178467977, 0.025814090994558246, 0.04527982963167685, 0.014667211046713934], [0.7894393270595619, 0.1076916348603045, 0.013606390626624847, 0.026879097769651965, 0.047819050886289224, 0.014564498797567344], [0.09695329330834696, 0.12156932845722908, 0.013552830903734938, 0.02459630703431131, 0.7284073124675444, 0.014920927828833325], [0.769458116576024, 0.11990490831193686, 0.013583407580019803, 0.025664669374403974, 0.05685980690271526, 0.014529091254899935], [0.08981865123691013, 0.12366659521886696, 0.013630436351694518, 0.02651574015131783, 0.7313882015725768, 0.014980375468633705], [0.7432364422754102, 0.1411001954794332, 0.013573669491691876, 0.029465097071478263, 0.05811050686709788, 0.014514088814888597], [0.7294455676472675, 0.15496848934182195, 0.013570553274438062, 0.031463151964626304, 0.05603544845573442, 0.014516789316111474], [0.09736022592541968, 0.16327633504479372, 0.01363043635169452, 0.03296983220724055, 0.6777827950022178, 0.014980375468633707], [0.7234675619040947, 0.15594781058661222, 0.01357153312908