{"round_id": "cc5442dd-bc5d-418b-911b-7eb960cb0390", "seed_index": 2, "prediction": [[[0.9117206657496563, 0.023749902796882164, 0.012434848540424882, 0.013566928626012532, 0.024847503285954455, 0.013680151001069845], [0.9117047011441647, 0.023741939588100686, 0.012447599389778794, 0.013577607017543859, 0.02483753073989321, 0.013690622120518688], [0.9117206657496563, 0.023749902796882164, 0.012434848540424882, 0.013566928626012532, 0.024847503285954455, 0.013680151001069845], [0.9117206657496563, 0.023749902796882164, 0.012434848540424882, 0.013566928626012532, 0.024847503285954455, 0.013680151001069845], [0.9117206657496563, 0.023749902796882164, 0.012434848540424882, 0.013566928626012532, 0.024847503285954455, 0.013680151001069845], [0.9117206657496563, 0.023749902796882164, 0.012434848540424882, 0.013566928626012532, 0.024847503285954455, 0.013680151001069845], [0.9117206657496563, 0.023749902796882164, 0.012434848540424882, 0.013566928626012532, 0.024847503285954455, 0.013680151001069845], [0.9117206657496563, 0.023749902796882164, 0.012434848540424882, 0.013566928626012532, 0.024847503285954455, 0.013680151001069845], [0.9117206657496563, 0.023749902796882164, 0.012434848540424882, 0.013566928626012532, 0.024847503285954455, 0.013680151001069845], [0.9117047011441647, 0.023741939588100686, 0.012447599389778794, 0.013577607017543859, 0.02483753073989321, 0.013690622120518688], [0.9117047011441647, 0.023741939588100686, 0.012447599389778794, 0.013577607017543859, 0.02483753073989321, 0.013690622120518688], [0.9117047011441647, 0.023741939588100686, 0.012447599389778794, 0.013577607017543859, 0.02483753073989321, 0.013690622120518688], [0.9117047011441647, 0.023741939588100686, 0.012447599389778794, 0.013577607017543859, 0.02483753073989321, 0.013690622120518688], [0.9117206657496563, 0.023749902796882164, 0.012434848540424882, 0.013566928626012532, 0.024847503285954455, 0.013680151001069845], [0.9117993393476752, 0.02378914550080962, 0.012372012337111573, 0.013514305497725344, 0.024896648006785406, 0.01362854930989282], [0.9017327614515169, 0.027560105889351573, 0.012879479278207416, 0.014348287527265514, 0.028984178861788612, 0.014495186991869918], [0.9118320278616205, 0.02380545066171349, 0.01234590418698243, 0.013492440832752882, 0.024917067409643216, 0.01360710904728736], [0.9117527712839392, 0.023765917165209385, 0.012409206013192207, 0.013545453903973001, 0.024867558521245586, 0.013659093112440557], [0.9117206657496563, 0.023749902796882164, 0.012434848540424882, 0.013566928626012532, 0.024847503285954455, 0.013680151001069845], [0.9117206657496563, 0.023749902796882164, 0.012434848540424882, 0.013566928626012532, 0.024847503285954455, 0.013680151001069845], [0.9117206657496563, 0.023749902796882164, 0.012434848540424882, 0.013566928626012532, 0.024847503285954455, 0.013680151001069845], [0.9117206657496563, 0.023749902796882164, 0.012434848540424882, 0.013566928626012532, 0.024847503285954455, 0.013680151001069845], [0.9117206657496563, 0.023749902796882164, 0.012434848540424882, 0.013566928626012532, 0.024847503285954455, 0.013680151001069845], [0.9117206657496563, 0.023749902796882164, 0.012434848540424882, 0.013566928626012532, 0.024847503285954455, 0.013680151001069845], [0.9117206657496563, 0.023749902796882164, 0.012434848540424882, 0.013566928626012532, 0.024847503285954455, 0.013680151001069845], [0.9117206657496563, 0.023749902796882164, 0.012434848540424882, 0.013566928626012532, 0.024847503285954455, 0.013680151001069845], [0.9117206657496563, 0.023749902796882164, 0.012434848540424882, 0.013566928626012532, 0.024847503285954455, 0.013680151001069845], [0.9092943793271575, 0.024621422720624085, 0.012589178287014464, 0.01379301381439948, 0.025788593206565895, 0.013913412644238583], [0.9117206657496563, 0.023749902796882164, 0.012434848540424882, 0.013566928626012532, 0.024847503285954455, 0.013680151001069845], [0.9117527712839392, 0.023765917165209385, 0.012409206013192207, 0.013545453903973001, 0.024867558521245586, 0.013659093112440557], [0.9118649601491492, 0.023821877417851314, 0.012319601336129884, 0.013470413112716538, 0.02493763908956731, 0.013585508894585567], [0.901705422060164, 0.027736151929504703, 0.012738805631520307, 0.014239301934569026, 0.029190947837536715, 0.014389370606705153], [0.9017018720292505, 0.02775901157830591, 0.01272053910217347, 0.014225150111720496, 0.029217796871826116, 0.014375630306723543], [0.901705422060164, 0.027736151929504703, 0.012738805631520307, 0.014239301934569026, 0.029190947837536715, 0.014389370606705153], [0.9016890904615386, 0.02784131569230769, 0.012654772102564103, 0.014174197743589743, 0.02931446441025641, 0.014326159589743589], [0.9016768770186335, 0.02791996149068323, 0.012591928364389233, 0.014125510144927536, 0.029406835196687367, 0.01427888778467909], [0.9016768770186335, 0.02791996149068323, 0.012591928364389233, 0.014125510144927536, 0.029406835196687367, 0.01427888778467909], [0.9016768770186335, 0.02791996149068323, 0.012591928364389233, 0.014125510144927536, 0.029406835196687367, 0.01427888778467909], [0.9016890904615386, 0.02784131569230769, 0.012654772102564103, 0.014174197743589743, 0.02931446441025641, 0.014326159589743589], [0.901705422060164, 0.027736151929504703, 0.012738805631520307, 0.014239301934569026, 0.029190947837536715, 0.014389370606705153]], [[0.9117047011441647, 0.023741939588100686, 0.012447599389778794, 0.013577607017543859, 0.02483753073989321, 0.013690622120518688], [0.8117676232848745, 0.07249530447530897, 0.027563071848692812, 0.024109009133718554, 0.049426080110173146, 0.014638911147231757], [0.792561648991063, 0.08005062558315879, 0.03987131729138298, 0.02776139352419312, 0.04514543878300037, 0.014609575827201775], [0.7904315055984852, 0.081189126452065, 0.04058741349108686, 0.02809658989348888, 0.0451140120919908, 0.014581352472882978], [0.7904825045557038, 0.0821297700185179, 0.03987131729138297, 0.02776139352419312, 0.04514543878300036, 0.014609575827201774], [0.7947757174332893, 0.07886726916965352, 0.039127007775466266, 0.0274129908270824, 0.04517810364727678, 0.014638911147231757], [0.7857231567012294, 0.07665742087734326, 0.04517792615142783, 0.025935846134927214, 0.05194537231608141, 0.014560277818990951], [0.7879581502915902, 0.08118912645206501, 0.04058741349108686, 0.02809658989348888, 0.04758736739888589, 0.014581352472882978], [0.7924568736673359, 0.06824619403769917, 0.032001696261076566, 0.025793988266616517, 0.0668916719400701, 0.014609575827201775], [0.5761387163901303, 0.06422647294460819, 0.03023232483584439, 0.022439227722447323, 0.2924218811097287, 0.014541376997241087], [0.9117047011441647, 0.023741939588100686, 0.012447599389778794, 0.013577607017543859, 0.02483753073989321, 0.013690622120518688], [0.9086788997530864, 0.024827722469135803, 0.012640989958847736, 0.013860282139917695, 0.026009878847736624, 0.013982226831275719], [0.09047448544046983, 0.0791536586636442, 0.08665551456915796, 0.019446013223927895, 0.7085356421055758, 0.015734685997224173], [0.6855711027735008, 0.10008609874132031, 0.13522914954296245, 0.018879633566065708, 0.045603595004900216, 0.014630420371250657], [0.07840708368744716, 0.12495479700836484, 0.07516077948849696, 0.018029553883882474, 0.6885730341047398, 0.01487475182706872], [0.7240811443518474, 0.12226585898861606, 0.07109442581524011, 0.02209406643905966, 0.043638240316963214, 0.01682626408827339], [0.7732505097407079, 0.10464656718913169, 0.0494419761041024, 0.01927952646420429, 0.03894454703525032, 0.014436873466603425], [0.08655157199081857, 0.07975649723763749, 0.38516569620280383, 0.0341358216128925, 0.3989174525814843, 0.015472960374363263], [0.7819040594816072, 0.10825318913271698, 0.038706775162265394, 0.018334971236655777, 0.03834082929092562, 0.014460175695829134], [0.7617620104555193, 0.11195749206473493, 0.04750470469438305, 0.020688930463531208, 0.04360845898655511, 0.014478403335276332], [0.7775541347129492, 0.10546799083389709, 0.0379722771994368, 0.02030237649423238, 0.04424304506365543, 0.014460175695829134], [0.7957849179122655, 0.09115275533952129, 0.03985050953800833, 0.020347533803446123, 0.038380410140414746, 0.014483873266343978], [0.10774355571929684, 0.09219181109174926, 0.022101264190656448, 0.03705897879636374, 0.725990745417281, 0.014913644784652565], [0.09726482427533939, 0.32454379067525796, 0.02263828856018492, 0.035911276372566775, 0.5047022725882607, 0.014939547528390138], [0.7969967595683044, 0.08452950228640331, 0.04371659234340652, 0.021585937998342443, 0.03866278354252245, 0.014508424261020815], [0.827857582958564, 0.07155752749879989, 0.034752699559980345, 0.018580402793369935, 0.03353366078057163, 0.013718126408714077], [0.3075003451991518, 0.0699751371074824, 0.037942417289368036, 0.03609312918692981, 0.534359134253514, 0.014129836963553946], [0.8160904218801571, 0.07939545893161025, 0.03369432869390719, 0.018776906958972564, 0.03836338681203096, 0.01367949672332192], [0.8164422469721574, 0.07861563405451784, 0.033195227962341325, 0.018542957358594972, 0.03950545779076154, 0.013698475861626815], [0.8250614244164114, 0.07451290842556861, 0.03499578788176219, 0.018654744286937863, 0.03302041937963528, 0.013754715609684767], [0.8157422538708399, 0.07647172222289889, 0.044723134556205274, 0.02113663980501502, 0.028149824044540105, 0.013776425500500657], [0.788603385414567, 0.08926992938254719, 0.03526105411438424, 0.03249662590033017, 0.03978765271528817, 0.014581352472882978], [0.8057835988230797, 0.06646184037406394, 0.022995007141546772, 0.05192830547146498, 0.03824038065828649, 0.014590867531557949], [0.9118361310104529, 0.02380749732868757, 0.012342627022841657, 0.013489696322106077, 0.024919630507162213, 0.013604417808749516], [0.7956095768684124, 0.08830004229880535, 0.022981021987906896, 0.034432727148479565, 0.044067055869194106, 0.014609575827201775], [0.5601699488247874, 0.29729270813475084, 0.040545874026645695, 0.040882678689052, 0.04657491469780926, 0.014533875626954587], [0.10829754558399364, 0.3064020720142904, 0.02212022043059088, 0.04988725493086713, 0.49841074545009884, 0.014882161590158899], [0.7753091256502805, 0.09263084266140656, 0.058848214478107945, 0.020347533803446123, 0.038380410140414746, 0.014483873266343978], [0.7987590528797107, 0.07925417652444179, 0.0511705957634329, 0.020126245256848772, 0.03613575053949279, 0.014554179036072874], [0.9118649601491492, 0.023821877417851314, 0.012319601336129884, 0.013470413112716538, 0.02493763908956731, 0.013585508894585567]], [[0.9117206657496563, 0.023749902796882164, 0.012434848540424882, 0.013566928626012532, 0.024847503285954455, 0.013680151001069845], [0.792561648991063, 0.08005062558315879, 0.03987131729138298, 0.02776139352419312, 0.04514543878300037, 0.014609575827201775], [0.7723510478430039, 0.12284302141481458, 0.013655569692235347, 0.026730185055115374, 0.049779912226070894, 0.014640263768759834], [0.7588301307324775, 0.13322340294451618, 0.013649873849420766, 0.02833380713117463, 0.051331296554659914, 0.014631488787751015], [0.7677404243775698, 0.12745364488024868, 0.013655569692235347, 0.026730185055115374, 0.049779912226070894, 0.014640263768759834], [0.7593215513781543, 0.13316321443843673, 0.013627639376889898, 0.025925239632516466, 0.053365120680225524, 0.01459723449377716], [0.11310406319840698, 0.10236874890599833, 0.01350911375161333, 0.023009719503521944, 0.7331209152016909, 0.014887439438768527], [0.7595139780764275, 0.13029845007573193, 0.01358614946406234, 0.02786301339062413, 0.05420509360827285, 0.014533315384881203], [0.7585467244504515, 0.1369987598932955, 0.01362226060817172, 0.021728984957471484, 0.054514322095405264, 0.014588947995204549], [0.06176968064907115, 0.058220468917064123, 0.06216363088556971, 0.027404112767074086, 0.7755546673424524, 0.014887439438768527], [0.9051339260053618, 0.026099805898123322, 0.012867562823949956, 0.014191459159964254, 0.027383380518319927, 0.014323865594280605], [0.9117047011441647, 0.023741939588100686, 0.012447599389778794, 0.013577607017543859, 0.02483753073989321, 0.013690622120518688], [0.9117047011441647, 0.023741939588100686, 0.012447599389778794, 0.013577607017543859, 0.02483753073989321, 0.013690622120518688], [0.9117206657496563, 0.023749902796882164, 0.012434848540424882, 0.013566928626012532, 0.024847503285954455, 0.013680151001069845], [0.9117709347475212, 0.02377497717316117, 0.012394698947044808, 0.013533304742141265, 0.024878904619168397, 0.013647179770963032], [0.9017327614515169, 0.027560105889351573, 0.012879479278207416, 0.014348287527265514, 0.028984178861788612, 0.014495186991869918], [0.7079270953730445, 0.10986995723949694, 0.11875000259899267, 0.018040370048058457, 0.030937717754179944, 0.01447485698622723], [0.10274523981306709, 0.20902334722394098, 0.02476353368277639, 0.027611047418725047, 0.6208865931463691, 0.0149702387151214], [0.6923558211733001, 0.19578938189562564, 0.013571533129088653, 0.027271889249147405, 0.056500577005261766, 0.014510797547576365], [0.3065035903388557, 0.4662680766418808, 0.016444718510971085, 0.04486923611646591, 0.1505948988989146, 0.015319479492911802], [0.10361114984547687, 0.37343349539092213, 0.013425357075095982, 0.02651000353535287, 0.4681967143432163, 0.014823279809935853], [0.5226568275773261, 0.36236297312413035, 0.013606480475503427, 0.02827327808784985, 0.05853580351698368, 0.014564637218206545], [0.7176452733679228, 0.15914235488670483, 0.013581225030457396, 0.031738277885783726, 0.06336713999689358, 0.014525728832237588], [0.10445533486576565, 0.3810749765640334, 0.01354332331170849, 0.026504577697657898, 0.4595081427761819, 0.014913644784652565], [0.52768282816892, 0.3539561373665468, 0.013611682145649753, 0.03013973448262975, 0.06003696695646374, 0.014572650879789924], [0.7672578597857517, 0.1305669085378469, 0.012990572993918401, 0.02515260441060794, 0.050246956616550036, 0.013785097655324971], [0.09365268423647052, 0.12919256453574504, 0.013010437733758073, 0.024232815596579332, 0.7257816609338931, 0.014129836963553946], [0.6039177637193709, 0.2593694994482201, 0.01534410244647887, 0.030754827459382086, 0.07620277744191331, 0.014411029484634644], [0.08879995386970911, 0.3000041246514853, 0.013010437733758073, 0.023488086322426778, 0.5605675604590667, 0.014129836963553946], [0.7656665020528488, 0.12777160268397664, 0.012965590792471397, 0.02646923312705598, 0.05338046111685411, 0.013746610226792915], [0.6060469975463739, 0.2856953520627007, 0.012994886333299701, 0.030284449139993758, 0.05118657215773026, 0.013791742759901702], [0.8024352376686019, 0.08643817122639723, 0.04031041627258622, 0.020126245256848772, 0.03613575053949279, 0.014554179036072874], [0.9117749813148788, 0.023776995617070355, 0.012391466974240676, 0.013530598077662437, 0.024881432372164548, 0.013644525643983083], [0.9117851140877599, 0.02378204988452656, 0.012383373979984603, 0.013523820477290224, 0.024887761970746727, 0.01363787959969207], [0.7703477074524085, 0.09594425445468738, 0.03526105411438423, 0.04407797879034849, 0.03978765271528817, 0.014581352472882976], [0.5216227828301465, 0.15225532905815728, 0.013616941864157947, 0.24048730428749185, 0.057436887989717564, 0.014580753970328694], [0.3318230858575946, 0.1511060691581708, 0.01350222382617662, 0.031947427838680896, 0.45673903172921804, 0.014882161590158899], [0.7095045086379783, 0.1642958213143353, 0.020790475177458856, 0.034077469298078936, 0.056767088353942015, 0.014564637218206545], [0.5672969525549489, 0.09799381985379434, 0.26198257683933945, 0.020437185902096693, 0.03776146684912538, 0.014527998000695359], [0.9117527712839392, 0.023765917165209385, 0.012409206013192207, 0.013545453903973001, 0.024867558521245586, 0.013659093112440557]], [[0.9117206657496563, 0.023749902796882164, 0.012434848540424882, 0.013566928626012532, 0.024847503285954455, 0.013680151001069845], [0.817682292118668, 0.06903159062533663, 0.035363756538149826, 0.025006090670691917, 0.03911731173472482, 0.013798958312428578], [0.7919112786933145, 0.11174601583580544, 0.013026555734718927, 0.025202796425660933, 0.04427282086221324, 0.013840532448286893], [0.7717673299337874, 0.1270164850320613, 0.012994886333299701, 0.025347664199776077, 0.0490818917411738, 0.013791742759901702], [0.627748985216236, 0.27590830931288396, 0.013026555734718927, 0.025202796425660933, 0.04427282086221324, 0.013840532448286893], [0.7974950173910084, 0.10794357758813819, 0.01303127885295417, 0.02387303770224937, 0.043809279609960956, 0.013847808855688896], [0.7876299728422803, 0.113933999292059, 0.01297371407171773, 0.024812403893174094, 0.04689078499907425, 0.013759124901694661], [0.08586466451400555, 0.12173841975339196, 0.01298609654417239, 0.026831321438799516, 0.7384697375976441, 0.014109760151986533], [0.7808422138705212, 0.11999099742104695, 0.012999247807660385, 0.023632226854948153, 0.048736852024886465, 0.013798462020936698], [0.5996642069701321, 0.31192604174152583, 0.012973714071717728, 0.017871113453065746, 0.043805798861863914, 0.01375912490169466], [0.07091917946311521, 0.2565621504536927, 0.29317638404059626, 0.016684807585656623, 0.34852764149338533, 0.014129836963553946], [0.916191827070707, 0.02213177292929293, 0.012160809966329966, 0.01315841265993266, 0.023098991784511785, 0.013258185589225589], [0.052204977832642226, 0.10932981396016629, 0.08711914459411131, 0.016684807585656623, 0.7205314190638695, 0.014129836963553946], [0.11849777604484983, 0.03764204057255159, 0.7568961731927093, 0.01739736031566498, 0.054668632734761455, 0.014898017139462698], [0.052204977832642226, 0.286020925319321, 0.02823318261918853, 0.016684807585656623, 0.6027262696796378, 0.014129836963553946], [0.908748448887778, 0.024894195451137212, 0.012558212780138299, 0.013792437557277347, 0.026090829625926848, 0.01391587569774223], [0.5016528110148438, 0.11527961649128628, 0.3196242440803029, 0.018042859073142105, 0.030916596074080767, 0.014483873266343978], [0.40183019491887206, 0.28055796503818303, 0.01685158924457088, 0.018054150017581778, 0.26775013189033436, 0.014955968890457732], [0.10893676611599327, 0.42522322078838926, 0.01354332331170849, 0.02424301064540799, 0.4131400343538483, 0.014913644784652565], [0.4807273193458759, 0.40178294874590403, 0.013601335898025188, 0.02967914765285099, 0.0596525368441013, 0.014556711513242499], [0.4949825635322634, 0.3903555089430897, 0.013606480475503427, 0.02580989756758928, 0.060680912263347674, 0.014564637218206545], [0.7126675151594504, 0.16982398859156925, 0.013611682145649754, 0.03013973448262975, 0.05918442874091103, 0.014572650879789924], [0.7312682670957827, 0.14773729588581605, 0.013616941864157947, 0.029510528397824094, 0.06328621278609035, 0.014580753970328694], [0.5434613451053452, 0.13756067883064593, 0.01362226060817172, 0.031246842128002106, 0.2595199253326304, 0.014588947995204549], [0.742338027331865, 0.14322544288764366, 0.013649873849420766, 0.029965031240161373, 0.05619013590315823, 0.014631488787751015], [0.7640944257971934, 0.131158561730313, 0.013021886842518548, 0.02696159565992188, 0.05093019038886651, 0.013833339581186401], [0.5940515782490209, 0.3015304795678083, 0.01295546055442794, 0.02130297154048432, 0.05642850644495806, 0.013731003643300373], [0.0888539729799064, 0.30149157284781336, 0.013010437733758073, 0.02383674049958466, 0.5586774389753835, 0.014129836963553946], [0.6039527439055394, 0.13001433386819694, 0.01295546055442794, 0.02256204063301697, 0.21678441739551826, 0.013731003643300373], [0.267663141724742, 0.13008810528810494, 0.013010437733758073, 0.021576453355365205, 0.5535320249344758, 0.014129836963553946], [0.07301518542192657, 0.07063602615959995, 0.017325795510583684, 0.04151034718803456, 0.7833828087563013, 0.014129836963553946], [0.9118258802784223, 0.023802384222737817, 0.012350814230471772, 0.0134965528228925, 0.024913227223511213, 0.013611141221964423], [0.09118728356192227, 0.061765565230986544, 0.013555541691447624, 0.038870710265303324, 0.7796978948929159, 0.014923004357424502], [0.5684175171845705, 0.08882407480435729, 0.040545874026645695, 0.23877964255232162, 0.048899015805150325, 0.014533875626954589], [0.7347766707268337, 0.139720480426473, 0.013649873849420768, 0.043352051028945675, 0.05386943518057583, 0.014631488787751015], [0.5017556274231364, 0.36644286217339944, 0.013644243400474314, 0.04261335001157169, 0.06092110243927805, 0.014622814552140125], [0.4978978809409852, 0.3817988810264703, 0.013606480475503427, 0.03536503198489225, 0.056767088353942015, 0.014564637218206545], [0.5108149565280112, 0.36999372863880187, 0.016832490628366212, 0.03306719949486362, 0.05468586325400857, 0.0146057614559485], [0.7225131111087728, 0.1308418087321643, 0.06810704368969588, 0.020399704852565148, 0.043635575640375006, 0.014502755976426697], [0.9117206657496563, 0.023749902796882164, 0.012434848540424882, 0.013566928626012532, 0.024847503285954455, 0.013680151001069845]], [[0.9117206657496563, 0.023749902796882164, 0.012434848540424882, 0.013566928626012532, 0.024847503285954455, 0.013680151001069845], [0.8223391171815813, 0.07172988737515573, 0.04286810609320718, 0.021136639805015022, 0.02814982404454011, 0.013776425500500657], [0.7720608322905327, 0.12672298267531604, 0.012994886333299701, 0.025347664199776077, 0.0490818917411738, 0.013791742759901702], [0.2792375589826738, 0.12408275449368507, 0.013010437733758073, 0.028640943164088176, 0.5408984686622409, 0.014129836963553946], [0.7672482795879758, 0.1272878265440107, 0.012969630622978904, 0.02667321157582596, 0.05206821770395665, 0.01375283396525204], [0.7863544489838264, 0.11399609876055813, 0.013026555734718928, 0.025202796425660933, 0.04757956764694865, 0.013840532448286895], [0.6097387629751724, 0.2862189719885874, 0.013021886842518548, 0.025936665396449524, 0.05125037321608571, 0.013833339581186403], [0.5783469649779054, 0.15176666959461332, 0.012990572993918401, 0.022773127031923593, 0.22033756774631427, 0.013785097655324971], [0.6096504458262506, 0.2867514531876139, 0.013021886842518548, 0.02474297958683995, 0.0519998949755905, 0.013833339581186401], [0.602994094731771, 0.2957214011308571, 0.012994886333299701, 0.0241539783901665, 0.050343896654003954, 0.013791742759901702], [0.3052946370217791, 0.20347075500717304, 0.023211357953401738, 0.016684807585656623, 0.4372086054684355, 0.014129836963553946], [0.06076262870696024, 0.06639353464008203, 0.3359787757791713, 0.017339361661752168, 0.5049914823791324, 0.014534216832901937], [0.07529990192395764, 0.6637325274009616, 0.016958025046926728, 0.017116956762911195, 0.21249577254242902, 0.014396816322814001], [0.1070022128556837, 0.4369656168990249, 0.01606132284893113, 0.016684807585656623, 0.40915620284714965, 0.014129836963553946], [0.5473890638440074, 0.3295070769198102, 0.05286695846638176, 0.017244692287456162, 0.03910436273338462, 0.013887845748959717], [0.9117527712839392, 0.023765917165209385, 0.012409206013192207, 0.013545453903973001, 0.024867558521245586, 0.013659093112440557], [0.7182986150610178, 0.1280843848575714, 0.09074986024889159, 0.018132511171792674, 0.030206630660031222, 0.014527998000695359], [0.4946548219644725, 0.3893566796214712, 0.017525023040206388, 0.027255420232656973, 0.05664341792298617, 0.014564637218206545], [0.6869527312074474, 0.19555753688433253, 0.013601335898025188, 0.02967914765285099, 0.0596525368441013, 0.014556711513242499], [0.4874919439209354, 0.3987737425176085, 0.013638677225645181, 0.027581972878730786, 0.0578994241202342, 0.014614239336845844], [0.49685750817067315, 0.38831159797214715, 0.013581225030457396, 0.029830815283125624, 0.056893124711359044, 0.014525728832237588], [0.10959355761612581, 0.1543460626627434, 0.013630436351694518, 0.027030732592210144, 0.6804188353085924, 0.014980375468633705], [0.08526066274960573, 0.37603258059850425, 0.013617203407547029, 0.020546121518936755, 0.48957319301028474, 0.014970238715121398], [0.0524615303482587, 0.024727929353233827, 0.012450251077943616, 0.013678642454394693, 0.02591890779436152, 0.8707627389718076], [0.5490466353209045, 0.3494587273824772, 0.013644243400474312, 0.025748303835301363, 0.04747927550870241, 0.014622814552140123], [0.7648118138296199, 0.13301295449397874, 0.012990572993918401, 0.025152604410607942, 0.05024695661655004, 0.013785097655324973], [0.08722614740558021, 0.13204067136181197, 0.013010437733758073, 0.02383674049958466, 0.7297561660357111, 0.014129836963553946], [0.7965727320300033, 0.11221257826471981, 0.012965590792471397, 0.02133864446534991, 0.04316384422066262, 0.013746610226792917], [0.8017918952198259, 0.10513952323249694, 0.013021886842518548, 0.023058840182213842, 0.04315451494175826, 0.013833339581186401], [0.8278866664029737, 0.06169399735883606, 0.03205603893203351, 0.01832945364222913, 0.04629535903002603, 0.01373848463390151], [0.9182446952561669, 0.021395118785578746, 0.012029603289057559, 0.012966630487033523, 0.02230360708412397, 0.013060345098039215], [0.069617469401861, 0.06380390123717984, 0.013630436351694518, 0.06121035842259513, 0.7767574591180358, 0.014980375468633705], [0.7574166840535855, 0.11908838695993496, 0.013578512469099427, 0.03449132639012648, 0.060903540250646614, 0.014521549876606907], [0.7410661650487536, 0.1300801231405796, 0.013649873849420766, 0.03970682601044089, 0.060865523163054276, 0.014631488787751015], [0.5199784841290453, 0.3507815359849952, 0.013644243400474312, 0.0374144699766059, 0.06355845195673898, 0.014622814552140123], [0.5002133617658983, 0.37468033583939464, 0.013606480475503425, 0.03560519250340784, 0.061329992197589035, 0.014564637218206545], [0.4984646503899751, 0.3826107698031457, 0.013633174230602403, 0.03267198968530463, 0.0580136544350236, 0.0146057614559485], [0.5022917751337266, 0.2554415898824469, 0.016444718510971085, 0.046717891531799186, 0.1637845454481442, 0.015319479492911802], [0.5255217573013065, 0.33041732264454876, 0.06528512726878215, 0.020688930463531208, 0.04360845898655511, 0.014478403335276332], [0.9117206657496563, 0.023749902796882164, 0.012434848540424882, 0.013566928626012532, 0.024847503285954455, 0.013680151001069845]], [[0.9117206657496563, 0.023749902796882164, 0.012434848540424882, 0.013566928626012532, 0.024847503285954455, 0.013680151001069845], [0.8125408846020964, 0.077758305924893, 0.044270930196752704, 0.018654744286937863, 0.03302041937963527, 0.013754715609684765], [0.5959467322796809, 0.30242449297431273, 0.013017271247831013, 0.02541431769694333, 0.04937095697732002, 0.013826228823912018], [0.7476398031783249, 0.14596626508183583, 0.012961593885031767, 0.026411182828739117, 0.053280702410715725, 0.013740452615352698], [0.11533984884578134, 0.28926569299610844, 0.013010437733758073, 0.02592994103864007, 0.542324242422158, 0.014129836963553946], [0.6060701727236257, 0.122753220291572, 0.012994886333299701, 0.02707001267578453, 0.21731996521581626, 0.013791742759901702], [0.754725560891796, 0.13801957561363634, 0.013017271247831013, 0.02541431769694333, 0.05499704572588131, 0.013826228823912018], [0.7485132628444335, 0.14051877248303948, 0.013012708043212999, 0.025711060688651387, 0.05842499716220044, 0.01381919877846204], [0.57123969088965, 0.15549185686877387, 0.013017271247831013, 0.023043911673924083, 0.2233810404959089, 0.013826228823912018], [0.5668884942522648, 0.3255708995685008, 0.013017271247831013, 0.02417743256634664, 0.056519673541144476, 0.013826228823912018], [0.5726513127756954, 0.3225260506942636, 0.012990572993918401, 0.026030922748629122, 0.05201604313216842, 0.013785097655324971], [0.5481690652077075, 0.32115954979421857, 0.01298630699703417, 0.04692908357100781, 0.05697746894371878, 0.01377852548631304], [0.5181930263999058, 0.3646018345924637, 0.015856617551297025, 0.03748479669497759, 0.04989152492293305, 0.013972199838422824], [0.12738714102049803, 0.6296025608830974, 0.01727971175160894, 0.016684807585656623, 0.1949159417955851, 0.014129836963553946], [0.06558258694080162, 0.10259405345187905, 0.2909896120708015, 0.016684807585656623, 0.5100191029873072, 0.014129836963553946], [0.9086788997530864, 0.024827722469135803, 0.012640989958847736, 0.013860282139917695, 0.026009878847736624, 0.013982226831275719], [0.7892068692074602, 0.11871039224567327, 0.028969159296900075, 0.018432299594988544, 0.03017852367855104, 0.014502755976426697], [0.5019888103203455, 0.3868750213727677, 0.013633174230602403, 0.02833503979728324, 0.054562192823052726, 0.0146057614559485], [0.5044709397370993, 0.2581790647037228, 0.016444718510971085, 0.04533508669361678, 0.16025071086167805, 0.015319479492911802], [0.6990407288060846, 0.18315126751179886, 0.013601335898025188, 0.03214252817311157, 0.057507428097737325, 0.014556711513242499], [0.10545516340910219, 0.14667637012108814, 0.013565009686856063, 0.02303740655359352, 0.6963357931597167, 0.01493025706964344], [0.12366865584934307, 0.1884762889316446, 0.013630436351694518, 0.02484737589066717, 0.6343968675080169, 0.014980375468633705], [0.10959355761612581, 0.15490918308078727, 0.013630436351694518, 0.027030732592210144, 0.6798557148905485, 0.014980375468633705], [0.7731863338572614, 0.12778719864291507, 0.012994886333299701, 0.022974324266589994, 0.04926551414003211, 0.013791742759901702], [0.04255054117647058, 0.021395118785578746, 0.012029603289057559, 0.012966630487033523, 0.02230360708412397, 0.8887544991777355], [0.8045532750743896, 0.11384234005232419, 0.012573253061220827, 0.020093610130636385, 0.03567541834877168, 0.013262103332657203], [0.3941830131983638, 0.4641506115826825, 0.014564573726571092, 0.027727380990428457, 0.08560681509125322, 0.013767605410700904], [0.03780248816855753, 0.019732945867098867, 0.0117335509454349, 0.012533896704484062, 0.020508915613182063, 0.8976882027012425], [0.03780248816855753, 0.019732945867098867, 0.0117335509454349, 0.012533896704484062, 0.020508915613182063, 0.8976882027012425], [0.922876749432739, 0.019732945867098867, 0.0117335509454349, 0.012533896704484062, 0.020508915613182063, 0.012613941437061047], [0.058949271859250064, 0.06179122493696788, 0.016257202972573097, 0.18475838397328545, 0.6647164866310306, 0.013527429626892917], [0.09309243951706785, 0.10584649926509315, 0.013010437733758073, 0.2102256590171399, 0.563695127503387, 0.014129836963553946], [0.08450349155695772, 0.11684383668290167, 0.013010437733758073, 0.20826817918240054, 0.563244217880428, 0.014129836963553946], [0.5990355751837813, 0.1196192531805568, 0.012994886333299701, 0.033158010083047966, 0.22140053245941255, 0.013791742759901702], [0.7542416329193309, 0.1354114468230998, 0.012990572993918401, 0.02823258525524426, 0.05533866435308165, 0.013785097655324973], [0.09851853001417084, 0.3258086682368151, 0.012988539005503626, 0.0238519463885779, 0.5247205416409322, 0.014111774714000245], [0.586240158537013, 0.302952343347029, 0.012990572993918401, 0.03092550411710277, 0.05310632334961187, 0.013785097655324971], [0.5856355333934941, 0.30393581768416034, 0.01513220333861605, 0.03024239338166701, 0.051275526715749475, 0.01377852548631304], [0.7229887427303684, 0.13110433905599062, 0.06736888174427408, 0.020399704852565148, 0.04363557564037501, 0.014502755976426699], [0.9117206657496563, 0.023749902796882164, 0.012434848540424882, 0.013566928626012532, 0.024847503285954455, 0.013680151001069845]], [[0.9117206657496563, 0.023749902796882164, 0.012434848540424882, 0.013566928626012532, 0.024847503285954455, 0.013680151001069845], [0.796495572631634, 0.08536797281556605, 0.04087483297537514, 0.018542957358594972, 0.04502018835720302, 0.013698475861626815], [0.7525339715759343, 0.14555993188853458, 0.013012708043212999, 0.025711060688651387, 0.04936312902520476, 0.01381919877846204], [0.4236956716506599, 0.3878454495097467, 0.01534410244647887, 0.0400609903172321, 0.11864275659124775, 0.014411029484634644], [0.27755777116258173, 0.12623458095410447, 0.013010437733758073, 0.029385672438240723, 0.539681700747761, 0.014129836963553946], [0.7449058423415138, 0.14875901753190454, 0.012965590792471397, 0.02455073512217103, 0.0550722039851463, 0.013746610226792917], [0.7478070503620778, 0.14323329364840207, 0.013012708043212997, 0.025383344015449727, 0.056744405152395136, 0.01381919877846204], [0.404357286867892, 0.24378108724078196, 0.01534410244647887, 0.038908798725307815, 0.2831976952349047, 0.014411029484634645], [0.4146074171563383, 0.311805158406951, 0.013012708043212997, 0.026516864907872285, 0.22023865270716328, 0.01381919877846204], [0.5664420684332541, 0.32529837271261247, 0.013012708043212997, 0.024474175558054694, 0.056953476474403644, 0.01381919877846204], [0.5717568241159127, 0.32607941682294367, 0.013012708043212997, 0.026009622798751776, 0.0493222294407168, 0.01381919877846204], [0.41067667739220065, 0.40221664481925384, 0.016270434126896535, 0.02960817525011128, 0.12681703892690294, 0.014411029484634644], [0.07827220472339852, 0.41292349898463326, 0.013010437733758073, 0.016684807585656623, 0.4649792140089996, 0.014129836963553946], [0.5608171264859404, 0.06706257224000732, 0.3119299037708614, 0.01727755943066068, 0.029010613244296483, 0.013902224828233854], [0.9182446952561669, 0.021395118785578746, 0.012029603289057559, 0.012966630487033523, 0.02230360708412397, 0.013060345098039215], [0.9117047011441647, 0.023741939588100686, 0.012447599389778794, 0.013577607017543859, 0.02483753073989321, 0.013690622120518688], [0.9117709347475212, 0.02377497717316117, 0.012394698947044808, 0.013533304742141265, 0.024878904619168397, 0.013647179770963032], [0.759459077212886, 0.13085531033145156, 0.039017197016602, 0.018432299594988544, 0.0377333598676452, 0.014502755976426699], [0.5053983599568938, 0.38189305873836077, 0.013601335898025188, 0.030065462619664307, 0.05448507127381354, 0.0145567115132425], [0.7136046162836729, 0.1752753797524305, 0.013638677225645181, 0.03044056320855034, 0.05242652419285522, 0.014614239336845844], [0.5245293010345505, 0.3601305329721117, 0.013611682145649754, 0.03013973448262975, 0.05701609848526843, 0.014572650879789924], [0.7355759746032929, 0.1498526028103987, 0.013616941864157947, 0.029510528397824094, 0.05686319835399763, 0.014580753970328694], [0.7631289355021116, 0.1296442259657109, 0.01362226060817172, 0.026287682226204707, 0.05272794770259648, 0.014588947995204547], [0.6250454818559191, 0.27735427372426175, 0.013026555734718927, 0.02655544336233495, 0.04417771287447835, 0.013840532448286893], [0.7839293352599774, 0.1273519095501558, 0.013021886842518548, 0.023058840182213845, 0.03880468858394794, 0.013833339581186403], [0.03780248816855753, 0.019732945867098867, 0.0117335509454349, 0.012533896704484062, 0.020508915613182063, 0.8976882027012425], [0.6761840784366057, 0.24221153669010814, 0.012573253061220827, 0.02009361013063639, 0.03567541834877168, 0.013262103332657203], [0.8590407989187888, 0.06081858684362942, 0.02111361501152145, 0.01736575530076332, 0.02847209585123133, 0.013189148074065586], [0.922876749432739, 0.019732945867098867, 0.0117335509454349, 0.012533896704484062, 0.020508915613182063, 0.012613941437061047], [0.8604261593741604, 0.05759666689946353, 0.021961186241685866, 0.0171720732208151, 0.029618344995213958, 0.013225569268661015], [0.6804020202197101, 0.23111223515141807, 0.012565523315674298, 0.022200551595960467, 0.040469474783842566, 0.01325019493339447], [0.7758417424747392, 0.11227974164315005, 0.012973714071717728, 0.03407097229515802, 0.05107470461354024, 0.013759124901694661], [0.599773321652279, 0.11590515068478152, 0.012994886333299701, 0.1986483851265825, 0.058886513443155555, 0.013791742759901703], [0.5933580415897814, 0.13033078916191362, 0.012990572993918401, 0.03115082319149675, 0.2183846754075647, 0.013785097655324973], [0.7591268778366168, 0.12980595908578232, 0.013012708043212999, 0.029953770617108147, 0.054281485638817684, 0.01381919877846204], [0.4381122685481312, 0.1856374257121117, 0.01534410244647887, 0.05067046415870002, 0.2958247096499437, 0.014411029484634645], [0.7476051563034467, 0.1364131405678286, 0.013963951511060977, 0.03360304639863417, 0.05463617973271663, 0.013778525486313042], [0.2781697398675296, 0.151916618503682, 0.013010437733758073, 0.024232815596579332, 0.5185405513348971, 0.014129836963553946], [0.49688800823253354, 0.08455414755978279, 0.35280984106381286, 0.020347533803446123, 0.030916596074080767, 0.01448387326634398], [0.9117206657496563, 0.023749902796882164, 0.012434848540424882, 0.013566928626012532, 0.024847503285954455, 0.013680151001069845]], [[0.9117206657496563, 0.023749902796882164, 0.012434848540424882, 0.013566928626012532, 0.024847503285954455, 0.013680151001069845], [0.08871290462458689, 0.06657319672675154, 0.017325795510583684, 0.018842486474069428, 0.7944157797004545, 0.014129836963553946], [0.5804282935128706, 0.31261701500952893, 0.014702462693254521, 0.026132445098189218, 0.05237317345936367, 0.013746610226792915], [0.5845040608427671, 0.31358984262170164, 0.013012708043212997, 0.025711060688651387, 0.049363129025204754, 0.01381919877846204], [0.5809962230550314, 0.3137859573681512, 0.012965590792471397, 0.026132445098189218, 0.05237317345936367, 0.013746610226792915], [0.09964119014705437, 0.12269405944973115, 0.013010437733758073, 0.03043307360484026, 0.7200914021010622, 0.014129836963553946], [0.5887096756849273, 0.30208045111805876, 0.012990572993918401, 0.026538164857749638, 0.055896037690020835, 0.013785097655324971], [0.746341471150412, 0.14236971056688938, 0.01298630699703417, 0.026825624508163934, 0.05769836129118735, 0.01377852548631304], [0.7437200884461947, 0.14747626563789182, 0.013012708043212997, 0.025383344015449723, 0.05658839507878841, 0.01381919877846204], [0.4164117316687439, 0.4248051140934825, 0.01534410244647887, 0.030754827459382086, 0.09827319484727788, 0.014411029484634644], [0.7396784878710821, 0.15606532077428387, 0.01298630699703417, 0.026318382399043425, 0.05117297647224339, 0.01377852548631304], [0.08794540125537717, 0.3534984754258095, 0.013010437733758073, 0.021750884407681484, 0.5096649642138198, 0.014129836963553946], [0.5722999973885614, 0.3264888156612967, 0.014848068720865082, 0.02404349301305052, 0.04857301498943333, 0.013746610226792917], [0.5820319763787755, 0.30920301822160967, 0.016297763080634183, 0.027520975871534556, 0.051154523687544515, 0.013791742759901703], [0.6342482743156331, 0.2631898111699212, 0.03745572458183171, 0.019225552789563675, 0.032104211642549486, 0.013776425500500657], [0.5366136363481215, 0.08831559093068199, 0.05848860997574433, 0.01896753264478166, 0.2830807544737157, 0.014533875626954589], [0.7650141622468388, 0.119164963991456, 0.04050906216267376, 0.021125552219908597, 0.03963208034304977, 0.014554179036072874], [0.5099338763233725, 0.37568734282819327, 0.013581225030457398, 0.02839936603770149, 0.05787246094803778, 0.01452572883223759], [0.10727627171939284, 0.17400975391439624, 0.01348978126040906, 0.026433336830564723, 0.6639182259897403, 0.014872630285496787], [0.709691047726026, 0.17726136394331363, 0.013611682145649753, 0.02896872346182259, 0.055894531843398085, 0.014572650879789924], [0.7426944196646728, 0.1444116442341533, 0.013649873849420766, 0.029965031240161373, 0.054647542223840766, 0.014631488787751015], [0.7698234555168694, 0.12029680286105326, 0.013655569692235348, 0.02673018505511538, 0.05485372310596688, 0.014640263768759836], [0.778443900062183, 0.11527382124637524, 0.013661332074831086, 0.0263554600988697, 0.051616345257187696, 0.014649141260553274], [0.8064816958782279, 0.10029668087793218, 0.01303127885295417, 0.02387303770224937, 0.042469497832947366, 0.013847808855688896], [0.7863997604281013, 0.11470227042951309, 0.013026555734718927, 0.027853168084901493, 0.04417771287447835, 0.013840532448286893], [0.817422680723783, 0.09878869100621042, 0.012581092975700607, 0.022839879568614125, 0.03509347426817924, 0.013274181457512534], [0.8301319437630319, 0.07452539556901568, 0.030031668535654747, 0.018298916092520753, 0.03382292796571131, 0.013189148074065586], [0.922876749432739, 0.019732945867098867, 0.0117335509454349, 0.012533896704484062, 0.020508915613182063, 0.012613941437061047], [0.846053729752714, 0.05537546438052249, 0.028838788520553736, 0.017114460