{"round_id": "cc5442dd-bc5d-418b-911b-7eb960cb0390", "seed_index": 0, "prediction": [[[0.9016768770186335, 0.02791996149068323, 0.012591928364389233, 0.014125510144927536, 0.029406835196687367, 0.01427888778467909], [0.9016768770186335, 0.02791996149068323, 0.012591928364389233, 0.014125510144927536, 0.029406835196687367, 0.01427888778467909], [0.9016768770186335, 0.02791996149068323, 0.012591928364389233, 0.014125510144927536, 0.029406835196687367, 0.01427888778467909], [0.9016768770186335, 0.02791996149068323, 0.012591928364389233, 0.014125510144927536, 0.029406835196687367, 0.01427888778467909], [0.9016768770186335, 0.02791996149068323, 0.012591928364389233, 0.014125510144927536, 0.029406835196687367, 0.01427888778467909], [0.9016768770186335, 0.02791996149068323, 0.012591928364389233, 0.014125510144927536, 0.029406835196687367, 0.01427888778467909], [0.9016768770186335, 0.02791996149068323, 0.012591928364389233, 0.014125510144927536, 0.029406835196687367, 0.01427888778467909], [0.9016768770186335, 0.02791996149068323, 0.012591928364389233, 0.014125510144927536, 0.029406835196687367, 0.01427888778467909], [0.9016768770186335, 0.02791996149068323, 0.012591928364389233, 0.014125510144927536, 0.029406835196687367, 0.01427888778467909], [0.9016768770186335, 0.02791996149068323, 0.012591928364389233, 0.014125510144927536, 0.029406835196687367, 0.01427888778467909], [0.9016768770186335, 0.02791996149068323, 0.012591928364389233, 0.014125510144927536, 0.029406835196687367, 0.01427888778467909], [0.9016768770186335, 0.02791996149068323, 0.012591928364389233, 0.014125510144927536, 0.029406835196687367, 0.01427888778467909], [0.9016768770186335, 0.02791996149068323, 0.012591928364389233, 0.014125510144927536, 0.029406835196687367, 0.01427888778467909], [0.9016768770186335, 0.02791996149068323, 0.012591928364389233, 0.014125510144927536, 0.029406835196687367, 0.01427888778467909], [0.9016768770186335, 0.02791996149068323, 0.012591928364389233, 0.014125510144927536, 0.029406835196687367, 0.01427888778467909], [0.9016768770186335, 0.02791996149068323, 0.012591928364389233, 0.014125510144927536, 0.029406835196687367, 0.01427888778467909], [0.9016768770186335, 0.02791996149068323, 0.012591928364389233, 0.014125510144927536, 0.029406835196687367, 0.01427888778467909], [0.9016768770186335, 0.02791996149068323, 0.012591928364389233, 0.014125510144927536, 0.029406835196687367, 0.01427888778467909], [0.9016768770186335, 0.02791996149068323, 0.012591928364389233, 0.014125510144927536, 0.029406835196687367, 0.01427888778467909], [0.9016768770186335, 0.02791996149068323, 0.012591928364389233, 0.014125510144927536, 0.029406835196687367, 0.01427888778467909], [0.9016768770186335, 0.02791996149068323, 0.012591928364389233, 0.014125510144927536, 0.029406835196687367, 0.01427888778467909], [0.9016768770186335, 0.02791996149068323, 0.012591928364389233, 0.014125510144927536, 0.029406835196687367, 0.01427888778467909], [0.9016768770186335, 0.02791996149068323, 0.012591928364389233, 0.014125510144927536, 0.029406835196687367, 0.01427888778467909], [0.9016834190358467, 0.02787783559950556, 0.012625590028842192, 0.01415158920477956, 0.029357357643180877, 0.014304208487845076], [0.901705422060164, 0.027736151929504703, 0.012738805631520307, 0.014239301934569026, 0.029190947837536715, 0.014389370606705153], [0.9118649601491492, 0.023821877417851314, 0.012319601336129884, 0.013470413112716538, 0.02493763908956731, 0.013585508894585567], [0.9117527712839392, 0.023765917165209385, 0.012409206013192207, 0.013545453903973001, 0.024867558521245586, 0.013659093112440557], [0.9117206657496563, 0.023749902796882164, 0.012434848540424882, 0.013566928626012532, 0.024847503285954455, 0.013680151001069845], [0.9117206657496563, 0.023749902796882164, 0.012434848540424882, 0.013566928626012532, 0.024847503285954455, 0.013680151001069845], [0.9117206657496563, 0.023749902796882164, 0.012434848540424882, 0.013566928626012532, 0.024847503285954455, 0.013680151001069845], [0.9117206657496563, 0.023749902796882164, 0.012434848540424882, 0.013566928626012532, 0.024847503285954455, 0.013680151001069845], [0.9117206657496563, 0.023749902796882164, 0.012434848540424882, 0.013566928626012532, 0.024847503285954455, 0.013680151001069845], [0.9117206657496563, 0.023749902796882164, 0.012434848540424882, 0.013566928626012532, 0.024847503285954455, 0.013680151001069845], [0.9117206657496563, 0.023749902796882164, 0.012434848540424882, 0.013566928626012532, 0.024847503285954455, 0.013680151001069845], [0.9117206657496563, 0.023749902796882164, 0.012434848540424882, 0.013566928626012532, 0.024847503285954455, 0.013680151001069845], [0.9117206657496563, 0.023749902796882164, 0.012434848540424882, 0.013566928626012532, 0.024847503285954455, 0.013680151001069845], [0.9117206657496563, 0.023749902796882164, 0.012434848540424882, 0.013566928626012532, 0.024847503285954455, 0.013680151001069845], [0.9117206657496563, 0.023749902796882164, 0.012434848540424882, 0.013566928626012532, 0.024847503285954455, 0.013680151001069845], [0.9117047011441647, 0.023741939588100686, 0.012447599389778794, 0.013577607017543859, 0.02483753073989321, 0.013690622120518688], [0.9117206657496563, 0.023749902796882164, 0.012434848540424882, 0.013566928626012532, 0.024847503285954455, 0.013680151001069845]], [[0.9016768770186335, 0.02791996149068323, 0.012591928364389233, 0.014125510144927536, 0.029406835196687367, 0.01427888778467909], [0.7305440201515053, 0.09502403003241125, 0.048026915878080674, 0.029156781769626806, 0.08178824094074746, 0.015460011227628169], [0.7436364347618479, 0.11311020790502162, 0.06194067144060569, 0.027288681322974018, 0.03847158024651327, 0.015552424323037356], [0.72606731372594, 0.12565191458717068, 0.06356287739089428, 0.023277201549436747, 0.045869594189996386, 0.015571098556561837], [0.7371487871850997, 0.10726307921450424, 0.06822229440187601, 0.024775275754329, 0.047044990773149255, 0.015545572671041766], [0.10306428800359406, 0.10555820292442462, 0.052398636337715125, 0.03619769266615297, 0.6867519127395637, 0.016029267328549472], [0.7461760922035449, 0.10529273265778248, 0.0631805809254242, 0.023160287293661465, 0.04667675091423827, 0.015513556005348608], [0.7140839151884757, 0.12623217384026356, 0.05696839169778439, 0.0232283229500775, 0.06394901559615773, 0.015538180727241025], [0.7074680768396473, 0.13173217818420807, 0.05777417046515657, 0.023605498694607985, 0.06391365308431261, 0.015506422732067315], [0.7019545209777923, 0.1383615680509469, 0.056968391697784386, 0.0232283229500775, 0.06394901559615772, 0.015538180727241023], [0.7211387235905273, 0.12870935787745158, 0.06480132431877278, 0.023160287293661465, 0.04667675091423827, 0.015513556005348608], [0.12495869794148226, 0.1086720745600354, 0.0635891125281913, 0.045636616061598106, 0.6411142315801435, 0.016029267328549472], [0.11207401903296044, 0.12461895913244592, 0.018576089085995354, 0.0539400758026455, 0.6747615896174032, 0.016029267328549472], [0.6756465829619165, 0.12139901323987877, 0.08313172369305569, 0.02355898854264491, 0.08070320319064606, 0.015560488371857927], [0.5717309758958757, 0.11398259609011319, 0.07291434233815978, 0.1391617545740075, 0.08523560247601877, 0.01697472862582482], [0.7564408240553087, 0.08780751345263547, 0.061796459441924134, 0.03013069762513778, 0.048270425673456394, 0.015554079751537643], [0.6610312839636184, 0.1327215857093377, 0.07883939549144307, 0.03475924567026775, 0.07719751972008397, 0.015450969445248784], [0.0895262588572716, 0.11429591233019773, 0.04509651493032977, 0.04426944946190314, 0.6907514826363196, 0.01606038178397825], [0.6588409733813322, 0.13175669861387274, 0.08099730286095023, 0.03570975872734618, 0.07733233998203093, 0.015362926434467648], [0.7366985076601508, 0.11662836901776631, 0.06475031994481767, 0.027496922910692286, 0.03897502258221316, 0.015450857884359771], [0.7531393244777227, 0.11117313969942004, 0.05002725653179441, 0.023414988378294973, 0.046810262710345454, 0.015435028202422346], [0.7577882792248314, 0.09895713619700802, 0.05485225851071893, 0.024966300696154655, 0.04802743018566845, 0.01540859518561834], [0.09017960909507226, 0.11518003573700078, 0.04533592345452539, 0.04450115240720038, 0.6887740119776518, 0.016029267328549472], [0.7443265207804498, 0.1001362528638853, 0.0494840549832562, 0.023626770336236603, 0.06692848773082435, 0.015497913305347617], [0.7490106950211336, 0.09768414543570243, 0.04817050017840602, 0.023128074184366666, 0.06642603700849334, 0.015580548171897902], [0.816448788557576, 0.07269371094243475, 0.03077023543814285, 0.02670044481728455, 0.03893590800073219, 0.014450912243829833], [0.08918867205064449, 0.06799549522997315, 0.025916532758088667, 0.03441763901891066, 0.7675680161577303, 0.014913644784652565], [0.7967119444655723, 0.07641902119654387, 0.0391308274798934, 0.02027164579879879, 0.05287887592561821, 0.014587685133573454], [0.799270584363258, 0.08310668240158517, 0.03454495791468035, 0.02243503414749049, 0.04603316534578413, 0.014609575827201775], [0.789686805716909, 0.09169881852426283, 0.03526105411438424, 0.022770230516786255, 0.046001738654774575, 0.014581352472882978], [0.5704332907538012, 0.29501006130926505, 0.05713901797269715, 0.021585937998342446, 0.04132326770487342, 0.014508424261020815], [0.08722464123652224, 0.06808890021204113, 0.016800469440211706, 0.05223252493205111, 0.7607713025890147, 0.014882161590158899], [0.7847675146029148, 0.08386574572222164, 0.0398515667747252, 0.030335882141768508, 0.04661901293937877, 0.014560277818990948], [0.7870092223146935, 0.07993133064060141, 0.03913082747989341, 0.02999804118234272, 0.04934289324889571, 0.014587685133573456], [0.07768332172599503, 0.08397583392585184, 0.025892403037160776, 0.03436203100588068, 0.7631561532354681, 0.01493025706964344], [0.08846387552058002, 0.08568215787782844, 0.03168370811368761, 0.027110327617807406, 0.7521203833417063, 0.014939547528390138], [0.8157534348302153, 0.0738051551829483, 0.03902924284643362, 0.017953288523633683, 0.038842722535310036, 0.014616156081458996], [0.8176244451993463, 0.08225965730905772, 0.033673550086549014, 0.01975682101434407, 0.032016100922029694, 0.014669425468672968], [0.6305925059625903, 0.2799115377030549, 0.022109614159775567, 0.016452839320980225, 0.03626407738492607, 0.014669425468672968], [0.9117047011441647, 0.023741939588100686, 0.012447599389778794, 0.013577607017543859, 0.02483753073989321, 0.013690622120518688]], [[0.9016768770186335, 0.02791996149068323, 0.012591928364389233, 0.014125510144927536, 0.029406835196687367, 0.01427888778467909], [0.10229200226817628, 0.11291920412819918, 0.0520940335407516, 0.03604263704154233, 0.6805917412373523, 0.016060381783978245], [0.7240376523618853, 0.15876647139208597, 0.013536950284320688, 0.030188523173761313, 0.05898176202316027, 0.014488640764786316], [0.5134463807245104, 0.37223241952458475, 0.013638677225645181, 0.028588891135673075, 0.0574793920527406, 0.014614239336845844], [0.7365591913609334, 0.1508997618895079, 0.013644243400474312, 0.029218816164597025, 0.0550551726323471, 0.014622814552140123], [0.7365168220516506, 0.14965954061883502, 0.013611682145649753, 0.028508510373643, 0.05713079393043156, 0.014572650879789924], [0.7249708840450374, 0.16070791620405778, 0.013638677225645181, 0.028588891135673082, 0.057479392052740615, 0.014614239336845844], [0.7191874378916794, 0.16615692624052902, 0.013633174230602403, 0.028946748244666545, 0.05746995193657416, 0.0146057614559485], [0.5042847912642799, 0.26655961221762325, 0.016444718510971085, 0.04671789153179919, 0.1506735069824147, 0.015319479492911802], [0.704462380010661, 0.18088198412154735, 0.013633174230602403, 0.028946748244666545, 0.05746995193657416, 0.0146057614559485], [0.5151072316279857, 0.37377276440811774, 0.013638677225645181, 0.03044056320855034, 0.05242652419285521, 0.014614239336845844], [0.7153607939678868, 0.17555559915597624, 0.013611682145649753, 0.026800822634547507, 0.054098451216149826, 0.014572650879789924], [0.5166069440723322, 0.3723012975193805, 0.013616941864157949, 0.03113077645153925, 0.051763286122261394, 0.014580753970328694], [0.7439641203549164, 0.14561056934460903, 0.013549811129123391, 0.03405307454652783, 0.04826979058392829, 0.014552634040895008], [0.04970507595818815, 0.023807497328687574, 0.012342627022841657, 0.013489696322106079, 0.024919630507162213, 0.8757354728610144], [0.10091492376891004, 0.3726808214565939, 0.01350222382617662, 0.020568909900015028, 0.47745095945814536, 0.014882161590158899], [0.09642317151764633, 0.14946364999220454, 0.013524215068027277, 0.025025473783356428, 0.7006644822283881, 0.01489900741037737], [0.6830184694517593, 0.1853690742046794, 0.014158910907008222, 0.033354835198254336, 0.06868069886087551, 0.015418011377423164], [0.1495294872556062, 0.18244971278498215, 0.014270485871679438, 0.02869451881785326, 0.6089790528332808, 0.016076742436598068], [0.6588235520060683, 0.20697712705156562, 0.014204639737629768, 0.0340317298177451, 0.07049453895683863, 0.01546841243015256], [0.6780722717698562, 0.18661940738001964, 0.014366281082827293, 0.034573239137313805, 0.07071880788622611, 0.0156499927437568], [0.6788775230527166, 0.1856035550412923, 0.014394705745149249, 0.036940232682327157, 0.06850701208635498, 0.015676971392159622], [0.6867843566685582, 0.18001455245718087, 0.01438300087925104, 0.03510964162891415, 0.06806855136510008, 0.01563989700099564], [0.7167374059669245, 0.15692810152766948, 0.014389936991259452, 0.03090676554118609, 0.06538720723973342, 0.01565058273322706], [0.12764593203146568, 0.15901599308041953, 0.014309452098725325, 0.02930547189437327, 0.6536211634146365, 0.01610198748037961], [0.11468928977953595, 0.11735112771371363, 0.01354332331170849, 0.0256485487674619, 0.7138540656429273, 0.014913644784652565], [0.3151600455659997, 0.11589418874314353, 0.013630436351694518, 0.02555560696657288, 0.5147793469039555, 0.014980375468633705], [0.7732995034040848, 0.11949366979004031, 0.013596159580276958, 0.027371225223718314, 0.05169070509246912, 0.014548736909410376], [0.7787680009662092, 0.11704940075117393, 0.013655569692235347, 0.026730185055115374, 0.04915657976650632, 0.014640263768759834], [0.7458689915655691, 0.14201218862704057, 0.013649873849420766, 0.029965031240161366, 0.053872425930057276, 0.014631488787751015], [0.7192904558043605, 0.15318787595322472, 0.013611682145649753, 0.03446202447774991, 0.06487531073922527, 0.014572650879789924], [0.10102419329119272, 0.14387797058715854, 0.013546042920107974, 0.03432815226747236, 0.6923079128639662, 0.014915728070101995], [0.7671062079887679, 0.12576052493175302, 0.01362226060817172, 0.026287682226204707, 0.05263437624989796, 0.014588947995204549], [0.7804900430450955, 0.11263203524320457, 0.013661332074831087, 0.0263554600988697, 0.05221198827744596, 0.014649141260553274], [0.7690323054994707, 0.11651860034306635, 0.013588355670815967, 0.025858984028420302, 0.06046504020455751, 0.014536714253669338], [0.08008731393432462, 0.10278065100727786, 0.013583853946229537, 0.022466379275254578, 0.7661371096113242, 0.014944692225589227], [0.818371671394323, 0.08575184977602189, 0.013638581099286534, 0.02062924606928901, 0.04699456041592082, 0.014614091245158799], [0.827124761329371, 0.08008973879223899, 0.013673061178467975, 0.021034024887261017, 0.04341120276594697, 0.014667211046713934], [0.8179898500901726, 0.08189425241823155, 0.03367355008654902, 0.01975682101434407, 0.0320161009220297, 0.014669425468672968], [0.9117206657496563, 0.023749902796882164, 0.012434848540424882, 0.013566928626012532, 0.024847503285954455, 0.013680151001069845]], [[0.9016768770186335, 0.02791996149068323, 0.012591928364389233, 0.014125510144927536, 0.029406835196687367, 0.01427888778467909], [0.5716969629421484, 0.19348507997198516, 0.15224231065825494, 0.024470958778192477, 0.04215569568990957, 0.0159489919595093], [0.12488687379064028, 0.36619170317357386, 0.013447924187182495, 0.03289380794965644, 0.4477391241383404, 0.014840566760606539], [0.7035224348474721, 0.18056778806077411, 0.013601335898025188, 0.028213790546787042, 0.05953793913369893, 0.014556711513242499], [0.7445424692482708, 0.1564415403156717, 0.013638677225645181, 0.023487154697390676, 0.0472759191761758, 0.014614239336845844], [0.7443468830966666, 0.14311207015377472, 0.013644243400474312, 0.029218816164597025, 0.0550551726323471, 0.014622814552140123], [0.7691018449874064, 0.13366231757788233, 0.013644243400474314, 0.02411707972631462, 0.044851699755782286, 0.014622814552140125], [0.7066995532739507, 0.17771102331579144, 0.013606480475503427, 0.027867128680040286, 0.059551177036507606, 0.014564637218206545], [0.5058260046015881, 0.3795183595306203, 0.013633174230602403, 0.028946748244666545, 0.05746995193657416, 0.0146057614559485], [0.5083526181333902, 0.37732618211570496, 0.013638677225645181, 0.028588891135673082, 0.057479392052740615, 0.014614239336845844], [0.7230756709319098, 0.1691233127719089, 0.013644243400474314, 0.027511128425501533, 0.05202282991806537, 0.014622814552140125], [0.7346896962738286, 0.1525067930944869, 0.013649873849420766, 0.032368189404207874, 0.052153958590305, 0.014631488787751015], [0.049384682142036306, 0.02376090002298322, 0.012417239561786562, 0.013552181720677238, 0.024861275415613268, 0.8760237211369033], [0.04925431395881006, 0.023741939588100686, 0.012447599389778794, 0.013577607017543859, 0.02483753073989321, 0.8761410093058732], [0.04925431395881006, 0.023741939588100686, 0.012447599389778794, 0.013577607017543859, 0.02483753073989321, 0.8761410093058732], [0.7339000091649289, 0.1582305555382698, 0.013614400017662582, 0.03222968215601965, 0.047439134146557795, 0.014586218976561052], [0.5345089756577831, 0.3557619336091649, 0.013512496989114671, 0.027967261857223223, 0.053783103476445125, 0.014466228410268964], [0.14834505624296415, 0.18096564379725474, 0.014317174410468763, 0.028609920649001433, 0.6116552143669585, 0.016106990533352336], [0.658080783914589, 0.2176807191887776, 0.014213527139132043, 0.027692329808240802, 0.06687038867337303, 0.015462251275887382], [0.10789862491853869, 0.17510472384296843, 0.013447924187182495, 0.026483147997919995, 0.6622250122927837, 0.014840566760606537], [0.7346643947939181, 0.15003505222604244, 0.013601335898025188, 0.028619939954596614, 0.05852256561417501, 0.014556711513242499], [0.7361421816516013, 0.14887761904985525, 0.013606480475503427, 0.02827327808784985, 0.05853580351698369, 0.014564637218206545], [0.7416387961969817, 0.14430362838963615, 0.013644243400474314, 0.030850040273583776, 0.054940477187183964, 0.014622814552140125], [0.7565371479426355, 0.131831526814892, 0.013649873849420766, 0.029965031240161373, 0.05338493136513938, 0.014631488787751015], [0.7637795777617264, 0.1229232650387232, 0.01362226060817172, 0.026287682226204707, 0.0587982663699693, 0.014588947995204547], [0.6328200870233402, 0.10381366892741367, 0.013008118420684793, 0.023205559239866596, 0.21334043835495548, 0.013812128033739317], [0.7958888550076225, 0.09877188389307032, 0.012971440441116991, 0.02344086223089044, 0.055171336267164424, 0.01375562216013524], [0.08657131039730825, 0.10611020018345181, 0.013010437733758073, 0.022375124858516587, 0.7578030898634112, 0.014129836963553946], [0.7752046269570018, 0.12319619934139191, 0.012973714071717728, 0.027358736639457683, 0.047507598088736176, 0.01375912490169466], [0.598955470851386, 0.2951553859512429, 0.012994886333299701, 0.02670031113645009, 0.052402202967719594, 0.013791742759901702], [0.4335856465081808, 0.2973804461367595, 0.013017271247831013, 0.02883108657044641, 0.21335932071287017, 0.013826228823912018], [0.7600279740613971, 0.12489001895763777, 0.012969630622978904, 0.03160999651604365, 0.056749545876690406, 0.01375283396525204], [0.7803892282456404, 0.11173780438634062, 0.013026555734718927, 0.03013958136587861, 0.0508662978191345, 0.013840532448286893], [0.631268868193836, 0.10777649324122007, 0.012977841848944204, 0.024695608702780474, 0.20951570388288182, 0.01376548413033739], [0.11065906699549588, 0.11017814269941581, 0.013571753781069128, 0.03166296797851916, 0.7189926453374719, 0.014935423208028039], [0.7649698779890703, 0.12902836078128543, 0.013601247032560247, 0.02701643469500495, 0.05082750489443457, 0.0145565746076444], [0.8271392836228336, 0.08007521649877639, 0.013673061178467977, 0.021034024887261017, 0.04341120276594697, 0.014667211046713934], [0.8304503665323096, 0.0767641335893003, 0.013673061178467977, 0.021034024887261017, 0.04341120276594697, 0.014667211046713934], [0.8236092115702631, 0.07627489093814095, 0.033673550086549014, 0.01975682101434407, 0.032016100922029694, 0.014669425468672968], [0.9117206657496563, 0.023749902796882164, 0.012434848540424882, 0.013566928626012532, 0.024847503285954455, 0.013680151001069845]], [[0.9016768770186335, 0.02791996149068323, 0.012591928364389233, 0.014125510144927536, 0.029406835196687367, 0.01427888778467909], [0.13499891827086907, 0.10326554314515486, 0.029252154588379153, 0.03566405164781802, 0.6802040208252857, 0.016615311522493147], [0.7056719308620084, 0.18251137002388823, 0.01353394055680585, 0.025099687267084343, 0.05871232794065132, 0.014470743349561941], [0.2505156694170823, 0.5025804046124708, 0.01695393083776386, 0.037006898940973726, 0.17720331214627094, 0.015739784045438167], [0.05257707239141288, 0.024746549176235644, 0.012425963388250957, 0.01365864769512398, 0.025941689798635377, 0.8706500775503411], [0.7664284435777309, 0.12989257414928845, 0.013926177648412209, 0.024552806426567222, 0.05022117698762672, 0.014978821210374405], [0.04948147382983628, 0.02377497717316117, 0.012394698947044808, 0.013533304742141265, 0.024878904619168397, 0.875936640688648], [0.11725159463604276, 0.12911760341463632, 0.01346753102515413, 0.05287295422900371, 0.6724347306250621, 0.014855586070101012], [0.4954876080269463, 0.38586298484037007, 0.013576353198243536, 0.029454916628708742, 0.06109991398875206, 0.0145182233169791], [0.7504383974876422, 0.15232576507764647, 0.013644243400474314, 0.02411707972631462, 0.044851699755782286, 0.014622814552140125], [0.7223739838251054, 0.16653425776660713, 0.013616941864157947, 0.031130776451539242, 0.05176328612226139, 0.014580753970328694], [0.04998212658227848, 0.02384779090482888, 0.01227810814189717, 0.013435664010001562, 0.02497009126426004, 0.8754862190967339], [0.7835536029532587, 0.1192306736616446, 0.014288179449453431, 0.025335852727368546, 0.04214590217405158, 0.015445789034223065], [0.049384682142036306, 0.02376090002298322, 0.012417239561786562, 0.013552181720677238, 0.024861275415613268, 0.8760237211369033], [0.7595679600486732, 0.13095033914971918, 0.013661332074831087, 0.03341345419230145, 0.04775777327392182, 0.014649141260553274], [0.747227717488962, 0.14919233880729207, 0.013591127355591752, 0.02903808835216183, 0.04640974370151208, 0.014540984294480103], [0.11667765188622371, 0.14178681970008217, 0.013511865216465448, 0.02451347465182362, 0.6886206414183782, 0.014889547127026927], [0.646207645184728, 0.220379135552661, 0.014276797519051577, 0.033828511348054195, 0.0697848925824381, 0.015523017813067107], [0.6584158254545321, 0.2091915834417825, 0.014320394857511225, 0.03663101222162412, 0.06582537548549901, 0.015615808539050847], [0.7172559866712475, 0.16655575838203104, 0.013505438503614306, 0.03178156456050191, 0.056445897732429424, 0.014455354150175587], [0.5415838684435929, 0.23846939256632513, 0.016444718510971085, 0.05699724043728688, 0.13118530054891228, 0.015319479492911804], [0.1030167181995088, 0.15108502365875096, 0.01346753102515413, 0.02645981527510332, 0.6911153257713818, 0.014855586070101012], [0.7361421816516013, 0.14887761904985525, 0.013606480475503427, 0.02827327808784985, 0.05853580351698369, 0.014564637218206545], [0.7359770654076083, 0.14868276859905386, 0.013611682145649754, 0.03013973448262975, 0.05701609848526843, 0.014572650879789924], [0.7408395855281673, 0.143647267849688, 0.013616941864157947, 0.029510528397824094, 0.05780492238983384, 0.014580753970328694], [0.7914606371035235, 0.10919680833390671, 0.013003658227269529, 0.023506104616416428, 0.049027535032158065, 0.013805256686725593], [0.25326758152942147, 0.10498097450094973, 0.013010437733758073, 0.022375124858516587, 0.5922360444138001, 0.014129836963553946], [0.09682585792637259, 0.13646622970033975, 0.013010437733758073, 0.028120079198866728, 0.7114475584771088, 0.014129836963553946], [0.09381406941042227, 0.2987465480142646, 0.013010437733758073, 0.02786918777529978, 0.5524299201027013, 0.014129836963553946], [0.08835338920127715, 0.30184799391148814, 0.013010437733758073, 0.020777084196978678, 0.561881257992944, 0.014129836963553946], [0.7476533120544666, 0.1417441378328166, 0.012961593885031767, 0.029827951702242186, 0.05407255191009006, 0.013740452615352696], [0.09356701615843074, 0.32769080114359983, 0.013010437733758073, 0.023488086322426778, 0.5281138216782306, 0.014129836963553946], [0.43664751473000657, 0.4566313246897092, 0.012959392043763066, 0.027706428555112114, 0.052318279509404646, 0.013737060472004247], [0.08956616609970815, 0.11984386756509251, 0.013010437733758073, 0.028346156221384235, 0.735103535416503, 0.014129836963553946], [0.5580066917789068, 0.3341724617489171, 0.013591127355591752, 0.027722164270858822, 0.0519665705512451, 0.014540984294480102], [0.5751497741349239, 0.3239512416795196, 0.013661332074831086, 0.0263554600988697, 0.04623305075130241, 0.014649141260553274], [0.7802596428308455, 0.11919568811409392, 0.013667162170051813, 0.02597633182333476, 0.0462430519916665, 0.01465812307000745], [0.816503802605975, 0.08761971856436991, 0.013638581099286536, 0.020629246069289012, 0.04699456041592083, 0.014614091245158799], [0.8234195616936764, 0.07410656068249837, 0.03603153021877844, 0.01975682101434407, 0.0320161009220297, 0.014669425468672968], [0.9117206657496563, 0.023749902796882164, 0.012434848540424882, 0.013566928626012532, 0.024847503285954455, 0.013680151001069845]], [[0.9016768770186335, 0.02791996149068323, 0.012591928364389233, 0.014125510144927536, 0.029406835196687367, 0.01427888778467909], [0.5683232049273027, 0.19525784046049827, 0.15359508367921476, 0.0245225978696201, 0.04238742375192493, 0.015913849311439132], [0.12737383037053612, 0.14503204366972478, 0.013524215068027277, 0.02939132819241043, 0.6697795752889241, 0.01489900741037737], [0.7058549006597954, 0.17823532224845096, 0.013601335898025188, 0.02821379054678705, 0.05953793913369894, 0.0145567115132425], [0.7263753073265048, 0.17460870223743755, 0.013638677225645181, 0.023487154697390673, 0.047275919176175796, 0.014614239336845844], [0.04925431395881006, 0.023741939588100686, 0.012447599389778794, 0.013577607017543859, 0.02483753073989321, 0.8761410093058732], [0.04925431395881006, 0.023741939588100686, 0.012447599389778794, 0.013577607017543859, 0.02483753073989321, 0.8761410093058732], [0.7346059434647914, 0.16687505508773062, 0.013444414711193724, 0.023678215931429727, 0.04698169939558789, 0.014414671409266493], [0.09903468587907706, 0.37594416184220414, 0.013531053737640839, 0.02917499739445975, 0.4674108551508246, 0.014904245995793597], [0.057205914681440435, 0.02632251412742382, 0.01265041809787627, 0.014018322068328717, 0.02764875604801477, 0.862154074976916], [0.10586167837493438, 0.16665642419343765, 0.013586536051857286, 0.020552199636284123, 0.6783964149604731, 0.014946746783013441], [0.1006109762554394, 0.37136353104799324, 0.013524215068027277, 0.020564551345272485, 0.47903771887289015, 0.01489900741037737], [0.7603274368218242, 0.13673791944822816, 0.013601247032560247, 0.02833235877630795, 0.04644446331343506, 0.0145565746076444], [0.09636575285333282, 0.10953773983873033, 0.013492550809959009, 0.018029553883882474, 0.7476996507870265, 0.01487475182706872], [0.7576493335590603, 0.13941602271099202, 0.013601247032560247, 0.02833235877630795, 0.04644446331343506, 0.0145565746076444], [0.1065304134640819, 0.13650069457976322, 0.013605241750610215, 0.024947898874829334, 0.7034546755325243, 0.01496107579819106], [0.5325370599854072, 0.3575619160365755, 0.013480991040010352, 0.028013108070046894, 0.05396709867885513, 0.014439826189104743], [0.6778857105454721, 0.20001348800406102, 0.014310518693730918, 0.031625386791873523, 0.060544558254184026, 0.015620337710678452], [0.6596407579311875, 0.2107497268841284, 0.014292309155488295, 0.03177912467019799, 0.06797167227383942, 0.015566409085158365], [0.11060332880394967, 0.17084839313501385, 0.013524215068027277, 0.02306283703520802, 0.6670622185474238, 0.01489900741037737], [0.10545516340910219, 0.14667637012108814, 0.013565009686856063, 0.02303740655359352, 0.6963357931597167, 0.01493025706964344], [0.7340217313085843, 0.14793808567044645, 0.013576353198243536, 0.029861066036518308, 0.06008454046922815, 0.0145182233169791], [0.7338018211766302, 0.14778478167464335, 0.013581225030457398, 0.031738277885783726, 0.05856816540024788, 0.01452572883223759], [0.104140388011368, 0.15225183385979263, 0.013565009686856063, 0.026478270536546458, 0.6886342408357934, 0.01493025706964344], [0.09608116807987903, 0.12305806325618496, 0.013605241750610215, 0.024947898874829334, 0.7273465522403054, 0.01496107579819106], [0.6287344157209557, 0.2730493736624352, 0.012977841848944204, 0.024695608702780474, 0.04677727593454695, 0.01376548413033739], [0.6060093241555938, 0.2906496204436042, 0.012999247807660385, 0.026178559601231742, 0.05036478597097294, 0.013798462020936696], [0.5953082226702086, 0.13606790912400288, 0.012994886333299701, 0.02670031113645009, 0.21513692797613707, 0.013791742759901702], [0.5990411950460274, 0.2956932140689393, 0.012990572993918401, 0.025152604410607942, 0.053337315825182044, 0.013785097655324973], [0.7596337065535604, 0.13553316013476044, 0.012986306997034168, 0.025440064061022238, 0.05262823676730957, 0.013778525486313038], [0.24764656281011949, 0.5548881722839686, 0.01534410244647887, 0.038908798725307815, 0.12880133424949067, 0.014411029484634645], [0.7526942943801359, 0.1449142258192568, 0.012951570277545017, 0.02591721276327233, 0.04979768645353853, 0.013725010306251232], [0.09356701615843076, 0.4952696563542113, 0.013010437733758073, 0.023488086322426778, 0.3605349664676193, 0.014129836963553946], [0.7643233100427502, 0.12967603942859904, 0.012959392043763066, 0.02770642855511212, 0.05159776945777127, 0.013737060472004247], [0.7512772421010822, 0.13228463884588876, 0.013649873849420766, 0.03428732123528153, 0.053869435180575825, 0.014631488787751015], [0.77579625421699, 0.12295456159829765, 0.013655569692235347, 0.026730185055115374, 0.04622316566860171, 0.014640263768759834], [0.7725758993090066, 0.123150687983023, 0.013596159580276958, 0.027371225223718314, 0.04875729099456451, 0.014548736909410376], [0.1122909938405918, 0.11180146948651125, 0.01346753102515413, 0.03188225870001739, 0.7157021608776244, 0.014855586070101012], [0.8095209371635624, 0.07083167288385019, 0.04823522281218445, 0.017953288523633683, 0.038842722535310036, 0.014616156081458996], [0.9117206657496563, 0.023749902796882164, 0.012434848540424882, 0.013566928626012532, 0.024847503285954455, 0.013680151001069845]], [[0.9016768770186335, 0.02791996149068323, 0.012591928364389233, 0.014125510144927536, 0.029406835196687367, 0.01427888778467909], [0.12224387515024897, 0.11253850128592455, 0.025478348665892894, 0.04496184681341782, 0.6786614702031453, 0.016115957881370435], [0.10137047543721776, 0.14460849046983457, 0.013524215068027277, 0.03486263499082758, 0.6907351766237153, 0.01489900741037737], [0.7100943270392691, 0.1743162495504731, 0.013606480475503429, 0.027867128680040286, 0.05955117703650761, 0.014564637218206547], [0.5639739359626298, 0.3387902266026589, 0.013644243400474314, 0.02411707972631462, 0.044851699755782286, 0.014622814552140125], [0.04925431395881006, 0.023741939588100686, 0.012447599389778794, 0.013577607017543859, 0.02483753073989321, 0.8761410093058732], [0.04925431395881006, 0.023741939588100686, 0.012447599389778794, 0.013577607017543859, 0.02483753073989321, 0.8761410093058732], [0.04925431395881006, 0.023741939588100686, 0.012447599389778794, 0.013577607017543859, 0.02483753073989321, 0.8761410093058732], [0.04925431395881006, 0.023741939588100686, 0.012447599389778794, 0.013577607017543859, 0.02483753073989321, 0.8761410093058732], [0.36460784754561815, 0.12552411607850764, 0.01355011760020999, 0.04673111132774113, 0.43466795807485364, 0.014918849373069443], [0.7570514282043971, 0.1338709709359434, 0.013579411752847846, 0.027530508860106877, 0.05344193516222733, 0.014525745084477381], [0.7584823844667823, 0.13891222424240013, 0.013633079192192216, 0.026874607561164277, 0.0474920894971128, 0.014605615040348274], [0.8172911257192796, 0.09650299480884533, 0.013673061178467977, 0.02103402488726102, 0.036831582359431965, 0.014667211046713934], [0.8069967381794424, 0.10336253711996601, 0.013606390626624847, 0.022099031662354742, 0.03937080361404434, 0.014564498797567344], [0.8069967381794424, 0.10336253711996601, 0.013606390626624847, 0.022099031662354742, 0.03937080361404434, 0.014564498797567344], [0.3159250135705433, 0.12953038846248305, 0.013617203407547029, 0.02556972533117511, 0.50038743051313, 0.014970238715121398], [0.1068116737335071, 0.13687870004993072, 0.013586536051857286, 0.024965807702186406, 0.7028105356795049, 0.014946746783013441], [0.6863948958758885, 0.19169153626011473, 0.01430633460488787, 0.03284349501329148, 0.059175721638097756, 0.015588016607719623], [0.6956373688757664, 0.18287822138310747, 0.014381014369758732, 0.03145604990767413, 0.05997465470715226, 0.01567269075654078], [0.7323651117027904, 0.15855128142107264, 0.013611682145649754, 0.026800822634547507, 0.05409845121614983, 0.014572650879789924], [0.7340217313085843, 0.14793808567044645, 0.013576353198243536, 0.029861066036518308, 0.06008454046922815, 0.0145182233169791], [0.7359770654076083, 0.14868276859905386, 0.013611682145649754, 0.03013973448262975, 0.05701609848526843, 0.014572650879789924], [0.11118586715827476, 0.1438051161937587, 0.01350911375161333, 0.024515864125959987, 0.6920965993316248, 0.014887439438768527], [0.7700722130537018, 0.1165866452555722, 0.013574513279130866, 0.026560190119021623, 0.05868823976709315, 0.014518198525480235], [0.7661913888752391, 0.1208048473581671, 0.013583407580019803, 0.026209003193774054, 0.05868226173790005, 0.014529091254899937], [0.08110393971832136, 0.10337651484395838, 0.013010437733758073, 0.022375124858516587, 0.7660041458818916, 0.014129836963553946], [0.7889285314460877, 0.11224047159274166, 0.012977841848944204, 0.025681879491931042, 0.046405791489957944, 0.01376548413033739], [0.6165533437466142, 0.2829355431850319, 0.013026555734718927, 0.02655544336233495, 0.04708858152301303, 0.013840532448286893], [0.7628544312626804, 0.1322795874430762, 0.012994886333299701, 0.02670031113645009, 0.05137904106459197, 0.013791742759901702], [0.7613582758125468, 0.1288575756385388, 0.012990572993918401, 0.0268749528866164, 0.056133525013054644, 0.013785097655324973], [0.5847138136441082, 0.14446573248514236, 0.012961593885031767, 0.02824624172622399, 0.21587216564414086, 0.013740452615352696], [0.09556563939932168, 0.503675555929112, 0.013010437733758073, 0.02383674049958466, 0.34978178947466976, 0.014129836963553946], [0.7588557380507079, 0.1283916218729463, 0.012959392043763066, 0.03118891793523216, 0.05486726962534615, 0.013737060472004247], [0.08956616609970815, 0.29432103343903576, 0.013010437733758073, 0.028346156221384235, 0.5606263695425597, 0.014129836963553946], [0.7684069191518702, 0.12729965641385682, 0.01362226060817172, 0.026287682226204707, 0.04979453360469188, 0.014588947995204549], [0.7725807371163995, 0.12346077525766042, 0.013627639376889898, 0.025925239632516466, 0.049808374122756335, 0.014597234493777159], [0.1122909938405918, 0.11180146948651125, 0.01346753102515413, 0.03188225870001739, 0.7157021608776244, 0.014855586070101012], [0.8117818646862776, 0.08362367590042097, 0.021980504932819875, 0.022099031662354742, 0.04595042402055935, 0.014564498797567344], [0.6053884588913272, 0.0708316728838502, 0.25236770108441986, 0.017953288523633683, 0.038842722535310036, 0.014616156081458997], [0.9117206657496563, 0.023749902796882164, 0.012434848540424882, 0.013566928626012532, 0.024847503285954455, 0.013680151001069845]], [[0.9016834190358467, 0.02787783559950556, 0.012625590028842192, 0.01415158920477956, 0.029357357643180877, 0.014304208487845076], [0.7431193399149746, 0.08345511291325372, 0.04654043425164596, 0.028425191452641767, 0.08293199994048318, 0.015527921527000773], [0.7582852877154967, 0.1333736865219475, 0.013586149464062341, 0.027863013390624136, 0.052358547522988186, 0.014533315384881205], [0.7506825976216117, 0.13969818219602362, 0.013644243400474312, 0.027779291172230332, 0.05357287105751989, 0.014622814552140123], [0.7553696391204484, 0.13668389455654525, 0.013649873849420766, 0.02833380713117463, 0.051331296554659914, 0.014631488787751015], [0.7422714885915294, 0.14269819993484859, 0.01362226060817172, 0.031246842128002106, 0.05557226074224358, 0.014588947995204549], [0.7646585084684506, 0.12128868602646817, 0.013661332074831086, 0.032097530110998446, 0.053644802058698406, 0.014649141260553274], [0.04925431395881006, 0.023741939588100686, 0.012447599389778794, 0.013577607017543859, 0.02483753073989321, 0.8761410093058732], [0.04925431395881006, 0.023741939588100686, 0.012447599389778794, 0.013577607017543859, 0.02483753073989321, 0.8761410093058732], [0.7497378860877141, 0.15506279398825543, 0.013493817250799432, 0.022039514726259292, 0.04520640177505962, 0.014459586171912064], [0.10202310321273325, 0.14856063923086085, 0.013565009686856063, 0.024986417034108407, 0.6959345737657979, 0.01493025706964344], [0.7584823844667823, 0.13891222424240013, 0.013633079192192216, 0.026874607561164277, 0.0474920894971128, 0.014605615040348274], [0.8052124305812929, 0.10549071099556692, 0.013638581099286536, 0.020629246069289012, 0.04041494000940583, 0.014614091245158799], [0.32124094754260013, 0.10363563787381719, 0.013524215068027277, 0.02249782198979925, 0.5242023701153786, 0.01489900741037737], [0.1206649258781178, 0.1033617008400812, 0.01354332331170849, 0.022487747771946245, 0.7250286574134936, 0.014913644784652565], [0.8069967381794424, 0.10336253711996601, 0.013606390626624847, 0.022099031662354742, 0.03937080361404434, 0.014564498797567344], [0.7554376993546338, 0.14134036287636126, 0.01353548936178854, 0.028433651435423687, 0.04675114665117131, 0.014501650320621623], [0.6971728100780485, 0.18150361997114464, 0.014330385266709664, 0.032319832304019074, 0.059061705951953994, 0.015611646428124038], [0.713360603545061, 0.16942310585835468, 0.014433374979131145, 0.033199909557191376, 0.053865503025501686, 0.015717503034759914], [0.7432693687657399, 0.15049491220051145, 0.013616941864157947, 0.02617161654974185, 0.05186640664951993, 0.014580753970328694], [0.11595363550804999, 0.15093220349209482, 0.013546042920107975, 0.02402732973828062, 0.6806250602713646, 0.014915728070101997], [0.746881322470558, 0.1406263993784927, 0.013616941864157949, 0.029510528397824094, 0.05478405391863853, 0.014580753970328694], [0.7718127222002287, 0.12065956185211638, 0.013591127355591752, 0.027722164270858822, 0.051673440026724075, 0.014540984294480102], [0.10215111956542389, 0.11589418874314353, 0.013630436351694518, 0.02555560696657288, 0.7277882729045314, 0.014980375468633705], [0.10215111956542389, 0.11589418874314353, 0.013630436351694518, 0.02555560696657288, 0.7277882729045314, 0.014980375468633705], [0.08655227506418993, 0.10782413553446332, 0.013010437733758073, 0.02689687256052995, 0.7515864421435047, 0.014129836963553946], [0.085137745979387, 0.10600725805769683, 0.013010437733758073, 0.022375124858516587, 0.7593395964070875, 0.014129836963553946], [0.6065504979194299, 0.2851652010296535, 0.01296336540392666, 0.028435377476784714, 0.05314237636355187, 0.013743181806653354], [0.268266809692702, 0.13386166330600352, 0.013010437733758073, 0.021576453355365205, 0.5491547989486172, 0.0141298369635