{"prediction": [[[0.8858467170571933, 0.0372087251196775, 0.01396095490047871, 0.015846165280927187, 0.03094679516250945, 0.01619064247921391], [0.8858467170571933, 0.0372087251196775, 0.01396095490047871, 0.015846165280927187, 0.03094679516250945, 0.01619064247921391], [0.8858467170571933, 0.0372087251196775, 0.01396095490047871, 0.015846165280927187, 0.03094679516250945, 0.01619064247921391], [0.8858467170571933, 0.0372087251196775, 0.01396095490047871, 0.015846165280927187, 0.03094679516250945, 0.01619064247921391], [0.8858467170571933, 0.0372087251196775, 0.01396095490047871, 0.015846165280927187, 0.03094679516250945, 0.01619064247921391], [0.8858467170571933, 0.0372087251196775, 0.01396095490047871, 0.015846165280927187, 0.03094679516250945, 0.01619064247921391], [0.8858467170571933, 0.0372087251196775, 0.01396095490047871, 0.015846165280927187, 0.03094679516250945, 0.01619064247921391], [0.8858467170571933, 0.0372087251196775, 0.01396095490047871, 0.015846165280927187, 0.03094679516250945, 0.01619064247921391], [0.8858467170571933, 0.0372087251196775, 0.01396095490047871, 0.015846165280927187, 0.03094679516250945, 0.01619064247921391], [0.8858467170571933, 0.0372087251196775, 0.01396095490047871, 0.015846165280927187, 0.03094679516250945, 0.01619064247921391], [0.8858467170571933, 0.0372087251196775, 0.01396095490047871, 0.015846165280927187, 0.03094679516250945, 0.01619064247921391], [0.8858467170571933, 0.0372087251196775, 0.01396095490047871, 0.015846165280927187, 0.03094679516250945, 0.01619064247921391], [0.8812643397041358, 0.03915220548536875, 0.014243880250512903, 0.016263748515279126, 0.03244299481697441, 0.016632831227729187], [0.8858467170571933, 0.0372087251196775, 0.01396095490047871, 0.015846165280927187, 0.03094679516250945, 0.01619064247921391], [0.8860476339877094, 0.03700013097479109, 0.014024662602962121, 0.015887791456260396, 0.03081154719574506, 0.016228233782532048], [0.8867037776405424, 0.03631891549019326, 0.014232715774557536, 0.01602373196991675, 0.030369861695557887, 0.016350997429232073], [0.9053776841240975, 0.028075991943217644, 0.013278967051224073, 0.014478888792669354, 0.024090322239221005, 0.014698145849570379], [0.9033897737426706, 0.028627123159906336, 0.013581826038181331, 0.014801880694751534, 0.02457457980315808, 0.015024816561332106], [0.9053006697204429, 0.027794972131188242, 0.01347723043597001, 0.014638286099111178, 0.023938400305377625, 0.014850441307910026], [0.9053006697204429, 0.027794972131188242, 0.01347723043597001, 0.014638286099111178, 0.023938400305377625, 0.014850441307910026], [0.9053006697204429, 0.027794972131188242, 0.01347723043597001, 0.014638286099111178, 0.023938400305377625, 0.014850441307910026], [0.9053006697204429, 0.027794972131188242, 0.01347723043597001, 0.014638286099111178, 0.023938400305377625, 0.014850441307910026], [0.9053006697204429, 0.027794972131188242, 0.01347723043597001, 0.014638286099111178, 0.023938400305377625, 0.014850441307910026], [0.9053006697204429, 0.027794972131188242, 0.01347723043597001, 0.014638286099111178, 0.023938400305377625, 0.014850441307910026], [0.9053006697204429, 0.027794972131188242, 0.01347723043597001, 0.014638286099111178, 0.023938400305377625, 0.014850441307910026], [0.9053006697204429, 0.027794972131188242, 0.01347723043597001, 0.014638286099111178, 0.023938400305377625, 0.014850441307910026], [0.9053006697204429, 0.027794972131188242, 0.01347723043597001, 0.014638286099111178, 0.023938400305377625, 0.014850441307910026], [0.9053006697204429, 0.027794972131188242, 0.01347723043597001, 0.014638286099111178, 0.023938400305377625, 0.014850441307910026], [0.9053006697204429, 0.027794972131188242, 0.01347723043597001, 0.014638286099111178, 0.023938400305377625, 0.014850441307910026], [0.9053175864095638, 0.02785669986744698, 0.013433680659763905, 0.014603273496898758, 0.023971770895858342, 0.014816988670468188], [0.9053776841240975, 0.028075991943217644, 0.013278967051224073, 0.014478888792669354, 0.024090322239221005, 0.014698145849570379], [0.8867037776405424, 0.03631891549019326, 0.014232715774557536, 0.01602373196991675, 0.030369861695557887, 0.016350997429232073], [0.8860476339877094, 0.03700013097479109, 0.014024662602962121, 0.015887791456260396, 0.03081154719574506, 0.016228233782532048], [0.8858467170571933, 0.0372087251196775, 0.01396095490047871, 0.015846165280927187, 0.03094679516250945, 0.01619064247921391], [0.8858467170571933, 0.0372087251196775, 0.01396095490047871, 0.015846165280927187, 0.03094679516250945, 0.01619064247921391], [0.8858467170571933, 0.0372087251196775, 0.01396095490047871, 0.015846165280927187, 0.03094679516250945, 0.01619064247921391], [0.8858467170571933, 0.0372087251196775, 0.01396095490047871, 0.015846165280927187, 0.03094679516250945, 0.01619064247921391], [0.8858467170571933, 0.0372087251196775, 0.01396095490047871, 0.015846165280927187, 0.03094679516250945, 0.01619064247921391], [0.8858467170571933, 0.0372087251196775, 0.01396095490047871, 0.015846165280927187, 0.03094679516250945, 0.01619064247921391], [0.8858467170571933, 0.0372087251196775, 0.01396095490047871, 0.015846165280927187, 0.03094679516250945, 0.01619064247921391]], [[0.8858467170571933, 0.0372087251196775, 0.01396095490047871, 0.015846165280927187, 0.03094679516250945, 0.01619064247921391], [0.7241180027870057, 0.09331667114021779, 0.08669404023135216, 0.027489786368145176, 0.05176048635940879, 0.016621013113870257], [0.39389972346520574, 0.11286971005542144, 0.39251023181227984, 0.02518984463369657, 0.05924952172101275, 0.0162809683123835], [0.10364327786966622, 0.12979415003823488, 0.34429155662939637, 0.039180459870902976, 0.3672194795250091, 0.015871076066790352], [0.09941923113999389, 0.1380879381321271, 0.07019197029928503, 0.042710755482940406, 0.6333803129519331, 0.016209791993720565], [0.10736000035053966, 0.1097888015030032, 0.06754800183910056, 0.04650481528488103, 0.6529273049556852, 0.015871076066790352], [0.10833014741322947, 0.3911966909088779, 0.062439237970495866, 0.06349759715281068, 0.35870417244294145, 0.01583215411164466], [0.12481685076789246, 0.14418439602833028, 0.04690192662628063, 0.3516506178069209, 0.3166026140170537, 0.015843594753522115], [0.6679431405842443, 0.10314002487755349, 0.10410526924294772, 0.03171638272580245, 0.07689077418516808, 0.016204408384283893], [0.43115426652636446, 0.0921459984751368, 0.06779798783058667, 0.0626593409279695, 0.3304668846027163, 0.01577552163722632], [0.31846356498569545, 0.14894649586014816, 0.05949402153509136, 0.392226632880785, 0.0646960132787921, 0.016173271459487895], [0.44439385155008404, 0.124821154702717, 0.03918913310184095, 0.046356977387744205, 0.32944819643895323, 0.01579068681866052], [0.159080421821891, 0.1329777952689978, 0.03946903597456855, 0.046738264196623185, 0.6059948470250769, 0.015739635712842422], [0.3540511734275056, 0.13110347664704255, 0.08489672034842925, 0.02926013808147534, 0.3844731498090737, 0.016215341686473546], [0.1091594556176325, 0.44449710246065344, 0.050321648557804285, 0.04222249419797835, 0.3380322578243597, 0.015767041341571725], [0.3311041568449114, 0.14902161239338682, 0.38685438382134363, 0.034873251789622334, 0.08185372050528837, 0.016292874645447594], [0.1390306042388162, 0.4188550319309982, 0.06112226980155175, 0.05016731266032923, 0.3151825900096702, 0.01564219135863445], [0.639493262852356, 0.15160447628739476, 0.09805766709897525, 0.03697154300734032, 0.05756612183816674, 0.016306928915766933], [0.38948961496256795, 0.13355301665662134, 0.3665370157685384, 0.03632419495926171, 0.05773345201247426, 0.01636270564053611], [0.1105239699073067, 0.1343334479612429, 0.05079171637435997, 0.0425694394779476, 0.6460696128126635, 0.01571181346647923], [0.6652050913037522, 0.11965594661237147, 0.12514481566218386, 0.025273441780059355, 0.048238442804091744, 0.01648226183754134], [0.4514070196104931, 0.11308880864946717, 0.35005122281795237, 0.022049266824096365, 0.04685724867141122, 0.016546433426579785], [0.0837052201509829, 0.4214120937371509, 0.04884746938516997, 0.019321225568410493, 0.41104650685687294, 0.015667484301412873], [0.7569160260715897, 0.09067604525950979, 0.061995860373901666, 0.020276249887718645, 0.05357737809399819, 0.016558440313282116], [0.8163788005739473, 0.07323358287496703, 0.04085989714131765, 0.019748922443675605, 0.03441758644467773, 0.015361210521414603], [0.8481743082601967, 0.06163415900902527, 0.02634435201319489, 0.018530915386382837, 0.02989044149517254, 0.015425823836027917], [0.8371579500769228, 0.06285673178247088, 0.032850969100724076, 0.01701878583722294, 0.034804676512818385, 0.01531088668984077], [0.058076845757789874, 0.06301532506770421, 0.02653102591622261, 0.017313784752801518, 0.8204810029242673, 0.014582015581214513], [0.8274333096999387, 0.072581372159455, 0.032850969100724076, 0.01701878583722294, 0.03480467651281838, 0.01531088668984077], [0.7995385748810716, 0.08041057916554677, 0.04730695167879835, 0.018206463572251377, 0.03928517003225588, 0.015252260670075993], [0.8118064583832907, 0.07770232372391779, 0.04310112676481668, 0.020422261195961727, 0.03166783202444276, 0.015299997907570409], [0.7497458178640142, 0.11044679498692256, 0.058749940681016626, 0.02044459000104721, 0.04392816106872092, 0.016684695398278538], [0.5078000270018296, 0.3758550226373989, 0.03908305158273974, 0.018933000156465558, 0.04156958828904159, 0.01675931033252462], [0.7658658599638022, 0.11778918967542619, 0.03908305158273973, 0.018933000156465558, 0.04156958828904158, 0.01675931033252462], [0.07421073809204812, 0.08311744159649231, 0.03173229143220296, 0.01932069176296894, 0.7759766457576532, 0.01564219135863445], [0.7950380457342279, 0.08235926132474523, 0.03925299411996505, 0.018800137033350137, 0.04792311457830239, 0.0166264472094092], [0.07421073809204812, 0.08311744159649231, 0.03173229143220296, 0.01932069176296894, 0.7759766457576532, 0.01564219135863445], [0.8010787703173375, 0.08257627932189082, 0.03908305158273973, 0.018933000156465558, 0.04156958828904158, 0.01675931033252462], [0.806394676955602, 0.07871129357098437, 0.03265497309413574, 0.024144066813133032, 0.04120078557487628, 0.016894203991268567], [0.8858467170571933, 0.0372087251196775, 0.01396095490047871, 0.015846165280927187, 0.03094679516250945, 0.01619064247921391]], [[0.8858467170571933, 0.0372087251196775, 0.01396095490047871, 0.015846165280927187, 0.03094679516250945, 0.01619064247921391], [0.6820726683394767, 0.11217444489461868, 0.10534883538782784, 0.025146777449066564, 0.058953105009001514, 0.01630416892000873], [0.12896518253222006, 0.4706351022479596, 0.025185642817650636, 0.029903955603396662, 0.3294390407319826, 0.015871076066790352], [0.12312122751162147, 0.4599961442006802, 0.03164552838662712, 0.03617208451435956, 0.33319393931992125, 0.015871076066790352], [0.12706528345567744, 0.17236623208172897, 0.02418572932492932, 0.031357262972265286, 0.6291544160986086, 0.015871076066790352], [0.5129909658160006, 0.30783651798618333, 0.021031674608851275, 0.03734761712213965, 0.10291604315278832, 0.017877181314036764], [0.3616785524974597, 0.4565058719304919, 0.01573936205816786, 0.03926960316107708, 0.11022995689043552, 0.016576653462367745], [0.3791636387108419, 0.17040068887582344, 0.01563203824745422, 0.03203557667944342, 0.3863523897401396, 0.016415667746297283], [0.17141291372822715, 0.13231321504425428, 0.014653220694319423, 0.04676714486972072, 0.6189824295966881, 0.015871076066790352], [0.39012749020461296, 0.1535675662283755, 0.01563203824745422, 0.04581223873907166, 0.3784449988341883, 0.016415667746297283], [0.1518660933111524, 0.1428855081201269, 0.014487998837019159, 0.034519615914594154, 0.6404925395335049, 0.015748244283602435], [0.6754556839879242, 0.1617293156270324, 0.015661380471565584, 0.04510185544979038, 0.08559208338122304, 0.01645968108246433], [0.26184309054875055, 0.2706462079265001, 0.021029449598021027, 0.04597815475380293, 0.382623839287953, 0.017879257884972168], [0.3887490164077601, 0.4487873213884691, 0.015739362058167863, 0.03724941843478738, 0.09289822824844786, 0.01657665346236775], [0.14166887663115482, 0.16312513873473475, 0.014438995500001297, 0.03953661765211587, 0.625518558015514, 0.01571181346647923], [0.3755294562666797, 0.46055592790744526, 0.030561439110515454, 0.03662819464613549, 0.08012365806854926, 0.01660132400067465], [0.37734994010458134, 0.475350306535326, 0.02296303766313843, 0.03724941843478738, 0.07051064379979911, 0.01657665346236775], [0.24841213321555633, 0.5687336150420763, 0.027844546266058867, 0.04669027596592414, 0.09044017162541215, 0.017879257884972168], [0.6419177360821012, 0.2115263878223379, 0.029442836003577298, 0.03724941843478738, 0.06328696819482856, 0.01657665346236775], [0.12919455459988857, 0.14083082743815875, 0.014508705165106665, 0.04710483772872141, 0.6525974369665138, 0.015763638101610668], [0.6758356270932304, 0.1760295753510487, 0.024347708360252816, 0.04100317912667524, 0.06627867132257646, 0.016505238746216188], [0.6746468036449468, 0.18281212620827425, 0.03041277507145057, 0.034380435708339145, 0.06096042848996036, 0.016787430877028657], [0.43461015016585, 0.44121104178291104, 0.023368570981475767, 0.03125574597500346, 0.053002067625372115, 0.016552423469387754], [0.11313347380764618, 0.13571557672077728, 0.014417693476861991, 0.02764515457154238, 0.6933921246355106, 0.01569597678766163], [0.7856575688476001, 0.11603329379700769, 0.014576550312889644, 0.025060838779026685, 0.04340380035655039, 0.015267947906925573], [0.7923531308820739, 0.11203341366509884, 0.014665862981353257, 0.02384895185159707, 0.04169672371025597, 0.015401916909620991], [0.8218319550706911, 0.09096525204784076, 0.014681800932291208, 0.02000077199279486, 0.03709439612035411, 0.015425823836027917], [0.8128544293950345, 0.09647090669252907, 0.014535581198915511, 0.02156274503169819, 0.03936984344585836, 0.015206494235964374], [0.5739484687382531, 0.32995690663525795, 0.014590726926931486, 0.024344919769913605, 0.0418697651016555, 0.015289212827988338], [0.0860592812618634, 0.34904629930647607, 0.01365610197410812, 0.023142326141104508, 0.5134830029782554, 0.014612988338192419], [0.7681613731892014, 0.12895554524742042, 0.014496806858904277, 0.02807577319804694, 0.045162168780479454, 0.015148332725947521], [0.10557724272402695, 0.14540138588144588, 0.01461625539509974, 0.026783652402699316, 0.6917778688432059, 0.015843594753522112], [0.09683986626397197, 0.4223032585964826, 0.014565317373843858, 0.027483629320568678, 0.4230022028215502, 0.01580572562358277], [0.753337462465554, 0.14591172283737222, 0.015861133304939108, 0.023404458930249915, 0.044725912129359946, 0.01675931033252462], [0.5056459241824961, 0.39360326112043026, 0.015861133304939108, 0.023404458930249915, 0.044725912129359946, 0.01675931033252462], [0.7855002467587304, 0.11442347139212833, 0.015958655732006992, 0.022728255263557096, 0.044483776880450694, 0.01690559397312644], [0.7871406028752246, 0.11210858242770164, 0.015861133304939108, 0.02340445893024991, 0.044725912129359946, 0.016759310332524615], [0.7984032841419081, 0.10152043400895075, 0.015958655732006992, 0.022728255263557096, 0.044483776880450694, 0.01690559397312644], [0.8010787703173375, 0.08257627932189082, 0.03908305158273973, 0.018933000156465558, 0.04156958828904158, 0.01675931033252462], [0.8858467170571933, 0.0372087251196775, 0.01396095490047871, 0.015846165280927187, 0.03094679516250945, 0.01619064247921391]], [[0.8858467170571933, 0.0372087251196775, 0.01396095490047871, 0.015846165280927187, 0.03094679516250945, 0.01619064247921391], [0.08330659119426637, 0.13137043056627074, 0.06142309496474236, 0.024355038091405604, 0.6837812070817041, 0.015763638101610668], [0.1185384496901944, 0.46094097362584996, 0.014631545902969284, 0.029226921614127058, 0.3608071469079831, 0.015854962258876153], [0.4066662403304227, 0.446670926355853, 0.015691752247400156, 0.03698107179164686, 0.077484770528461, 0.016505238746216188], [0.6664029007434219, 0.17518080505185948, 0.01567643430828359, 0.037668230717173186, 0.08858936734172053, 0.01648226183754134], [0.1282641596833695, 0.14969054693352957, 0.0144554382232494, 0.02947303269653232, 0.6623927848937461, 0.015724037569573284], [0.37849840467190515, 0.1745077515662407, 0.01567643430828359, 0.037668230717173186, 0.37716691689885606, 0.01648226183754134], [0.16295597470017523, 0.13403270562868455, 0.0145809347150451, 0.04199091560483823, 0.6306221332428401, 0.0158173361084166], [0.4280505623173209, 0.15774132152715756, 0.014600866510800888, 0.03148914454916527, 0.3522859509839107, 0.01583215411164466], [0.663359752185358, 0.17987865067641284, 0.01573936205816786, 0.03926960316107708, 0.08517597845661619, 0.016576653462367745], [0.6935435165758295, 0.1610768250576267, 0.015755809083705795, 0.04048082163545312, 0.07254170364671017, 0.01660132400067465], [0.708327837207114, 0.1541307457406901, 0.015842743361549165, 0.035098462327284786, 0.06986848594592222, 0.016731725417439704], [0.6862395409999725, 0.16815401527943716, 0.015739362058167863, 0.03724941843478738, 0.07604100976526736, 0.01657665346236775], [0.6800912836699622, 0.17582627150665023, 0.015842743361549165, 0.036958914318812174, 0.07454906172558655, 0.016731725417439704], [0.6727711257211764, 0.18376828950537, 0.015772557889528832, 0.03571545089187983, 0.07534612878263587, 0.0166264472094092], [0.41359364970916296, 0.17738144604278883, 0.01925046970693374, 0.03621861897691627, 0.3367965052316735, 0.01675931033252462], [0.6579011118476182, 0.20072093423942772, 0.015842743361549165, 0.036958914318812174, 0.07184457081515302, 0.016731725417439704], [0.38440327854240397, 0.4814764386226618, 0.015824700398223184, 0.037824976558459324, 0.06376594490580102, 0.01670466097245073], [0.3831246111665249, 0.4831793150582231, 0.019477461584502684, 0.036958914318812174, 0.06052797245449729, 0.016731725417439704], [0.3947214645893595, 0.4661790264828056, 0.015691752247400156, 0.04294759262750232, 0.06395492530671608, 0.016505238746216188], [0.12648951613014073, 0.13394774812301624, 0.014450751434835419, 0.34047211515851317, 0.36891931590849975, 0.015720553244994682], [0.42379068161034067, 0.44745677687128566, 0.01997332897963478, 0.03922472144397892, 0.0530020676253721, 0.016552423469387754], [0.44285554134569394, 0.445518670166189, 0.01591848807887804, 0.028580322158558283, 0.05028163575724745, 0.016845342493433016], [0.7193941811390152, 0.158873175111588, 0.015739362058167863, 0.030399619556377037, 0.05901700867248408, 0.01657665346236775], [0.7785542460998348, 0.117661367486214, 0.014634924606003115, 0.026879019222486665, 0.04691493323886544, 0.01535550934659578], [0.5811579496461081, 0.32009924332751416, 0.014650240633404175, 0.02459882455315293, 0.04411525845212299, 0.015378483387697369], [0.7858843413509665, 0.11802103402254449, 0.014590726926931486, 0.024344919769913605, 0.0418697651016555, 0.015289212827988338], [0.0860592812618634, 0.32767423300518805, 0.01365610197410812, 0.023142326141104508, 0.5348550692795434, 0.014612988338192419], [0.5591175235030925, 0.34085136127831794, 0.014472091051528694, 0.025453889273808525, 0.044993875878368166, 0.015111259014884148], [0.08605928126186338, 0.5587258360007434, 0.013656101974108117, 0.023142326141104508, 0.30380346628398797, 0.014612988338192419], [0.5319193083879918, 0.35999570377822465, 0.014548984674474949, 0.02801593140420451, 0.050293472305800564, 0.01522659944930353], [0.41167948326897036, 0.46773606378984317, 0.01567643430828359, 0.03225319758011998, 0.05617255921524151, 0.01648226183754134], [0.11074183182986369, 0.15034825757594367, 0.014642407985194866, 0.02674328619366407, 0.681661178899644, 0.015863037515689647], [0.4367067858446276, 0.4447109170180386, 0.015755809083705795, 0.031277710752650054, 0.054947453300303234, 0.01660132400067465], [0.7618698042286808, 0.13737938107424552, 0.015861133304939108, 0.023404458930249915, 0.044725912129359946, 0.01675931033252462], [0.7823039362324335, 0.11761978191842525, 0.015958655732006992, 0.022728255263557096, 0.044483776880450694, 0.01690559397312644], [0.7832993742805828, 0.11662434387027586, 0.015958655732006992, 0.022728255263557096, 0.044483776880450694, 0.01690559397312644], [0.7876043862050588, 0.11164479909786751, 0.015861133304939108, 0.023404458930249915, 0.044725912129359946, 0.01675931033252462], [0.0746385292186202, 0.4018391387016356, 0.031828543462893315, 0.019320072771850647, 0.45676085372454217, 0.015612862120457939], [0.8858467170571933, 0.0372087251196775, 0.01396095490047871, 0.015846165280927187, 0.03094679516250945, 0.01619064247921391]], [[0.8858467170571933, 0.0372087251196775, 0.01396095490047871, 0.015846165280927187, 0.03094679516250945, 0.01619064247921391], [0.45703244225881656, 0.09396489343372767, 0.3594500851324316, 0.021267078464002772, 0.05167167246490351, 0.016613828246117873], [0.7095951975420463, 0.1511392095330997, 0.031276182361618186, 0.03110014104146709, 0.06021116711683061, 0.016678102404938184], [0.6919719832521829, 0.16124842222160968, 0.01977608200617813, 0.03548140344080985, 0.07487007341646947, 0.016652035662749948], [0.4250133303274598, 0.15788819939925922, 0.015861133304939108, 0.03822107361003629, 0.34625695302578086, 0.01675931033252462], [0.6678308609538786, 0.16254272560278724, 0.015755809083705795, 0.03843902837141139, 0.09883025198754218, 0.01660132400067465], [0.4029327181584198, 0.1598056319179775, 0.015772557889528832, 0.03792725652601365, 0.366935388298651, 0.0166264472094092], [0.6719675629760312, 0.16154040409852363, 0.015755809083705795, 0.03864837937242519, 0.09548652046863942, 0.01660132400067465], [0.6729201162560107, 0.17619425624315868, 0.015661380471565588, 0.03846608406322743, 0.08029848188357337, 0.01645968108246433], [0.27890552169228805, 0.534242449423775, 0.021029449598021027, 0.04373223400788219, 0.10421108739306158, 0.017879257884972168], [0.6838966562200609, 0.17546729117171833, 0.015739362058167863, 0.03724941843478738, 0.07107061865289761, 0.01657665346236775], [0.7050203331318631, 0.1604134209772235, 0.01567643430828359, 0.037082057343769, 0.06532549240131952, 0.01648226183754134], [0.13521322250930823, 0.14465295336993791, 0.014417693476861991, 0.034736022630928995, 0.6552841312253013, 0.01569597678766163], [0.6835106682594172, 0.18627215224290833, 0.015772557889528832, 0.03571545089187983, 0.06210272350685649, 0.0166264472094092], [0.4337968278089949, 0.4342655753512913, 0.015789616858422662, 0.03347894880768984, 0.06601699551085134, 0.016652035662749948], [0.6920076356535886, 0.17206514311177218, 0.01587988033460847, 0.03297238366704552, 0.0702875263559565, 0.016787430877028657], [0.6761004583014146, 0.1894559569748947, 0.015861133304939108, 0.03621861897691627, 0.06560452210931061, 0.01675931033252462], [0.3797976489619636, 0.488065394498785, 0.015755809083705795, 0.03641884364512168, 0.06336097980974925, 0.01660132400067465], [0.38497042091726064, 0.4771439248616977, 0.015772557889528832, 0.04338392561524716, 0.06210272350685649, 0.0166264472094092], [0.6765098538227449, 0.18191026043965342, 0.01587988033460847, 0.05027589205186458, 0.05863668247409996, 0.016787430877028657], [0.4017098419588247, 0.17506568866302408, 0.015691752247400156, 0.3203352206483719, 0.07069225773616288, 0.016505238746216188], [0.12250530240213299, 0.42507661170556865, 0.01454508857624488, 0.042852734633938884, 0.37922957586345407, 0.01579068681866052], [0.7076100947897539, 0.16667619967070846, 0.015723208729514535, 0.03584587584513333, 0.057592197495501984, 0.016552423469387754], [0.11527718882174524, 0.12924193778256526, 0.014549598480029137, 0.026886536551366753, 0.6982506987233558, 0.015794039640937656], [0.5488188132419757, 0.12481966020039363, 0.014548984674474949, 0.03503274273055051, 0.2615531997033017, 0.015226599449303529], [0.7721252671221631, 0.12384269641209593, 0.014634924606003116, 0.027841182125062383, 0.04620042038807963, 0.01535550934659578], [0.771587595119817, 0.13013498623482714, 0.014576550312889644, 0.025060838779026685, 0.043372081646514, 0.015267947906925573], [0.08366027778458789, 0.11945445254993962, 0.01365610197410812, 0.023621656904438695, 0.7449945224487332, 0.014612988338192419], [0.0860592812618634, 0.3306708615686369, 0.01365610197410812, 0.023142326141104508, 0.5318584407160946, 0.014612988338192419], [0.7289532159097079, 0.15191024066014125, 0.014484339593236948, 0.037328552782054845, 0.052194019227412534, 0.015129631827446529], [0.3070395422765326, 0.5755922945400134, 0.014472091051528694, 0.033435793710584125, 0.05434901940645688, 0.015111259014884148], [0.41062386916885224, 0.15661338310723827, 0.014653220694319423, 0.028572196453455698, 0.373666254509344, 0.015871076066790352], [0.38840519871028184, 0.49101034834853174, 0.015676434308283593, 0.032253197580119984, 0.056172559215241516, 0.01648226183754134], [0.10621353062600408, 0.42494823506192725, 0.0145809347150451, 0.02683816944858912, 0.41160179404001784, 0.015817336108416603], [0.10205430920026166, 0.1433541213202833, 0.014438995500001297, 0.0270572509240345, 0.6973835095889399, 0.01571181346647923], [0.7678935946871078, 0.13135559061581836, 0.015861133304939108, 0.02340445893024991, 0.044725912129359946, 0.016759310332524615], [0.5090663234331252, 0.3908573947177335, 0.015958655732006992, 0.022728255263557096, 0.044483776880450694, 0.01690559397312644], [0.7790938435824675, 0.12082987456839131, 0.015958655732006992, 0.022728255263557096, 0.044483776880450694, 0.01690559397312644], [0.7960267405860626, 0.08762830905316586, 0.03908305158273974, 0.018933000156465558, 0.04156958828904159, 0.01675931033252462], [0.8858467170571933, 0.0372087251196775, 0.01396095490047871, 0.015846165280927187, 0.03094679516250945, 0.01619064247921391]], [[0.8858467170571933, 0.0372087251196775, 0.01396095490047871, 0.015846165280927187, 0.03094679516250945, 0.01619064247921391], [0.7477994232909099, 0.09037724084108782, 0.07627983430700602, 0.023264696067587652, 0.04553335361104628, 0.016745451882362337], [0.7307785756676588, 0.1427014708012433, 0.023030670291518722, 0.03110014104146709, 0.05571103979317387, 0.016678102404938184], [0.4426547058295703, 0.12942907490975558, 0.014379368042068623, 0.029660655280991703, 0.368208711636201, 0.015667484301412873], [0.6967652061793885, 0.15311873780366453, 0.01569175224740016, 0.03698107179164687, 0.08093799323168373, 0.01650523874621619], [0.6850329983334185, 0.16480678705446966, 0.015772557889528832, 0.037717905524999845, 0.08004330398817389, 0.0166264472094092], [0.132711172904003, 0.46533225737015016, 0.014345346334706067, 0.028149742905888314, 0.343819289126618, 0.01564219135863445], [0.6780465739617578, 0.17122820443888223, 0.01567643430828359, 0.0391022420700587, 0.07946428338347612, 0.01648226183754134], [0.13390965614558978, 0.4754040590794253, 0.01449261537946557, 0.03245024135522495, 0.32799175165545474, 0.01575167638483965], [0.40037038359396454, 0.1732115403016742, 0.015617736995366328, 0.032814994918233545, 0.3615911283225959, 0.016394215868165446], [0.1390329087898955, 0.1569059223202517, 0.014611868650849489, 0.034366450504731874, 0.6392425162418648, 0.015840333492406593], [0.1676088049031152, 0.13371924537755736, 0.014653220694319425, 0.03402408547352654, 0.6341235674846911, 0.015871076066790352], [0.7044388349873432, 0.16300790526980843, 0.015646583965389767, 0.029365072266487713, 0.07110411718777031, 0.016437486323200606], [0.4357595631974603, 0.43952651556779654, 0.015789616858422662, 0.03347894880768984, 0.05879331990588077, 0.016652035662749948], [0.11523676151259822, 0.125394853076463, 0.014305895379269625, 0.02783016779607455, 0.7016194601151365, 0.015612862120457939], [0.705068038231181, 0.17932297487023285, 0.015806994686548153, 0.030111674284343623, 0.05301221552275608, 0.016678102404938187], [0.4282636813679281, 0.4470223973973287, 0.015789616858422662, 0.03347894880768984, 0.05879331990588077, 0.016652035662749948], [0.14053850953008915, 0.46579567136609384, 0.014438995500001299, 0.03561636495158503, 0.3278986451857515, 0.01571181346647923], [0.13308351125001128, 0.45639075279611446, 0.014438995500001297, 0.03329221753533883, 0.3470827094520548, 0.01571181346647923], [0.6658795110147551, 0.16759578284962004, 0.015772557889528832, 0.06451107546680616, 0.06961462556988075, 0.0166264472094092], [0.6647826068954473, 0.163713085221708, 0.015755809083705795, 0.057921015130322384, 0.08122615966814181, 0.01660132400067465], [0.13136241246890706, 0.15548946033403324, 0.01447641939061892, 0.03299319307345628, 0.649938879020142, 0.015739635712842422], [0.713440257971334, 0.14979725256575382, 0.015707341300483388, 0.040825046819880854, 0.06370147901670686, 0.016528622325841034], [0.13856062772815203, 0.12205272953085641, 0.014653220694319423, 0.030891344697699205, 0.6779710012821826, 0.015871076066790352], [0.5325046948351888, 0.13653195133500748, 0.01453558119891551, 0.24288036523155512, 0.058340913163368646, 0.015206494235964372], [0.5417701651031545, 0.34232058157936074, 0.014619905977192368, 0.03353015657037707, 0.05242620936653568, 0.015332981403379659], [0.5545012305275161, 0.34464215802281795, 0.014634924606003115, 0.027952843898042194, 0.042913333599024744, 0.01535550934659578], [0.3392858159404662, 0.560084634926779, 0.014562638682287835, 0.029076461988684986, 0.04174336800075906, 0.015247080461022858], [0.5159224237037628, 0.3639395839256796, 0.014484339593236948, 0.038330001722461614, 0.052194019227412534, 0.015129631827446529], [0.2994557161242631, 0.37163959682039727, 0.01453558119891551, 0.24639895699546785, 0.05276365462499185, 0.015206494235964372], [0.10573170350958803, 0.37748612863040626, 0.01365610197410812, 0.02735373617771583, 0.4611593413699892, 0.014612988338192419], [0.1428278562221665, 0.45760605856437053, 0.014653220694319423, 0.029903955603396662, 0.3391378328489565, 0.015871076066790352], [0.39203463975771197, 0.4813117393629271, 0.015789616858422662, 0.03292936724171483, 0.061282601116473455, 0.016652035662749948], [0.6737395753092345, 0.2062274117919206, 0.015723208729514535, 0.03300552952478701, 0.054751851175155665, 0.016552423469387754], [0.4369277543993047, 0.44739465098091674, 0.015824700398223184, 0.030918123813999332, 0.052230109435105455, 0.01670466097245073], [0.7102399405111683, 0.17547973090384786, 0.01593837106717687, 0.029375722269997996, 0.0520910682719275, 0.016875166975881258], [0.4955921535222979, 0.4036570317806284, 0.015861133304939108, 0.023404458930249915, 0.044725912129359946, 0.01675931033252462], [0.7693965749073645, 0.12985261039556184, 0.015861133304939108, 0.023404458930249915, 0.044725912129359946, 0.01675931033252462], [0.8124882478342563, 0.08363161959929881, 0.03080190256224804, 0.020857528673578152, 0.03531510735749232, 0.01690559397312644], [0.8858467170571933, 0.0372087251196775, 0.01396095490047871, 0.015846165280927187, 0.03094679516250945, 0.01619064247921391]], [[0.8858467170571933, 0.0372087251196775, 0.01396095490047871, 0.015846165280927187, 0.03094679516250945, 0.01619064247921391], [0.7557207491802278, 0.09224967144079115, 0.06589478394439421, 0.02407772514377462, 0.04538553014264865, 0.01667154014816352], [0.7160611857109838, 0.1516519845149808, 0.01587988033460847, 0.03860955652311905, 0.061009962039279234, 0.016787430877028657], [0.6932809705428685, 0.16713523526559343, 0.015691752247400156, 0.04105859832602619, 0.06632820487189534, 0.016505238746216188], [0.14268322367849826, 0.15169501688635306, 0.014379368042068623, 0.029628002430325123, 0.6459469046613421, 0.015667484301412873], [0.6979914550099254, 0.16524923206109668, 0.015772557889528832, 0.03792725652601365, 0.0664330513040261, 0.0166264472094092], [0.4074503517884091, 0.4527625450443157, 0.015755809083705795, 0.03843902837141139, 0.06899094171148326, 0.01660132400067465], [0.677510162783158, 0.18772177573383894, 0.015824700398223184, 0.03984516128474903, 0.06239353882758023, 0.01670466097245073], [0.671393625575307, 0.1783773597580883, 0.01567643430828359, 0.0391022420700587, 0.07896807645072096, 0.01648226183754134], [0.13976141376181841, 0.4658234536512684, 0.014524689788750107, 0.032364945660092764, 0.3317499755008439, 0.015775521637226318], [0.6935332752189367, 0.1533518764561485, 0.015646583965389767, 0.029365072266487713, 0.0916657057698367, 0.016437486323200606], [0.4554870047941827, 0.1396256624898568, 0.014653220694319423, 0.03402408547352653, 0.34033895048132407, 0.015871076066790352], [0.4505149890789884, 0.11977025888850114, 0.014611868650849489, 0.03280812375602395, 0.3664544261332303, 0.015840333492406593], [0.7233086092468847, 0.16120745067199993, 0.015723208729514535, 0.03130494155554233, 0.05190336632667082, 0.016552423469387754], [0.7225686400846904, 0.16630283811326066, 0.015824700398223184, 0.029217535844754644, 0.04938162458662061, 0.01670466097245073], [0.4618601041629808, 0.42673515522128014, 0.015898994953094873, 0.029565187776689136, 0.04912445508119666, 0.016816102804758266], [0.6949865676260375, 0.1727043277484527, 0.01587988033460847, 0.03576637576190718, 0.06387541765196558, 0.016787430877028657], [0.39636594863970087, 0.4420162107055999, 0.015772557889528832, 0.054154211222458344, 0.07506462433330276, 0.0166264472094092], [0.3870552874826761, 0.1739052695688146, 0.015772557889528832, 0.33511155478798377, 0.07152888306158747, 0.0166264472094092], [0.38482379192774635, 0.17190702012804346, 0.015755809083705795, 0.3303091099444788, 0.08060294491535072, 0.01660132400067465], [0.39376963705588214, 0.16547901208647864, 0.01582470039822318, 0.054177659118852965, 0.3540443303681123, 0.016704660972450727], [0.6714431326037975, 0.16556435791750432, 0.015755809083705795, 0.039856379216099073, 0.09077899717821863, 0.01660132400067465], [0.6949669754195694, 0.1613806474839673, 0.015772557889528832, 0.037123502933173465, 0.07412986906435173, 0.0166264472094092], [0.42012936005641055, 0.13432963498794695, 0.014653220694319423, 0.03161304651248757, 0.3834036616820451, 0.015871076066790352], [0.7367177668408078, 0.14254331272653795, 0.014522421422911696, 0.036040227642695634, 0.05498951679508823, 0.015186754571958654], [0.5366235319979398, 0.34481783262594357, 0.014605176168166444, 0.03598270570323538, 0.05265986681487395, 0.01531088668984077], [0.5341513932415927, 0.34558163347367393, 0.014619905977192368, 0.036354049917437466, 0.053960035986723935, 0.01533298140337966], [0.5221847799902197, 0.3562679248353021, 0.014548984674474949, 0.03911432348807305, 0.05265738756262655, 0.01522659944930353], [0.10821579550418214, 0.11642419087000741, 0.01365610197410812, 0.03155065804307602, 0.7155402652704338, 0.014612988338192419], [0.2950671357340925, 0.5775733738764163, 0.014460055527937107, 0.04429974855850384, 0.05350648057355345, 0.015093205729496767], [0.09919690678698212, 0.5818581705745464, 0.01365610197410812, 0.028054614813904442, 0.2626212175122664, 0.014612988338192419], [0.6568676953167548, 0.20706359049149398, 0.01567643430828359, 0.035134603474850284, 0.06877541457107576, 0.01648226183754134], [0.3873814962762775, 0.4795482706202454, 0.015691752247400156, 0.034429035592551845, 0.06644420651730876, 0.016505238746216188], [0.12340968641595071, 0.45955787123887587, 0.014487998837019159, 0.02943864674716027, 0.3573575524773916, 0.015748244283602435], [0.41868649936911034, 0.4612804877320447, 0.015723208729514535, 0.03300552952478701, 0.05475185117515566, 0.016552423469387754], [0.6997509675358067, 0.17561515575484046, 0.015739362058167863, 0.037469090041741565, 0.054848771147075634, 0.01657665346236775], [0.09577904617816413, 0.43897490345589146, 0.014631545902969284, 0.027372894672341712, 0.40738664753175724, 0.015854962258876153], [0.08324623520885183, 0.13960284036308335, 0.014508705165106665, 0.027109177004795107, 0.7197694041565523, 0.015763638101610668], [0.7857846703775424, 0.09787037926168615, 0.03908305158273974, 0.018933000156465558, 0.04156958828904159, 0.01675931033252462], [0.8858467170571933, 0.0372087251196775, 0.01396095490047871, 0.015846165280927187, 0.03094679516250945, 0.01619064247921391]], [[0.8858467170571933, 0.0372087251196775, 0.01396095490047871, 0.015846165280927187, 0.03094679516250945, 0.01619064247921391], [0.7013972842010294, 0.12335858389259038, 0.07700666572837482, 0.035767237102404224, 0.0458689050749264, 0.01660132400067465], [0.6871764715305057, 0.1622770696926157, 0.015861133304939108, 0.056303219218664956, 0.06162279592074998, 0.01675931033252462], [0.40450392133065594, 0.440099657090104, 0.015842743361549165, 0.056984948680698345, 0.0658370041195528, 0.016731725417439704], [0.6624072487359133, 0.1917093050012982, 0.015739362058167863, 0.04640371905237301, 0.06716371168987978, 0.01657665346236775], [0.6742946203646845, 0.18746214387370935, 0.015755809083705795, 0.03864837937242519, 0.06723772330480048, 0.01660132400067465], [0.6610589737446212, 0.2040042448435284, 0.015824700398223184, 0.03798470929322163, 0.06442271074795486, 0.01670466097245073], [0.26546945016331447, 0.5597978632938245, 0.021029449598021027, 0.04373223400788219, 0.09209174505198557, 0.017879257884972168], [0.6595461282127923, 0.19228168409061241, 0.015824700398223184, 0.03984516128474903, 0.07579766504117247, 0.01670466097245073], [0.40252888956846383, 0.4437811708040437, 0.01567643430828359, 0.0391022420700587, 0.08242900141160879, 0.01648226183754134], [0.6895883249908069, 0.1664654556558499, 0.01586113330493911, 0.03435816698538889, 0.07696760873049079, 0.01675931033252462], [0.40855624365127435, 0.1645675910915729, 0.01567643430828359, 0.035648045990883476, 0.3590694231204444, 0.01648226183754134], [0.6821807073142272, 0.15217313422691336, 0.015691752247400156, 0.034978617158526855, 0.09847055030671607, 0.016505238746216188], [0.16666453919497604, 0.12193280310811289, 0.014508705165106666, 0.033097010731563584, 0.6480333036986302, 0.015763638101610668], [0.7368776064004754, 0.1512236733396117, 0.015806994686548153, 0.030111674284343623, 0.04930194888408298, 0.016678102404938187], [0.7295189043341448, 0.14960347129768814, 0.01587988033460847, 0.033371259090507956, 0.05483905406602208, 0.016787430877028657], [0.7523587273635697, 0.1277476132121278, 0.014605176168166444, 0.03229241548492674, 0.05768518108136854, 0.01531088668984077], [0.5313404213506522, 0.1330465435915473, 0.014590726926931488, 0.03796855109760216, 0.26776454420527845, 0.015289212827988338], [0.51764243963639, 0.13678907814612826, 0.014522421422911696, 0.2517850500258441, 0.06407425619676724, 0.015186754571958654], [0.33417680494355545, 0.11095024718403566, 0.013618938004134698, 0.2661667990242936, 0.26050519526276605, 0.014582015581214513], [0.1926570895062555, 0.4282965551439388, 0.018665996112730808, 0.04107743152279583, 0.30311208223322944, 0.016190845481049564], [0.5199804502766123, 0.13934707094759227, 0.014509498759989036, 0.03166488800342205, 0.2793307214348097, 0.01516737057757466], [0.741644644133044, 0.13539342291165357, 0.014522421422911696, 0.031176783598052704, 0.062075973362379404, 0.015186754571958654], [0.12529955686591063, 0.11833332755716917, 0.01365610197410812, 0.03285592310478308, 0.6952421021598366, 0.014612988338192419], [0.7714398817319711, 0.12185477467563086, 0.01371370486116744, 0.029799354981437855, 0.04893680209767235, 0.014255481652120308], [0.6093967433696674, 0.2829395114639913, 0.013780598645708284, 0.032576451968903304, 0.04695087222279806, 0.014355822328931572], [0.4398477052352391, 0.11256819788765172, 0.013792498020842953, 0.20513206156329336, 0.21428586590133927, 0.014373671391633577], [0.5949608613398973, 0.11800964918796251, 0.01373518451675395, 0.20917101011104075, 0.04983559370884545, 0.014287701135500073], [0.24832338676901866, 0.46617929300616406, 0.013672986905359969, 0.2094724855801836, 0.048157443020864533, 0.014194404718409102], [0.4136119357620712, 0.30557946017090715, 0.01371370486116744, 0.20697989819417414, 0.04585951935955952, 0.014255481652120306], [0.15319681581979813, 0.7240152792663029, 0.01713670268107243, 0.03677382376130097, 0.05377903513419078, 0.015098343337334934], [0.6609141685107207, 0.20037410879033643, 0.015739362058167863, 0.03952996801361584, 0.0668